-0.0055722892284393 0.04740971326828 1.3008086681366 0.0010701159480959 -2.4268543711514e-05 3.058598279953 -2.6069250452565e-05
-0.0031857611611485 0.042419463396072 1.2941883802414 0.00096375006251037 -1.9495211745379e-05 3.0112042427063 7.9659599578008e-05
-0.0008231196552515 0.03737011551857 1.2875845432281 0.00099575554486364 -0.00025430283858441 2.9622137546539 -1.071628776117e-05
0.0015924647450447 0.032380297780037 1.2809779644012 0.00094583403551951 -0.00021358745289035 2.9148225784302 -2.4156348445104e-05
0.0039718523621559 0.027404010295868 1.2744100093842 0.00087869114940986 -0.00014790082059335 2.8664183616638 0.0001016244495986
0.0063565447926521 0.022403031587601 1.2678101062775 0.00087780045578256 -0.00041648771730252 2.8181474208832 2.4646877136547e-05
0.0087377391755581 0.017380803823471 1.2612079381943 0.00079950026702136 -0.0003778301179409 2.7702791690826 1.4923284652468e-05
0.011106461286545 0.012395858764648 1.2546155452728 0.00081366224912927 -0.00045650298125111 2.7218725681305 2.2750091375201e-06
0.013487234711647 0.0073630809783936 1.24800157547 0.00088886846788228 -0.00040902913315222 2.6732788085938 2.1646626464644e-06
0.015859067440033 0.0023760497570038 1.2414031028748 0.00092492415569723 -0.00051972223445773 2.6250576972961 3.3118631108664e-05
0.018253870308399 -0.0026496797800064 1.2347830533981 0.00087332510156557 -0.00048815589980222 2.5772142410278 2.4821032639011e-05
0.020642749965191 -0.0076437518000603 1.2282143831253 0.00067847780883312 -0.00058667053235695 2.5296821594238 1.2499267540989e-05
0.023037731647491 -0.012643471360207 1.2215955257416 0.00074893893906847 -0.00069129932671785 2.4811279773712 3.5882563679479e-05
0.025415830314159 -0.017664596438408 1.2149908542633 0.0008526443853043 -0.00074817478889599 2.4327931404114 4.231639104546e-05
0.027804307639599 -0.02266526222229 1.2083749771118 0.00081100006354973 -0.00062261783750728 2.3851342201233 4.277186235413e-05
0.030178353190422 -0.027688302099705 1.2017651796341 0.00075717910658568 -0.00063067435985431 2.3365650177002 7.2948561864905e-05
0.03257991373539 -0.032674644142389 1.1951590776443 0.00056250102352351 -0.00072150590131059 2.2895560264587 1.7312808267889e-05
0.03493894636631 -0.037671700119972 1.1885914802551 0.00063324207440019 -0.00052440684521571 2.2405292987823 -1.6443879076178e-06
0.037328146398067 -0.04268142580986 1.1819776296616 0.000596038706135 -0.00051214976701885 2.1925477981567 2.3282023903448e-05
0.039723411202431 -0.047696009278297 1.1753454208374 0.00044975883793086 -0.00051221065223217 2.1445956230164 5.0711048970697e-05
0.042110458016396 -0.052716925740242 1.1687759160995 0.00048976455582306 -0.0003170357667841 2.0964560508728 5.4540258133784e-05
0.044490218162537 -0.057700999081135 1.1621755361557 0.00024527328787372 -0.0001947921118699 2.0487830638885 3.1944553484209e-05
0.046870194375515 -0.062709599733353 1.1555619239807 7.1354374995281e-06 -0.00024765223497525 2.0003757476807 1.1823353815998e-05
0.04924264550209 -0.0677100867033 1.1489719152451 0.00026898723444901 -1.7625570762902e-05 1.9524151086807 1.9894116121577e-05
0.051634196192026 -0.072700284421444 1.1423757076263 0.00020594453962985 -0.00015069320215844 1.9043587446213 7.4762305303011e-05
0.054032254964113 -0.07772059738636 1.135764837265 0.00021480780560523 -0.00048915413208306 1.8568992614746 7.6585547503782e-06
0.056403789669275 -0.082702554762363 1.129176735878 0.00051540037384257 -0.0009991965489462 1.8084487915039 8.6938161985017e-05
0.058789137750864 -0.087710149586201 1.1225502490997 0.00062737724510953 -0.0017277750885114 1.7607389688492 1.0501340739211e-06
0.061159964650869 -0.092734068632126 1.115954041481 0.00059047323884442 -0.00258530350402 1.7124452590942 3.8371224945877e-05
0.063569352030754 -0.097769349813461 1.1093397140503 0.00062292953953147 -0.0028835239354521 1.6651519536972 3.2662297599018e-05
0.065939202904701 -0.10276909172535 1.1027245521545 0.00070602633059025 -0.0029136268422008 1.616890668869 4.472066211747e-05
0.068313352763653 -0.10775620490313 1.0960967540741 0.00059832411352545 -0.0027672750875354 1.5686993598938 3.4004508052021e-05
0.070719018578529 -0.11279195547104 1.0894967317581 0.00046071544056758 -0.0025801286101341 1.5207651853561 5.7066812587436e-05
0.073088265955448 -0.11776149272919 1.0829099416733 0.00030416419031098 -0.0023751510307193 1.4719865322113 0.00011992049257969
0.075451731681824 -0.1227513551712 1.0763429403305 0.00011357762559783 -0.0022138836793602 1.4243657588959 8.7184096628334e-05
0.077858068048954 -0.12777730822563 1.0697226524353 -2.030974792433e-05 -0.0021547488868237 1.3767461776733 2.1378375095082e-05
0.080241955816746 -0.13279069960117 1.0631107091904 7.358373113675e-05 -0.0021155930589885 1.3287963867188 6.3354777921631e-06
0.082614719867706 -0.13776722550392 1.0564947128296 4.1730207158253e-05 -0.0020476051140577 1.2803602218628 2.669551577128e-05
0.08499750494957 -0.14278331398964 1.0499633550644 -0.00019713419897016 -0.001838363124989 1.2325556278229 -1.5655814422644e-05
0.087376102805138 -0.14775663614273 1.0433427095413 -0.0002642061735969 -0.0019238609820604 1.1844439506531 -1.428585164831e-06
0.089758083224297 -0.15279491245747 1.0366590023041 -0.00030640000477433 -0.0017923498526216 1.1366400718689 3.0843486456433e-05
0.092160455882549 -0.15780955553055 1.0300369262695 -0.00041267473716289 -0.0018070155056193 1.0884593725204 -8.8433962446288e-06
0.094538606703281 -0.16280536353588 1.0234565734863 -0.00061869557248428 -0.0018728136783466 1.040794968605 -1.9200759197702e-05
0.096924439072609 -0.1677954941988 1.0169155597687 -0.00064467691117898 -0.0018657717155293 0.9925644993782 2.5664252461866e-05
0.099300488829613 -0.17281594872475 1.0102272033691 -0.00068965274840593 -0.0017624681349844 0.94479966163635 2.1423047655844e-05
0.10169342160225 -0.17782789468765 1.0036327838898 -0.00080159003846347 -0.0018186441157013 0.89721125364304 0.00013423916243482
0.1040608137846 -0.18282848596573 0.9970623254776 -0.0010879841865972 -0.0017081168480217 0.8486499786377 4.1400751797482e-05
0.10645166039467 -0.18783855438232 0.990454018116 -0.0011792940786108 -0.0017094371141866 0.80162632465363 2.7755331757362e-05
0.10883462429047 -0.19284379482269 0.98378676176071 -0.0013805559137836 -0.001967916963622 0.75322198867798 9.5898985819076e-06
0.11122983694077 -0.19783064723015 0.97720110416412 -0.0016949620330706 -0.0019462183117867 0.70546174049377 -3.5920296795666e-05
0.1135950833559 -0.20285251736641 0.9705970287323 -0.0020749466493726 -0.0021105515770614 0.657974421978 -2.9641219043697e-06
0.11599113047123 -0.20785114169121 0.96394973993301 -0.0026744387578219 -0.0024741820525378 0.60978323221207 0.00010275781096425
0.11836214363575 -0.2128518819809 0.9574226140976 -0.0037266244180501 -0.0028089336119592 0.56222367286682 -3.6075570619687e-07
0.12076553702354 -0.21785879135132 0.95071053504944 -0.0052048922516406 -0.0033322959206998 0.51439362764359 7.1893773565535e-05
0.11658497154713 -0.21052971482277 0.94970715045929 0.0067681260406971 0.004050322342664 0.50294065475464 -0.0069567621685565
0.1112987101078 -0.20094329118729 0.94969010353088 0.0050651291385293 0.0028299472760409 0.50400471687317 -0.013279464095831
0.10597361624241 -0.19131523370743 0.94981300830841 0.0035161883570254 0.0020919090602547 0.50384110212326 -0.019707877188921
0.10067790746689 -0.18172881007195 0.94992965459824 0.0029020179063082 0.0017936654621735 0.50525724887848 -0.026029208675027
0.095353722572327 -0.17211559414864 0.94977962970734 0.0025245079305023 0.0016155357006937 0.50506561994553 -0.032303463667631
0.090039655566216 -0.16250368952751 0.94983005523682 0.0022435917053372 0.0012468830682337 0.50467121601105 -0.038602534681559
0.084723919630051 -0.15293297171593 0.9497737288475 0.0021077843848616 0.0012252953602001 0.50498348474503 -0.045108318328857
0.079409003257751 -0.14332416653633 0.9498016834259 0.0018637212924659 0.0012190729612485 0.5049746632576 -0.05158432200551
0.074101179838181 -0.13371947407722 0.94984930753708 0.0016469405964017 0.0010296030668542 0.50533330440521 -0.057819996029139
0.068777456879616 -0.12410779297352 0.94988179206848 0.0015721857780591 0.00088663643691689 0.50506734848022 -0.06421560049057
0.063455358147621 -0.11451670527458 0.94987440109253 0.0015158522874117 0.00086368573829532 0.50515991449356 -0.070488840341568
0.058154314756393 -0.10492876172066 0.9498838186264 0.0011975223897025 0.00081840198254213 0.50542438030243 -0.076836071908474
0.052842646837234 -0.095328614115715 0.94983965158463 0.0013552209129557 0.00082837522495538 0.50554120540619 -0.083141542971134
0.047549113631248 -0.085744619369507 0.94990772008896 0.0014750467380509 0.00076382409315556 0.50566381216049 -0.089452274143696
0.043635688722134 -0.078732818365097 0.96219277381897 -0.00082685094093904 -0.0007422678754665 0.50604730844498 -0.091740295290947
0.043637156486511 -0.078766539692879 1.0101310014725 -0.0011482745176181 -0.0011161273578182 0.5067902803421 -0.090969063341618
0.043613851070404 -0.078781813383102 1.0581232309341 -0.0018583893543109 -0.0015361980767921 0.50678324699402 -0.090205140411854
0.043634757399559 -0.078786760568619 1.1061379909515 -0.0015090543311089 -0.001653993036598 0.50681006908417 -0.089661344885826
0.043637000024319 -0.078774973750114 1.1542171239853 -0.0018171378178522 -0.0017345376545563 0.50666522979736 -0.089141972362995
0.043643683195114 -0.078799068927765 1.2022198438644 -0.0025015198625624 -0.0017735257279128 0.50759959220886 -0.088574342429638
