0.049235675483942 0.22222277522087 -1.7499144077301 -1.6147773265839 -1.4384636878967 8.2213213318028e-05 -2.6069250452565e-05
0.075808852910995 0.21500489115715 -1.7612743377686 -1.5963037014008 -1.3640179634094 0.0001866405364126 7.9659599578008e-05
0.10148224234581 0.2060327231884 -1.7711746692657 -1.577404499054 -1.2901418209076 0.00032969168387353 -1.071628776117e-05
0.12589105963707 0.19530960917473 -1.7796192169189 -1.558251619339 -1.2176129817963 0.00036163977347314 -2.4156348445104e-05
0.14905628561974 0.18302008509636 -1.7865872383118 -1.5389199256897 -1.1466491222382 0.00043936423026025 0.0001016244495986
0.17099317908287 0.168879956007 -1.7919960021973 -1.519433259964 -1.0763273239136 0.0005833690520376 2.4646877136547e-05
0.19151768088341 0.15309092402458 -1.795832157135 -1.4998769760132 -1.007705450058 0.00065394095145166 1.4923284652468e-05
0.21066364645958 0.13581129908562 -1.7981188297272 -1.4803583621979 -0.94039630889893 0.00070686987601221 2.2750091375201e-06
0.22847685217857 0.11692520976067 -1.798736333847 -1.4609758853912 -0.87419772148132 0.00088377646170557 2.1646626464644e-06
0.24483618140221 0.096728771924973 -1.7978565692902 -1.4417178630829 -0.80974411964417 0.00096150091849267 3.3118631108664e-05
0.25980457663536 0.075180500745773 -1.7953746318817 -1.4227573871613 -0.74691128730774 0.0011050289031118 2.4821032639011e-05
0.27348455786705 0.052464932203293 -1.7912344932556 -1.4042046070099 -0.68510890007019 0.0012585704680532 1.2499267540989e-05
0.28592857718468 0.028595417737961 -1.7855250835419 -1.3861765861511 -0.62439203262329 0.0013444011565298 3.5882563679479e-05
0.29708942770958 0.0036506354808807 -1.7781991958618 -1.3686695098877 -0.56504845619202 0.001523215090856 4.231639104546e-05
0.30701860785484 -0.022173672914505 -1.7693948745728 -1.3518586158752 -0.50721263885498 0.0015713756438345 4.277186235413e-05
0.31584343314171 -0.048812180757523 -1.7590172290802 -1.3357243537903 -0.45030546188354 0.0017573421355337 7.2948561864905e-05
0.3236001431942 -0.076166421175003 -1.7471318244934 -1.3204271793365 -0.3944776058197 0.0020496433135122 1.7312808267889e-05
0.33031591773033 -0.10415056347847 -1.733699798584 -1.3059651851654 -0.33961510658264 0.0020806377287954 -1.6443879076178e-06
0.33607324957848 -0.13264730572701 -1.7189033031464 -1.2923047542572 -0.28585171699524 0.0021678989287466 2.3282023903448e-05
0.34093317389488 -0.16173747181892 -1.7026760578156 -1.2794501781464 -0.23294448852539 0.0022174899931997 5.0711048970697e-05
0.34493145346642 -0.19106820225716 -1.685054063797 -1.2675533294678 -0.18093085289001 0.0019938533660024 5.4540258133784e-05
0.34812054038048 -0.22070553898811 -1.6662538051605 -1.2561850547791 -0.12982559204102 0.0015980785246938 3.1944553484209e-05
0.35056719183922 -0.25071480870247 -1.6461374759674 -1.2454702854156 -0.079009771347046 0.00073357275687158 1.1823353815998e-05
0.35231623053551 -0.28060510754585 -1.6249792575836 -1.235267162323 -0.029499292373657 -0.00070885964669287 1.9894116121577e-05
0.35339865088463 -0.31065133213997 -1.6027116775513 -1.2253646850586 0.019742250442505 -0.002814810955897 7.4762305303011e-05
0.35388121008873 -0.34071591496468 -1.5793752670288 -1.2160451412201 0.068180799484253 -0.0054998807609081 7.6585547503782e-06
0.35378393530846 -0.370750695467 -1.5548946857452 -1.2075614929199 0.1161425113678 -0.0082536153495312 8.6938161985017e-05
0.35315355658531 -0.40110066533089 -1.5292084217072 -1.2007613182068 0.16333794593811 -0.01056007668376 1.0501340739211e-06
0.35201916098595 -0.43166449666023 -1.5019686222076 -1.1962201595306 0.21013331413269 -0.011644881218672 3.8371224945877e-05
0.35045990347862 -0.46265628933907 -1.4733567237854 -1.194233417511 0.25630402565002 -0.011175911873579 3.2662297599018e-05
0.3484271466732 -0.49407961964607 -1.4432034492493 -1.1944789886475 0.3025906085968 -0.009797852486372 4.472066211747e-05
0.34602007269859 -0.52557969093323 -1.4119513034821 -1.196085691452 0.34829783439636 -0.0078528337180614 3.4004508052021e-05
0.34329542517662 -0.55702304840088 -1.3798451423645 -1.1984205245972 0.39326500892639 -0.0061924867331982 5.7066812587436e-05
0.340137809515 -0.58855843544006 -1.346617937088 -1.2012822628021 0.43860363960266 -0.0050812177360058 0.00011992049257969
0.33673033118248 -0.61977577209473 -1.3127737045288 -1.2046060562134 0.4830048084259 -0.0042639188468456 8.7184096628334e-05
0.33304771780968 -0.6511561870575 -1.2779064178467 -1.2086777687073 0.52713942527771 -0.0036592893302441 2.1378375095082e-05
0.32908949255943 -0.68253374099731 -1.2420470714569 -1.2135322093964 0.57116150856018 -0.003213208168745 6.3354777921631e-06
0.32484945654869 -0.71403169631958 -1.2051706314087 -1.2193071842194 0.61512446403503 -0.0029547624289989 2.669551577128e-05
0.320446819067 -0.74544453620911 -1.167359828949 -1.2259268760681 0.6584484577179 -0.002654355019331 -1.5655814422644e-05
0.31578907370567 -0.77713465690613 -1.1284115314484 -1.233256816864 0.70193409919739 -0.0024819783866405 -1.428585164831e-06
0.31096777319908 -0.80912160873413 -1.088344335556 -1.2416934967041 0.74515843391418 -0.0022333078086376 3.0843486456433e-05
0.30597576498985 -0.84125351905823 -1.0470943450928 -1.2508919239044 0.78839421272278 -0.0020785741508007 -8.8433962446288e-06
0.30089125037193 -0.873366355896 -1.0049786567688 -1.2610161304474 0.83083558082581 -0.0019090585410595 -1.9200759197702e-05
0.29560741782188 -0.90581393241882 -0.96119213104248 -1.2721757888794 0.87371802330017 -0.0018792562186718 2.5664252461866e-05
0.29027256369591 -0.93887114524841 -0.91615653038025 -1.2843289375305 0.91620516777039 -0.0017497949302197 2.1423047655844e-05
0.28481563925743 -0.97235178947449 -0.86950874328613 -1.2975606918335 0.95851302146912 -0.001666110008955 0.00013423916243482
0.2792132794857 -1.006294965744 -0.82096672058105 -1.3120882511139 1.001195192337 -0.0015802793204784 4.1400751797482e-05
0.27364096045494 -1.0409162044525 -0.7706151008606 -1.327755689621 1.0430648326874 -0.0014720372855663 2.7755331757362e-05
0.26794275641441 -1.0766673088074 -0.71763634681702 -1.3448419570923 1.0855033397675 -0.0014577321708202 9.5898985819076e-06
0.26222929358482 -1.1132822036743 -0.66191577911377 -1.3636252880096 1.127635717392 -0.0015113763511181 -3.5920296795666e-05
0.25647339224815 -1.1515505313873 -0.60250663757324 -1.3844449520111 1.1696083545685 -0.0016041211783886 -2.9641219043697e-06
0.25068506598473 -1.1917426586151 -0.53842878341675 -1.4077198505402 1.2117140293121 -0.00167540833354 0.00010275781096425
0.24493107199669 -1.2345433235168 -0.46816158294678 -1.4340977668762 1.2536203861237 -0.001837532967329 -3.6075570619687e-07
0.23917469382286 -1.2818763256073 -0.38860630989075 -1.4647345542908 1.2954432964325 -0.0020759515464306 7.1893773565535e-05
0.23444971442223 -1.2508084774017 -0.45887565612793 -1.4402167797089 1.3026301860809 0.0024711675941944 -0.0069567621685565
0.23085102438927 -1.2012193202972 -0.55937433242798 -1.3871948719025 1.2979547977448 0.0018021650612354 -0.013279464095831
0.22704014182091 -1.1589159965515 -0.64409780502319 -1.3430268764496 1.2938506603241 0.0014140196144581 -0.019707877188921
0.22322353720665 -1.1216375827789 -0.71856427192688 -1.3049216270447 1.2892463207245 0.001280028373003 -0.026029208675027
0.21915039420128 -1.0883255004883 -0.78584504127502 -1.2705745697021 1.2850925922394 0.0011002607643604 -0.032303463667631
0.214978069067 -1.0572772026062 -0.84778690338135 -1.2392823696136 1.2807371616364 0.0010091848671436 -0.038602534681559
0.2106908261776 -1.0283665657043 -0.90554714202881 -1.2102615833282 1.2763092517853 0.00096674636006355 -0.045108318328857
0.20624765753746 -1.0009953975677 -0.9598400592804 -1.1830713748932 1.2719695568085 0.00086947157979012 -0.05158432200551
0.20172724127769 -0.9749915599823 -1.0113918781281 -1.1573553085327 1.2672765254974 0.0007607527077198 -0.057819996029139
0.1970394551754 -0.95001077651978 -1.0604572296143 -1.132972240448 1.2625844478607 0.00072117522358894 -0.06421560049057
0.19222292304039 -0.92624855041504 -1.1073195934296 -1.109815120697 1.2576172351837 0.00069542601704597 -0.070488840341568
0.18725284934044 -0.90341091156006 -1.1522586345673 -1.0876188278198 1.25270819664 0.00068636611104012 -0.076836071908474
0.18215116858482 -0.88134479522705 -1.1956133842468 -1.0663812160492 1.2475011348724 0.0006539411842823 -0.083141542971134
0.17686781287193 -0.85985112190247 -1.2374169826508 -1.045905828476 1.2423508167267 0.00059433653950691 -0.089452274143696
0.17306980490685 -0.82839274406433 -1.2612321376801 -1.0514585971832 1.2373483181 -0.00058345124125481 -0.091740295290947
0.17303881049156 -0.77388596534729 -1.2258033752441 -1.1407563686371 1.2374651432037 -0.0008566789329052 -0.090969063341618
0.17306312918663 -0.72870802879333 -1.1749398708344 -1.2362885475159 1.2372796535492 -0.00094703957438469 -0.090205140411854
0.17307552695274 -0.69417810440063 -1.1074476242065 -1.3383007049561 1.2373435497284 -0.0010602883994579 -0.089661344885826
0.17312559485435 -0.67132925987244 -1.0214815139771 -1.4467570781708 1.2370603084564 -0.0011232309043407 -0.089141972362995
0.17321953177452 -0.66227269172668 -0.9135468006134 -1.5630943775177 1.2367150783539 -0.0012226514518261 -0.088574342429638
