6.1511923377111e-07 5.5715101865417e-08 0.91483908891678
5.9448893807712e-07 3.2144819783753e-07 0.91483902931213
5.5984526170505e-07 -1.1973483537986e-07 0.91483891010284
4.7374544465129e-07 -1.4883561050283e-07 0.91483896970749
2.9958192726554e-07 -5.4654640280205e-07 0.91483908891678
1.7898547355344e-07 -1.1785301978762e-07 0.91483908891678
5.1141256562914e-07 -2.8445586508496e-07 0.91483920812607
4.5621922595274e-07 -2.3641852919809e-07 0.91483944654465
7.4209509648426e-07 -5.6689526672926e-07 0.91483974456787
9.4108486337063e-07 -8.2250812738494e-07 0.91483956575394
1.0297209200871e-06 -1.1986412573606e-06 0.91483986377716
9.892760317598e-07 -1.4789427495998e-06 0.91483986377716
7.7943332144059e-07 -1.030869952956e-06 0.91484004259109
5.9099681948283e-07 -6.5420158534835e-07 0.91484016180038
5.6644893220437e-07 -1.0779629064928e-06 0.91484022140503
8.4836739233651e-07 -1.5488022881982e-06 0.91484022140503
3.0844091725157e-07 -1.8549791320766e-06 0.91484028100967
1.433251668459e-07 -1.9613166841737e-06 0.91484028100967
3.8998547324809e-07 -1.9912190509785e-06 0.91484034061432
1.5851185253268e-07 -1.6416009884779e-06 0.91484040021896
-9.1855675066199e-08 -1.5541099855909e-06 0.91484045982361
-6.6339673310267e-08 -1.7084956880353e-06 0.91484034061432
-2.0061186489784e-07 -1.637386958464e-06 0.91484022140503
-3.6449034723773e-07 -1.0787407518364e-06 0.91484010219574
-6.0579719729503e-07 -7.1916662136573e-07 0.91484040021896
-5.095185429127e-07 -6.0880546470798e-07 0.91484051942825
-5.1959580105176e-07 -2.0955586421678e-07 0.91484069824219
-8.6633099272149e-07 -4.4577393509826e-07 0.91484063863754
-9.7862448455999e-07 5.2362723046429e-09 0.91484081745148
-1.1110765854028e-06 2.8420494402326e-08 0.91484081745148
-1.2851668316216e-06 2.023432266185e-08 0.91484105587006
-1.337047706329e-06 -4.9553769088106e-08 0.91484117507935
-1.1592105693126e-06 3.154994203669e-07 0.9148411154747
-1.2450639133021e-06 3.3566550428077e-07 0.91484129428864
-1.3325633290151e-06 -8.752497393516e-08 0.91484141349792
-8.3501896597227e-07 -6.2574491721534e-07 0.91484159231186
-1.1656600236165e-06 -8.844122589835e-07 0.9148416519165
-1.0659103963917e-06 -6.3008394590724e-07 0.9148416519165
-1.2221946690261e-06 1.133076352744e-07 0.91484183073044
-1.2819784842577e-06 3.2123884352586e-07 0.91484147310257
-1.1609092780418e-06 7.2564154152133e-07 0.9148411154747
-6.0407012369978e-07 6.1306928955673e-07 0.91484123468399
-1.7018055586959e-07 2.6937138386529e-07 0.91484135389328
2.4238138962573e-07 2.647225585406e-07 0.91484141349792
1.6042652362103e-07 3.4422438943693e-07 0.91484147310257
8.9564302641065e-08 3.3831977930276e-07 0.91484141349792
3.6162691685604e-07 2.5796865088523e-07 0.91484141349792
3.641433465873e-07 2.0823921431656e-07 0.91484147310257
-3.4801268533613e-09 1.9421327124292e-07 0.91484135389328
3.9373276194965e-08 8.3426428432176e-08 0.91484147310257
-6.1376260873658e-07 2.6555133558759e-07 0.91484141349792
-8.3500367509259e-07 -1.4264688275034e-07 0.91484141349792
-3.3184844028256e-07 3.0781720283812e-07 0.91484129428864
-6.1133420103943e-07 3.4712599017439e-07 0.91484129428864
-7.0813410957271e-07 4.6782699314463e-07 0.91484129428864
-6.3533377669955e-07 5.3733214144813e-07 0.91484135389328
-9.7446354629938e-07 6.7311924567548e-07 0.91484135389328
-8.2643936138993e-07 6.7755178179141e-07 0.91484141349792
-7.586294259454e-07 6.2562230596086e-07 0.91484141349792
-1.4193666402207e-06 5.2317233212307e-07 0.91484129428864
-1.6371941455873e-06 6.374671102094e-07 0.91484135389328
-1.4315320413516e-06 6.6019316591337e-07 0.91484141349792
-1.075830937225e-06 4.7289807980633e-07 0.91484135389328
-1.2658964578804e-06 6.0089399767094e-07 0.91484135389328
-1.4977215414547e-06 2.9089858344378e-07 0.91484117507935
-2.0036343357788e-06 2.1841616160145e-07 0.91484117507935
-2.1259236291371e-06 4.6033920853006e-07 0.91484123468399
-0.00024166237562895 0.00045468503958546 0.91509169340134
-0.0031409615185112 0.0059456080198288 0.92408335208893
-0.0034147556871176 0.0067915474064648 0.97071808576584
-0.0038519506342709 0.0072829029522836 1.0175797939301
-0.0040233726613224 0.0079108690842986 1.0642998218536
-0.0041946824640036 0.0081894379109144 1.111363530159
-0.0043373219668865 0.0087770037353039 1.1582262516022
