-0.022291358560324 0.074451625347137 1.2733817100525 0.0029185474850237 0.00041242118459195 -3.0892064571381 -2.0818079065066e-05
-0.02897185087204 0.084033414721489 1.2517651319504 0.0029950751923025 0.00030903867445886 -3.0597784519196 0.00011719507165253
-0.035605110228062 0.093654721975327 1.2301720380783 0.0028731387574226 0.00054720893967897 -3.0292937755585 5.1606191846076e-05
-0.042235936969519 0.10324046015739 1.2085658311844 0.0029629950877279 0.00079170928802341 -2.999347448349 2.6752521080198e-05
-0.048863016068935 0.11286354064941 1.186959862709 0.0029835000168532 0.0010956940241158 -2.9679863452911 -5.6213219068013e-05
-0.055515393614769 0.1224619448185 1.1653434038162 0.0032343142665923 0.0011610698420554 -2.9384846687317 9.486995259067e-05
-0.062184520065784 0.13205011188984 1.1437423229218 0.0035037938505411 0.0012299623340368 -2.9076354503632 4.4946413254365e-05
-0.068842336535454 0.14165255427361 1.1221432685852 0.0036520957946777 0.0016860206378624 -2.8780372142792 -4.0805662138155e-05
-0.075477793812752 0.15124335885048 1.1005331277847 0.0041075199842453 0.0019372176611796 -2.8475844860077 2.9125483706594e-05
-0.082116857171059 0.16085320711136 1.0789202451706 0.0044912458397448 0.002305593341589 -2.8171236515045 0.00011147893383168
-0.088765397667885 0.17045125365257 1.057311296463 0.0048785298131406 0.0027255823370069 -2.7865989208221 2.3003676687949e-05
-0.095382958650589 0.18006385862827 1.0357114076614 0.0054236627183855 0.0032247470226139 -2.7552700042725 8.2418438978493e-05
-0.1020555794239 0.18965785205364 1.0141079425812 0.0061162710189819 0.0036523179151118 -2.7253079414368 -4.6851066144882e-05
-0.10870361328125 0.19925470650196 0.99248307943344 0.0067968280054629 0.0042067370377481 -2.6945517063141 2.4318565920112e-05
-0.1153239607811 0.20885565876961 0.97087854146957 0.0073615345172584 0.0047258082777262 -2.6637003421783 0.00010652578203008
-0.1213885396719 0.21753515303135 0.95043152570724 0.0074420035816729 0.0050903521478176 -2.6340734958649 -0.0023503091651946
-0.11631542444229 0.20840063691139 0.94997477531433 0.0034786006435752 0.002521600574255 -2.6306986808777 -0.0083658127114177
-0.11095716059208 0.19880153238773 0.94998335838318 0.0013774127000943 0.00093688716879115 -2.6312205791473 -0.014698579907417
-0.10559098422527 0.18918813765049 0.94996929168701 0.00050622870912775 0.00029653846286237 -2.6307768821716 -0.020692529156804
-0.10024450719357 0.17961478233337 0.9499796628952 0.00011805006943177 -9.544213389745e-05 -2.6310091018677 -0.026979327201843
-0.094892039895058 0.16999314725399 0.9499728679657 -9.1456349764485e-06 -0.00020094090723433 -2.6305711269379 -0.033620022237301
-0.089542597532272 0.16040122509003 0.94996809959412 -0.00010518768249312 -0.0002674889692571 -2.6309237480164 -0.040433298796415
-0.084186404943466 0.15080009400845 0.94997835159302 -0.00025970020215027 -0.00022728939075023 -2.6304614543915 -0.047119069844484
-0.078841418027878 0.14119765162468 0.94997537136078 -0.0002369277208345 -0.0002690551627893 -2.6310484409332 -0.053644068539143
-0.073473528027534 0.13160307705402 0.94996511936188 -0.00027101938030683 -0.00034238855005242 -2.6308658123016 -0.060090560466051
-0.068114191293716 0.12199854105711 0.94997042417526 -0.00035965599818155 -0.00035638498957269 -2.6307094097137 -0.066452644765377
-0.062761947512627 0.11239483207464 0.94996494054794 -0.00044086572597735 -0.00031364557798952 -2.6310722827911 -0.072811596095562
-0.057407155632973 0.10280069708824 0.94996237754822 -0.00053619482787326 -0.00043047987855971 -2.6306343078613 -0.079090066254139
-0.052051924169064 0.093202851712704 0.94996362924576 -0.00051980867283419 -0.0004988040891476 -2.6305284500122 -0.085433751344681
-0.046716213226318 0.083609722554684 0.94999223947525 -0.0010776096023619 -0.000402456644224 -2.630931854248 -0.091020159423351
-0.043872937560081 0.0786022990942 0.97106039524078 -0.0075587136670947 -0.0054944572038949 -2.6323394775391 -0.092903435230255
-0.04389239102602 0.078578628599644 1.0190057754517 -0.0092216590419412 -0.007866233587265 -2.632266998291 -0.091791868209839
-0.043879710137844 0.078541405498981 1.0669741630554 -0.0090775489807129 -0.0073690614663064 -2.6329717636108 -0.090965494513512
-0.043878518044949 0.078560315072536 1.1150116920471 -0.008539074100554 -0.0070403865538538 -2.6323063373566 -0.090314634144306
-0.043886981904507 0.078572563827038 1.162996172905 -0.0086278961971402 -0.0064491112716496 -2.6328482627869 -0.089684702455997
-0.043898642063141 0.078545071184635 1.2109967470169 -0.007761821616441 -0.0066651240922511 -2.6324987411499 -0.089805036783218
