-0.06715527176857 0.2569508254528 -1.8450434207916 -1.5563633441925 -1.6900045871735 -0.00043372460640967 -2.0818079065066e-05
-0.10681095719337 0.26452967524529 -1.9056661128998 -1.5034327507019 -1.7596578598022 -0.00061969109810889 0.00011719507165253
-0.14815774559975 0.26750275492668 -1.9631361961365 -1.4489531517029 -1.8312969207764 -0.00093750306405127 5.1606191846076e-05
-0.19084563851357 0.26547572016716 -2.0174007415771 -1.3928430080414 -1.9040577411652 -0.0013182575348765 2.6752521080198e-05
-0.23508587479591 0.25800558924675 -2.0683841705322 -1.3345808982849 -1.9786677360535 -0.0017061645630747 -5.6213219068013e-05
-0.28032460808754 0.24488064646721 -2.1160876750946 -1.2741131782532 -2.0543138980865 -0.0021727497223765 9.486995259067e-05
-0.32644048333168 0.22568556666374 -2.1601960659027 -1.2112963199615 -2.1307594776154 -0.0026653225068003 4.4946413254365e-05
-0.37307825684547 0.200289696455 -2.200731754303 -1.1459882259369 -2.2074835300446 -0.0034304077271372 -4.0805662138155e-05
-0.42018762230873 0.16820093989372 -2.2372372150421 -1.0783619880676 -2.2851648330688 -0.0044038705527782 2.9125483706594e-05
-0.46732226014137 0.12953326106071 -2.2696323394775 -1.0084459781647 -2.3627996444702 -0.0056925229728222 0.00011147893383168
-0.51421177387238 0.084288567304611 -2.2975590229034 -0.936847448349 -2.4400737285614 -0.0073337964713573 2.3003676687949e-05
-0.56075751781464 0.032614201307297 -2.320677280426 -0.86409902572632 -2.517477273941 -0.0094659738242626 8.2418438978493e-05
-0.60655534267426 -0.024944096803665 -2.3387997150421 -0.79117488861084 -2.5937013626099 -0.012263815850019 -4.6851066144882e-05
-0.6514538526535 -0.087853938341141 -2.351583480835 -0.71937918663025 -2.6690273284912 -0.016145270317793 2.4318565920112e-05
-0.69540917873383 -0.15528538823128 -2.3587257862091 -0.64986109733582 -2.7437453269958 -0.02138189598918 0.00010652578203008
-0.73453056812286 -0.22249010205269 -2.3602645397186 -0.58637046813965 -2.8126122951508 -0.026843827217817 -0.0023503091651946
-0.70206940174103 -0.22333481907845 -2.3639481067657 -0.56617403030396 -2.783314704895 -0.011574309319258 -0.0083658127114177
-0.66793620586395 -0.22339895367622 -2.3653438091278 -0.55710506439209 -2.7489495277405 -0.0040424279868603 -0.014698579907417
-0.6344541311264 -0.22472169995308 -2.3641467094421 -0.55389952659607 -2.7163784503937 -0.0010688714683056 -0.020692529156804
-0.60137951374054 -0.22644832730293 -2.3618767261505 -0.55329012870789 -2.6825079917908 8.3882361650467e-05 -0.026979327201843
-0.56921517848969 -0.22924283146858 -2.3579390048981 -0.55394339561462 -2.651106595993 0.00053687766194344 -0.033620022237301
-0.53754413127899 -0.23245313763618 -2.353283405304 -0.55522847175598 -2.6190409660339 0.00071187689900398 -0.040433298796415
-0.5068131685257 -0.23648956418037 -2.3473711013794 -0.55694770812988 -2.5886206626892 0.00075193122029305 -0.047119069844484
-0.47673523426056 -0.24101451039314 -2.3406848907471 -0.55910539627075 -2.5582005977631 0.00084634497761726 -0.053644068539143
-0.44758641719818 -0.246252566576 -2.3329455852509 -0.56153392791748 -2.5291023254395 0.00092693045735359 -0.060090560466051
-0.41935622692108 -0.25209859013557 -2.3242127895355 -0.56425523757935 -2.5010716915131 0.00091596320271492 -0.066452644765377
-0.39188492298126 -0.25840118527412 -2.3146920204163 -0.56751775741577 -2.4732246398926 0.00088639929890633 -0.072811596095562
-0.36553609371185 -0.26544788479805 -2.3040859699249 -0.57089996337891 -2.4474191665649 0.0010404177010059 -0.079090066254139
-0.33990585803986 -0.27287843823433 -2.2927491664886 -0.57481455802917 -2.4216122627258 0.0010685510933399 -0.085433751344681
-0.31518447399139 -0.2808144390583 -2.2805459499359 -0.57903599739075 -2.396803855896 0.00088067725300789 -0.091020159423351
-0.30218303203583 -0.23237946629524 -2.2634475231171 -0.63158559799194 -2.3823130130768 0.011386830359697 -0.092903435230255
-0.30215179920197 -0.12431314587593 -2.2191250324249 -0.77992010116577 -2.3820238113403 0.01511998847127 -0.091791868209839
-0.30209815502167 -0.035391837358475 -2.157947063446 -0.9311146736145 -2.3819489479065 0.014629323035479 -0.090965494513512
-0.30211937427521 0.033877342939377 -2.083309173584 -1.0755958557129 -2.3819856643677 0.013853032141924 -0.090314634144306
-0.30208265781403 0.084320515394211 -1.9965841770172 -1.2134034633636 -2.3817510604858 0.01337381079793 -0.089684702455997
-0.30209290981293 0.11721846461296 -1.8983175754547 -1.3450398445129 -2.3819236755371 0.013149220496416 -0.089805036783218
