2.6200132197118e-07 -1.4276636761679e-08 0.9148388504982
2.6635220251592e-07 -2.5496112243673e-07 0.9148388504982
2.8578403998836e-07 -6.0644318011782e-08 0.9148388504982
6.6710191504171e-07 4.5199064402368e-07 0.91483902931213
6.3685507711853e-07 7.0142374397619e-07 0.91483902931213
6.1850067822888e-07 5.970813958811e-07 0.9148388504982
6.5829073037094e-07 5.9488354509085e-07 0.91483896970749
8.5113583736529e-07 6.3594922039556e-07 0.91483926773071
8.4425244040176e-07 9.9283465715416e-07 0.91483926773071
1.0147172133657e-06 7.9527205798513e-07 0.91483944654465
8.584402166889e-07 4.9925756684388e-07 0.91483950614929
1.0137837307411e-06 1.1906950447838e-07 0.91483956575394
1.3090605079924e-06 -2.0911126341616e-07 0.91483938694
1.1855161119456e-06 -3.4125878300983e-07 0.91483962535858
1.1375916528777e-06 -7.5395564635983e-07 0.91483974456787
1.2917272442792e-06 -1.0802672250065e-06 0.91483986377716
1.4634197214036e-06 -1.1146033784826e-06 0.91483968496323
1.593658339516e-06 -1.0873932296818e-06 0.91483968496323
1.4686883105242e-06 -1.0564837111815e-06 0.91483992338181
7.7473441706388e-07 -1.1581923899939e-06 0.91483992338181
9.1516193378993e-07 -1.3692671245735e-06 0.91483986377716
1.192162812913e-06 -1.4893093975843e-06 0.91483998298645
1.3768526514468e-06 -1.5563766737614e-06 0.91484016180038
1.3778800393993e-06 -1.7548416053614e-06 0.91484034061432
1.329183191956e-06 -1.9497697394399e-06 0.91484028100967
1.6810810166135e-06 -1.6288390725094e-06 0.91484028100967
1.8881667074311e-06 -1.9337594494573e-06 0.91484040021896
1.8454313703842e-06 -2.0371228401928e-06 0.91484045982361
1.9320020783198e-06 -2.3839272671466e-06 0.91484051942825
0.00079870421905071 -0.0014139597769827 0.915647149086
0.0030565056949854 -0.0060451100580394 0.93445831537247
0.0036785195115954 -0.0069815739989281 0.98103004693985
0.0039858729578555 -0.0079046646133065 1.0274119377136
0.0043702372349799 -0.0083268648013473 1.0741835832596
0.0041168979369104 -0.0089703910052776 1.1206593513489
0.0038570126052946 -0.0087733594700694 1.1681187152863
