-0.012127997353673 0.047435536980629 1.3016183376312 0.00075414398452267 4.2293082515243e-05 -3.0583522319794 7.531313895015e-05
-0.013269916176796 0.042440190911293 1.2954754829407 0.00076130568049848 0.00024899383424781 -3.0103685855865 9.5281888206955e-05
-0.014410555362701 0.037444561719894 1.2892851829529 0.00069819879718125 0.00020030267478433 -2.9619941711426 2.5471177650616e-05
-0.015555683523417 0.032445996999741 1.2831481695175 0.00065330934012309 0.0003024325997103 -2.9145128726959 6.4608022512402e-05
-0.016708124428988 0.027448281645775 1.2769701480865 0.00071391259552911 0.00017344520892948 -2.8662261962891 -2.3627344489796e-05
-0.017866916954517 0.022491008043289 1.2708421945572 0.00062674417858943 0.00017422538076062 -2.8180992603302 4.3435546103865e-05
-0.018979407846928 0.017489865422249 1.2646757364273 0.00056187761947513 0.00021000619744882 -2.7698411941528 7.2287410148419e-05
-0.020154856145382 0.012483969330788 1.2585091590881 0.00059277849504724 0.00031747698085383 -2.7219257354736 -4.759738658322e-06
-0.02127905189991 0.0074931234121323 1.2523732185364 0.00038206481258385 0.00034966057864949 -2.6740751266479 8.479871758027e-05
-0.022439479827881 0.0025226771831512 1.2462002038956 0.00049493077676743 0.00025523811927997 -2.6254119873047 -1.4240462405724e-05
-0.023564256727695 -0.0024619475007057 1.2400414943695 0.00037384731695056 0.00029881286900491 -2.5772311687469 0.00015332296607085
-0.02471698820591 -0.007447637617588 1.2339057922363 0.00039598066359758 0.00026553397765383 -2.52903175354 7.4473001632214e-07
-0.025856345891953 -0.012421399354935 1.2277331352234 0.00028749366174452 0.00029572780476883 -2.4805209636688 -3.5844564990839e-05
-0.027008213102818 -0.017452627420425 1.2215555906296 0.00027792606852017 0.00019312622316647 -2.4327440261841 -1.3532645425585e-05
-0.028157383203506 -0.022429212927818 1.2154397964478 7.6609867392108e-05 9.467510972172e-05 -2.3851475715637 2.1986204956193e-05
-0.02927041053772 -0.027443535625935 1.2092469930649 7.5495932833292e-05 9.126499935519e-05 -2.3369879722595 -4.2394538468216e-05
-0.030427053570747 -0.032411303371191 1.2030888795853 7.1846559876576e-05 -0.00014873726468068 -2.2888865470886 6.029884389136e-06
-0.031578719615936 -0.037436306476593 1.1969168186188 7.1499445766676e-05 -0.00014939997345209 -2.2411293983459 3.7956775486236e-05
-0.032712548971176 -0.042371265590191 1.1907773017883 -0.00013129199214745 -0.00024255411699414 -2.1921229362488 -3.600802301662e-05
-0.033857718110085 -0.047396566718817 1.1845905780792 7.5264410952514e-06 -0.00056070100981742 -2.1445715427399 -1.5426873005708e-06
-0.035008408129215 -0.052382059395313 1.1784679889679 -0.00026557635283098 -0.00068499305052683 -2.0966787338257 0.00014964702131692
-0.03614791482687 -0.057352147996426 1.1723235845566 -0.0002751293068286 -0.00083737273234874 -2.04869556427 1.9040204279008e-05
-0.037300363183022 -0.062370490282774 1.166118979454 -0.00030711980070919 -0.00087912892922759 -2.0003380775452 3.1037005101098e-05
-0.038431636989117 -0.067340791225433 1.1600416898727 -0.00042997833224945 -0.00094539544079453 -1.9529483318329 -1.7328347894363e-05
-0.039593823254108 -0.072356536984444 1.1538580656052 -0.00024145265342668 -0.00066197739215568 -1.9050656557083 4.4453863665694e-05
-0.040731847286224 -0.07729759067297 1.147724032402 -0.00013712016516365 -5.6869423133321e-05 -1.8562549352646 9.2185227913433e-06
-0.041873846203089 -0.082318522036076 1.1414641141891 0.00036256283055991 0.0010727937333286 -1.8080402612686 -1.7883925465867e-05
-0.043021492660046 -0.087328188121319 1.1353145837784 0.00064675183966756 0.0026920509990305 -1.7608903646469 8.9663160906639e-05
-0.044153578579426 -0.092288576066494 1.1291768550873 0.00087233394151554 0.0045893783681095 -1.7129375934601 -2.5563773306203e-05
-0.045311540365219 -0.097297422587872 1.1229878664017 0.0011235743295401 0.0062683848664165 -1.6646064519882 8.80354855326e-05
-0.046437039971352 -0.10229332000017 1.1168526411057 0.00093440851196647 0.0071179200895131 -1.6170686483383 2.0380270143505e-05
-0.047584675252438 -0.1072733104229 1.110699057579 0.00064955843845382 0.0072396220639348 -1.568926692009 8.4875428001396e-06
-0.048723667860031 -0.1123038828373 1.1045188903809 0.00051973358495161 0.006332837510854 -1.5210613012314 2.6221900952805e-06
-0.04986646771431 -0.11725026369095 1.0983847379684 0.0003275568888057 0.0052066366188228 -1.4730741977692 0.00015811866614968
-0.0510099157691 -0.12224431335926 1.0922054052353 0.00013859839236829 0.0043129115365446 -1.4249868392944 9.7656913567334e-05
-0.052168279886246 -0.12723702192307 1.0860326290131 -3.4609794965945e-05 0.0035585293080658 -1.376965045929 5.9617173064908e-06
-0.053313590586185 -0.13223649561405 1.0799038410187 -0.00018994467973243 0.0033836830407381 -1.3290405273438 3.6413741327124e-05
-0.054452545940876 -0.1371947824955 1.0737553834915 -0.00032115829526447 0.0031571199651808 -1.2806385755539 3.88065855077e-05
-0.055591341108084 -0.14220008254051 1.0676238536835 -0.00060959113761783 0.002999517833814 -1.233053445816 2.1056606783532e-05
-0.056744188070297 -0.14718669652939 1.0613723993301 -0.00052611361024901 0.0028491148259491 -1.1845796108246 2.7521587981028e-05
-0.057899869978428 -0.15217323601246 1.0552821159363 -0.00082938716514036 0.0028283430729061 -1.1365149021149 2.0378167391755e-05
-0.059031426906586 -0.15716476738453 1.0490944385529 -0.0007609705789946 0.0028664253186435 -1.0890921354294 2.0313282220741e-05
-0.060149021446705 -0.16215865314007 1.0429795980453 -0.00082109408685938 0.0029450168367475 -1.0413211584091 0.00010840830509551
-0.061311811208725 -0.16715329885483 1.0367586612701 -0.0013247189344838 0.0029412205331028 -0.9934099316597 6.743678386556e-05
-0.062456741929054 -0.17216251790524 1.0305554866791 -0.0013876224402338 0.0030681123025715 -0.9454637169838 9.9602959835465e-07
-0.063589125871658 -0.1771234869957 1.0244971513748 -0.0018844432197511 0.0034031278919429 -0.89770156145096 1.121184504882e-05
-0.064740091562271 -0.18213641643524 1.0182260274887 -0.0023745680227876 0.003509501228109 -0.85013419389725 0.00012596789747477
-0.065863937139511 -0.18711329996586 1.0120934247971 -0.0030861934646964 0.004262525588274 -0.80202078819275 -4.8355788749177e-05
-0.067024409770966 -0.19210067391396 1.005964756012 -0.0048145214095712 0.0052373427897692 -0.75473523139954 3.3594671549508e-05
-0.06817814707756 -0.19708140194416 0.99980598688126 -0.0075562288984656 0.0070892618969083 -0.7082496881485 -2.4200460757129e-05
-0.069316789507866 -0.2020817399025 0.99361038208008 -0.01562637835741 0.012678619474173 -0.66486704349518 0.00010764606849989
-0.070424914360046 -0.20705220103264 0.9874095916748 -0.039589241147041 0.028782855719328 -0.62902331352234 9.1501155111473e-05
-0.071583986282349 -0.21197453141212 0.98132085800171 -0.082886390388012 0.056677758693695 -0.60081142187119 5.6761004088912e-05
-0.072685092687607 -0.21689477562904 0.97521179914474 -0.1294254809618 0.083167970180511 -0.56776016950607 4.7709785576444e-05
-0.07384692132473 -0.22185786068439 0.96884262561798 -0.17727960646152 0.10506621748209 -0.52831369638443 1.1240710591665e-05
-0.074959278106689 -0.22679559886456 0.96288442611694 -0.2272302210331 0.12174707651138 -0.48188018798828 2.6505138521316e-05
-0.076105460524559 -0.23175217211246 0.95676648616791 -0.27773559093475 0.13182750344276 -0.42828768491745 3.6627330700867e-05
-0.077248573303223 -0.23670896887779 0.95040774345398 -0.32891219854355 0.13314406573772 -0.36620074510574 1.3272042451717e-05
-0.074756793677807 -0.22926805913448 0.94956302642822 -0.27263399958611 0.10249387472868 -0.34788846969604 -0.0068707023747265
-0.071621492505074 -0.21974004805088 0.94969737529755 -0.19119280576706 0.068741671741009 -0.33712187409401 -0.012862688861787
-0.06853660941124 -0.21022121608257 0.94980752468109 -0.1004997715354 0.034577142447233 -0.32604083418846 -0.019147170707583
-0.065424479544163 -0.20072983205318 0.94967752695084 0.0031037118751556 -0.00047840617480688 -0.31521081924438 -0.025477392598987
-0.062343753874302 -0.19123317301273 0.94962137937546 0.044547624886036 -0.015288956463337 -0.31122156977654 -0.031899090856314
-0.059153661131859 -0.18154594302177 0.94966095685959 0.0093660736456513 -0.0035703282337636 -0.31456106901169 -0.038250647485256
-0.056048780679703 -0.17193986475468 0.94974303245544 0.0053392765112221 -0.0020427326671779 -0.31482446193695 -0.044808052480221
-0.052911020815372 -0.16233298182487 0.94987314939499 0.0038454479072243 -0.0015525507042184 -0.31463825702667 -0.051135174930096
-0.049781545996666 -0.15274360775948 0.9498296380043 0.0030979909934103 -0.0011920781107619 -0.31495672464371 -0.057531997561455
-0.046656221151352 -0.14313024282455 0.94980025291443 0.0026986135635525 -0.0010290011996403 -0.31517612934113 -0.063992708921432
-0.043533779680729 -0.13353760540485 0.94986593723297 0.0023370224516839 -0.00098129583057016 -0.31496372818947 -0.07035281509161
-0.040394268929958 -0.12392263114452 0.94978278875351 0.0020581781864166 -0.00083690148312598 -0.31502658128738 -0.076618276536465
-0.037272796034813 -0.11433510482311 0.94977122545242 0.0020144609734416 -0.00078385340748355 -0.31488955020905 -0.082977868616581
-0.03413088619709 -0.10474027693272 0.94991719722748 0.0017417717026547 -0.00077308103209361 -0.31542935967445 -0.088469125330448
-0.031009949743748 -0.095114752650261 0.94989722967148 0.0015103719197214 -0.00077039451571181 -0.31500372290611 -0.092642799019814
-0.027995280921459 -0.085845232009888 0.9508957862854 0.00033736971090548 -0.00023891624005046 -0.31482219696045 -0.096795238554478
-0.027874015271664 -0.085578233003616 0.99705219268799 -0.0015887421322986 0.00096730719087645 -0.31538593769073 -0.098621100187302
-0.027892999351025 -0.085626140236855 1.0449999570847 -0.0016731736250222 0.00099348032381386 -0.31507012248039 -0.099411226809025
-0.027894370257854 -0.085632354021072 1.0929515361786 -0.0017934343777597 0.00097032281337306 -0.31520995497704 -0.099333070218563
-0.027907110750675 -0.085645362734795 1.1410354375839 -0.002057644771412 0.0012551809195429 -0.31503161787987 -0.099045969545841
-0.027895577251911 -0.0856763869524 1.1890542507172 -0.0030672915745527 0.0016686823219061 -0.31502583622932 -0.099163070321083
-0.027903616428375 -0.085626825690269 1.2372297048569 -0.0035666082985699 0.0018069774378091 -0.31552439928055 -0.09952125698328
