-0.040899898856878 0.19889733195305 -1.7298777103424 -1.6112480163574 -1.6948459148407 -6.6321561462246e-05 7.531313895015e-05
-0.062781721353531 0.17933079600334 -1.7299921512604 -1.5915620326996 -1.7649159431458 -0.00013903922808822 9.5281888206955e-05
-0.08343043923378 0.15869757533073 -1.7289004325867 -1.5720684528351 -1.8335762023926 -9.8269651061855e-05 2.5471177650616e-05
-0.10295787453651 0.1372284591198 -1.7265331745148 -1.5528688430786 -1.9012207984924 -0.00023941344988998 6.4608022512402e-05
-0.12130370736122 0.11477419734001 -1.7228772640228 -1.534125328064 -1.9678812026978 -0.00022963830269873 -2.3627344489796e-05
-0.13837352395058 0.091668099164963 -1.718047618866 -1.5157601833344 -2.0327689647675 -0.00023130723275244 4.3435546103865e-05
-0.15428581833839 0.067724674940109 -1.7118983268738 -1.4979400634766 -2.0968770980835 -0.00025109597481787 7.2287410148419e-05
-0.1690174639225 0.043044060468674 -1.704470872879 -1.4807856082916 -2.1593627929688 -0.00031976052559912 -4.759738658322e-06
-0.18265214562416 0.017793625593185 -1.6958317756653 -1.4640793800354 -2.2211275100708 -0.00035647698678076 8.479871758027e-05
-0.19525256752968 -0.0081675350666046 -1.685866355896 -1.4481275081635 -2.2821207046509 -0.0003929550293833 -1.4240462405724e-05
-0.2067519724369 -0.034579306840897 -1.6746938228607 -1.4328355789185 -2.3419165611267 -0.00033740350045264 0.00015332296607085
-0.21713629364967 -0.061371117830276 -1.6623075008392 -1.418426990509 -2.4002170562744 -0.00039438554085791 7.4473001632214e-07
-0.22657743096352 -0.088597327470779 -1.6487920284271 -1.4045701026917 -2.4578378200531 -0.00026444741524756 -3.5844564990839e-05
-0.23501387238503 -0.11627390980721 -1.6340136528015 -1.391669511795 -2.5143225193024 -0.00021914788521826 -1.3532645425585e-05
-0.24254503846169 -0.1441014111042 -1.6181437969208 -1.379522562027 -2.5697948932648 -0.00014166184701025 2.1986204956193e-05
-0.2491869032383 -0.17233708500862 -1.6011152267456 -1.3681755065918 -2.6245210170746 5.9801852330565e-05 -4.2394538468216e-05
-0.25500479340553 -0.2006850540638 -1.5830121040344 -1.3576564788818 -2.678368806839 0.00033684424124658 6.029884389136e-06
-0.26001849770546 -0.22928455471992 -1.5637457370758 -1.3480315208435 -2.7314419746399 0.00060244253836572 3.7956775486236e-05
-0.26428928971291 -0.25800493359566 -1.543443441391 -1.3389523029327 -2.7840919494629 0.0012371127959341 -3.600802301662e-05
-0.26780238747597 -0.28683760762215 -1.5222444534302 -1.3306999206543 -2.8353617191315 0.001903731143102 -1.5426873005708e-06
-0.27063551545143 -0.31565287709236 -1.5000474452972 -1.3228957653046 -2.8862817287445 0.003030497347936 0.00014964702131692
-0.27281799912453 -0.34446576237679 -1.4770081043243 -1.315497636795 -2.9364864826202 0.0046050138771534 1.9040204279008e-05
-0.27438154816628 -0.37339261174202 -1.4531266689301 -1.3082492351532 -2.9860761165619 0.006892878562212 3.1037005101098e-05
-0.27534714341164 -0.40177729725838 -1.4287593364716 -1.3009359836578 -3.034503698349 0.010058123618364 -1.7328347894363e-05
-0.27581515908241 -0.43039754033089 -1.4034295082092 -1.2933731079102 -3.0833761692047 0.014415938407183 4.4453863665694e-05
-0.27571526169777 -0.45851495862007 -1.3777215480804 -1.2854020595551 -3.1314535140991 0.01980896666646 9.2185227913433e-06
-0.27511540055275 -0.48686149716377 -1.3510723114014 -1.2778718471527 -3.1790022850037 0.025914389640093 -1.7883925465867e-05
-0.27405682206154 -0.51497507095337 -1.3235363960266 -1.2716658115387 -3.225635766983 0.031417567282915 8.9663160906639e-05
-0.27257290482521 -0.54356241226196 -1.2943634986877 -1.2684848308563 -3.2721562385559 0.035145003348589 -2.5563773306203e-05
-0.2706860601902 -0.57290649414062 -1.263299703598 -1.2697651386261 -3.3182311058044 0.035562712699175 8.80354855326e-05
-0.26837792992592 -0.60322904586792 -1.2299432754517 -1.2759389877319 -3.3638455867767 0.03228398039937 2.0380270143505e-05
-0.26573863625526 -0.63442015647888 -1.1947758197784 -1.2858498096466 -3.4092080593109 0.026374060660601 8.4875428001396e-06
-0.26271477341652 -0.66601276397705 -1.1582217216492 -1.2974681854248 -3.4540693759918 0.019708830863237 2.6221900952805e-06
-0.25940456986427 -0.69750356674194 -1.1210956573486 -1.3087313175201 -3.4989171028137 0.014207560569048 0.00015811866614968
-0.2558037340641 -0.7286479473114 -1.0835790634155 -1.3188483715057 -3.5430762767792 0.010374743491411 9.7656913567334e-05
-0.25190582871437 -0.75992369651794 -1.0452287197113 -1.3284425735474 -3.5873839855194 0.0078804083168507 5.9617173064908e-06
-0.24775519967079 -0.79088616371155 -1.0061423778534 -1.3377549648285 -3.6312472820282 0.0065061636269093 3.6413741327124e-05
-0.24332347512245 -0.8220386505127 -0.96607780456543 -1.3475234508514 -3.6749141216278 0.0057241506874561 3.88065855077e-05
-0.238715082407 -0.85341167449951 -0.92488527297974 -1.3579487800598 -3.718097448349 0.0048639364540577 2.1056606783532e-05
-0.23385611176491 -0.88547348976135 -0.88218379020691 -1.3691239356995 -3.7613785266876 0.0046021528542042 2.7521587981028e-05
-0.22884574532509 -0.91758108139038 -0.83796763420105 -1.3814406394958 -3.8042356967926 0.0041305609047413 2.0378167391755e-05
-0.22365084290504 -0.95031094551086 -0.79217171669006 -1.3945777416229 -3.8469326496124 0.003965575248003 2.0313282220741e-05
-0.21826854348183 -0.98379731178284 -0.74417519569397 -1.4092547893524 -3.8895177841187 0.0037915296852589 0.00010840830509551
-0.21277728676796 -1.0183801651001 -0.6938955783844 -1.4250257015228 -3.9317297935486 0.0036708898842335 6.743678386556e-05
-0.20711389183998 -1.0539135932922 -0.64069080352783 -1.4425406455994 -3.9742701053619 0.0035774298012257 9.9602959835465e-07
-0.20137611031532 -1.0906338691711 -0.58421778678894 -1.4618325233459 -4.0160479545593 0.0037209577858448 1.121184504882e-05
-0.19554010033607 -1.1295540332794 -0.52312803268433 -1.4835448265076 -4.0577816963196 0.0038806982338428 0.00012596789747477
-0.1895743906498 -1.1711609363556 -0.45585942268372 -1.5083084106445 -4.0997071266174 0.0043212957680225 -4.8355788749177e-05
-0.18359985947609 -1.2163722515106 -0.38011026382446 -1.5368704795837 -4.1410222053528 0.005087573081255 3.3594671549508e-05
-0.17768111824989 -1.2674653530121 -0.29111003875732 -1.5709235668182 -4.1814188957214 0.0066787786781788 -2.4200460757129e-05
-0.17205634713173 -1.3275756835938 -0.18105387687683 -1.6102213859558 -4.219829082489 0.011150557547808 0.00010764606849989
-0.16749134659767 -1.390725851059 -0.057604312896729 -1.6385939121246 -4.2508540153503 0.024404723197222 9.1501155111473e-05
-0.16399636864662 -1.4186720848083 9.9658966064453e-05 -1.6123042106628 -4.2755198478699 0.046817023307085 5.6761004088912e-05
-0.15979996323586 -1.4205923080444 0.0037331581115723 -1.5571699142456 -4.3042511940002 0.066992476582527 4.7709785576444e-05
-0.15484777092934 -1.4212491512299 0.0025701522827148 -1.5015704631805 -4.3379034996033 0.082390502095222 1.1240710591665e-05
-0.14890876412392 -1.4221160411835 0.0018806457519531 -1.4487931728363 -4.3774423599243 0.092223361134529 2.6505138521316e-05
-0.14206352829933 -1.4237213134766 0.0013175010681152 -1.3987855911255 -4.4222702980042 0.095709517598152 3.6627330700867e-05
-0.13407102227211 -1.4261927604675 0.0010089874267578 -1.3517835140228 -4.4742670059204 0.091547206044197 1.3272042451717e-05
-0.12939348816872 -1.4322369098663 -0.0025079250335693 -1.4083716869354 -4.4899210929871 0.068889334797859 -0.0068707023747265
-0.12524524331093 -1.4419305324554 -0.0040121078491211 -1.4879281520844 -4.4987397193909 0.045517161488533 -0.012862688861787
-0.12110677361488 -1.4526264667511 -0.0083370208740234 -1.5722551345825 -4.5072050094604 0.022732451558113 -0.019147170707583
-0.11699858307838 -1.4576716423035 -0.031334161758423 -1.6556575298309 -4.5144376754761 4.3109059333801e-05 -0.025477392598987
-0.11400213837624 -1.3575482368469 -0.25310325622559 -1.578932762146 -4.515145778656 -0.010314270853996 -0.031899090856314
-0.11189976334572 -1.2599287033081 -0.44103145599365 -1.4507553577423 -4.5099534988403 -0.0023799389600754 -0.038250647485256
-0.1093877851963 -1.2076609134674 -0.54612851142883 -1.3936779499054 -4.5069670677185 -0.0013986080884933 -0.044808052480221
-0.10667839646339 -1.1644763946533 -0.63266634941101 -1.3486387729645 -4.504346370697 -0.0010297745466232 -0.051135174930096
-0.10397759079933 -1.1269042491913 -0.70843648910522 -1.3097758293152 -4.5014848709106 -0.00082473456859589 -0.057531997561455
-0.10117593407631 -1.0926752090454 -0.77718567848206 -1.2747921943665 -4.4985556602478 -0.00074033439159393 -0.063992708921432
-0.098262697458267 -1.0609493255615 -0.84042859077454 -1.2427582740784 -4.4958634376526 -0.00069336593151093 -0.07035281509161
-0.095312744379044 -1.0314438343048 -0.89949607849121 -1.2131149768829 -4.4927353858948 -0.00061802566051483 -0.076618276536465
-0.09226194024086 -1.0034155845642 -0.95511960983276 -1.1851756572723 -4.4897003173828 -0.00054578483104706 -0.082977868616581
-0.089156538248062 -0.97651219367981 -1.008097410202 -1.1585962772369 -4.4862809181213 -0.00045208632946014 -0.088469125330448
-0.085895210504532 -0.95107460021973 -1.0584554672241 -1.1332633495331 -4.4833483695984 -0.00035886466503143 -0.092642799019814
-0.082688719034195 -0.92619395256042 -1.1043138504028 -1.1127164363861 -4.4801554679871 -0.00046519935131073 -0.096795238554478
-0.082640081644058 -0.87472987174988 -1.0740518569946 -1.1915538311005 -4.4797019958496 0.00069351494312286 -0.098621100187302
-0.082631021738052 -0.83229994773865 -1.0235948562622 -1.2840828895569 -4.4797625541687 0.00093574821949005 -0.099411226809025
-0.082618147134781 -0.80090689659119 -0.95464372634888 -1.384382724762 -4.4799008369446 0.00086279213428497 -0.099333070218563
-0.082630783319473 -0.78213739395142 -0.86410570144653 -1.4932742118835 -4.4798073768616 0.00099392235279083 -0.099045969545841
-0.082619100809097 -0.77969551086426 -0.74579548835754 -1.6132514476776 -4.4798011779785 0.0012452155351639 -0.099163070321083
-0.082705646753311 -0.80029964447021 -0.58515930175781 -1.7522578239441 -4.4794850349426 0.0014888793230057 -0.09952125698328
