2.503694531697e-07 3.5778339224635e-07 0.91483926773071
2.0732369421239e-07 -2.6858195667501e-08 0.91483932733536
5.3790927267983e-07 -1.0896678759309e-07 0.91483920812607
8.5072554156795e-07 4.5520401670274e-08 0.91483926773071
6.0450935279732e-07 1.4151655136629e-07 0.91483902931213
4.2019306079055e-07 -1.127330477857e-07 0.91483920812607
-5.8119749013485e-08 -1.1794693932643e-07 0.91483950614929
-3.8184199979696e-07 -6.5297456330882e-08 0.91483932733536
-7.2923262450786e-07 -2.7012376335733e-07 0.91483926773071
-5.4036780738898e-07 -2.5601846687096e-07 0.91483938694
-6.7403578896119e-07 2.7713134898022e-08 0.91483950614929
-4.2114555753869e-07 2.7186386475364e-10 0.91483974456787
-2.6217924187222e-07 1.8120434219782e-07 0.91483992338181
4.5292847516976e-07 6.1258589312274e-08 0.91484016180038
2.1965333019125e-07 -4.7306480155385e-07 0.91484004259109
1.6976079564301e-07 -1.5641415984646e-07 0.91483998298645
3.4382929925414e-07 -1.6500163724231e-07 0.91484016180038
2.7236643518336e-07 2.3774384771968e-07 0.91484051942825
2.7869771201949e-07 7.7761131933585e-07 0.91484081745148
1.9763336922551e-07 8.9057050445263e-07 0.91484093666077
-5.2006505768531e-08 1.272872282243e-06 0.91484105587006
2.4545110477447e-07 1.4043757801119e-06 0.91484123468399
-1.1564337398795e-07 1.6105523172882e-06 0.91484129428864
2.7652652079269e-07 1.718738872114e-06 0.9148411154747
1.6099903632494e-08 2.0510613012448e-06 0.9148411154747
-1.222343257723e-07 2.1403075152193e-06 0.9148411154747
-4.4922163056071e-07 2.111075900757e-06 0.91484123468399
-3.9412248042936e-07 2.1859718799533e-06 0.91484123468399
-4.4616979266721e-07 1.8653396409718e-06 0.91484129428864
-3.7798162111358e-07 1.9288552266516e-06 0.91484159231186
-2.9568118975476e-07 2.0240477169864e-06 0.91484177112579
-5.4237102631305e-07 2.3359391434497e-06 0.9148416519165
-6.6362595418923e-08 2.2560805064131e-06 0.9148416519165
-2.1731857202667e-07 2.1662415292667e-06 0.91484171152115
1.5446212842107e-07 2.4221483272413e-06 0.91484177112579
4.2410110268065e-07 2.5358476705151e-06 0.91484189033508
1.3955451549919e-07 2.5967046894948e-06 0.91484183073044
-9.8026355033198e-08 2.9153713967389e-06 0.91484189033508
-4.5333859333141e-08 2.5093750082306e-06 0.91484183073044
2.7889010212334e-08 2.6374311801192e-06 0.91484189033508
-9.0559488796771e-08 2.2290896595223e-06 0.91484200954437
5.9216450409849e-08 2.3760537715134e-06 0.91484200954437
9.5499174790348e-08 2.610198180264e-06 0.91484189033508
4.5310545715438e-07 2.8075107820769e-06 0.91484194993973
3.8865164242452e-07 2.9443967832776e-06 0.91484206914902
5.379076810641e-07 2.8488857424236e-06 0.91484218835831
6.3875927480694e-07 2.8139470487076e-06 0.91484242677689
8.2583505900402e-07 2.883300794565e-06 0.91484224796295
5.7332738379046e-07 3.2411437587143e-06 0.91484212875366
3.3807850741141e-07 3.476025767668e-06 0.91484236717224
4.315460273574e-07 3.5367436339584e-06 0.91484266519547
5.069408075542e-07 3.2688578812667e-06 0.91484278440475
5.6875092013797e-07 3.7328727557906e-06 0.91484290361404
8.5940700955689e-07 3.6672281567007e-06 0.91484302282333
1.3342184956855e-06 3.9627616388316e-06 0.91484296321869
1.4366453342518e-06 3.9368378565996e-06 0.91484278440475
1.9246001556894e-06 3.7082011203893e-06 0.91484272480011
2.0081813545403e-06 3.7848667489015e-06 0.91484290361404
1.7680877135717e-06 4.1769485505938e-06 0.9148428440094
2.0638526621042e-06 3.8808166209492e-06 0.9148428440094
1.9103456452285e-06 3.8928383219172e-06 0.91484272480011
1.4813612096987e-06 3.629083494161e-06 0.91484266519547
1.1566442026378e-06 2.8967197067686e-06 0.91484254598618
1.3922978041592e-06 3.0839344162814e-06 0.91484254598618
1.3761459740635e-06 2.9437098874041e-06 0.91484242677689
8.0893744325294e-07 2.9529753646784e-06 0.91484236717224
8.0633833476895e-07 3.1117217531573e-06 0.91484236717224
7.5440556202011e-07 2.8404565455276e-06 0.91484224796295
1.1466729574749e-06 2.8743750135618e-06 0.9148423075676
1.2417940524756e-06 2.7252099243924e-06 0.9148423075676
6.1413709318003e-07 2.9313680443011e-06 0.9148423075676
0.00047611974878237 0.0011997191468254 0.91549777984619
0.0018295880872756 0.0043628588318825 0.91719579696655
0.0027194572612643 0.0077603342942894 0.91855919361115
0.0027964026667178 0.0080259758979082 0.96193307638168
0.0032269936054945 0.0086933793500066 1.0059258937836
0.003476127050817 0.0082984203472733 1.0529267787933
0.0035504223778844 0.0083935623988509 1.0999542474747
0.0034238435328007 0.0078105665743351 1.1466828584671
0.0031764688901603 0.0071396883577108 1.1935178041458
