-0.013087661936879 0.074441060423851 1.2791923284531 0.0026676640845835 -5.4982509027468e-05 -3.126149892807 5.0972099415958e-05
-0.014746373519301 0.084040001034737 1.2607858181 0.002592482836917 0.00017522455891594 -3.1174023151398 -1.0136482160306e-06
-0.016390018165112 0.093657374382019 1.2423938512802 0.0024965566117316 0.00013936148025095 -3.1081535816193 -1.9638906451291e-05
-0.018078003078699 0.10326321423054 1.2239891290665 0.0024920783471316 0.00021006425959058 -3.0999000072479 3.0557188438252e-05
-0.01974125392735 0.11283706128597 1.2055830955505 0.0025082998909056 0.00024370101164095 -3.092474937439 0.00010690162162064
-0.02139001712203 0.12246212363243 1.187194108963 0.0024720539804548 0.00023713201517239 -3.0825748443604 7.6325683039613e-05
-0.023060705512762 0.13207118213177 1.1687947511673 0.0023852880112827 0.00030980087467469 -3.0741293430328 4.9549384129932e-05
-0.024724192917347 0.14163982868195 1.1503896713257 0.0024474072270095 0.00031291553750634 -3.0663869380951 3.0711100407643e-05
-0.026372708380222 0.15124735236168 1.1319899559021 0.0026331169065088 0.00038102193502709 -3.0575032234192 0.00013203472190071
-0.028069831430912 0.16083659231663 1.1135777235031 0.0026944791898131 0.0004952572635375 -3.0493068695068 1.2144518223067e-05
-0.029689393937588 0.17046871781349 1.0951877832413 0.0028911987319589 0.0004776157438755 -3.040374994278 4.5446191506926e-05
-0.031360130757093 0.18006600439548 1.0767871141434 0.0030149179510772 0.00056682951981202 -3.0322461128235 7.8894991020206e-05
-0.033001739531755 0.18967114388943 1.0583819150925 0.0033205954823643 0.00065526814432815 -3.0229730606079 4.5760891225655e-05
-0.034673869609833 0.19927017390728 1.0399739742279 0.003600237891078 0.00094084517331794 -3.0149850845337 8.7006565081538e-06
-0.0363455042243 0.20886251330376 1.0215748548508 0.0042295707389712 0.00091248797252774 -3.0067479610443 3.26934568875e-05
-0.037991244345903 0.21846403181553 1.0031660795212 0.0048602791503072 0.0013022287748754 -2.9982523918152 1.9364681065781e-05
-0.039664912968874 0.22806359827518 0.98476928472519 0.0057127606123686 0.0014988491311669 -2.9900608062744 0.00014483803533949
-0.041330441832542 0.23765364289284 0.96636784076691 0.0070108072832227 0.0017819253262132 -2.9819812774658 4.7123841795838e-05
-0.042604357004166 0.24497877061367 0.95015263557434 0.0054590534418821 0.0017003088723868 -2.9714694023132 1.2600181435118e-05
-0.040922030806541 0.23555278778076 0.9499888420105 0.00025334025849588 0.00016453300486319 -2.966854095459 7.0630907430314e-05
-0.039273232221603 0.22594420611858 0.94998341798782 0.00014728720998392 8.5779545770492e-05 -2.9672162532806 -7.9132523751468e-06
-0.037602439522743 0.21633990108967 0.949991106987 -8.8912781848194e-07 2.804292307701e-05 -2.9676764011383 2.6081821488333e-05
-0.035942107439041 0.20674856007099 0.94998955726624 0.00010231309715891 -5.4814248869661e-05 -2.9673495292664 -2.4997509171953e-05
-0.034265294671059 0.19714759290218 0.9499813914299 3.0456938475254e-05 6.4843179643503e-06 -2.9676778316498 9.4606722996105e-05
-0.032606262713671 0.18755365908146 0.9499825835228 -2.5057302991627e-05 -2.0016761482111e-05 -2.967470407486 5.4137184633873e-05
-0.030940696597099 0.17794959247112 0.94998204708099 -0.00015037160483189 -9.8941804026254e-05 -2.9676065444946 3.5493558243616e-05
-0.029274199157953 0.16834753751755 0.94998693466187 -0.00028339604614303 -1.9114535461995e-05 -2.968076467514 0.00011002874089172
-0.027591098099947 0.15876436233521 0.94998109340668 -0.00032339608878829 -4.4096428609919e-05 -2.9671983718872 4.1158841668221e-06
-0.025945760309696 0.14913818240166 0.94998234510422 -0.00050087599083781 -0.00011096082744189 -2.9680831432343 6.1262835515663e-05
-0.024255894124508 0.13955304026604 0.94997930526733 -0.00065273308428004 -5.685173891834e-05 -2.9672894477844 7.5218740676064e-05
-0.022582337260246 0.12995672225952 0.9499808549881 -0.00070639728801325 -2.2594518668484e-05 -2.9676146507263 -2.572700032033e-05
-0.020933654159307 0.12035955488682 0.94998043775558 -0.00073150912066922 -0.00021574884885922 -2.9678161144257 2.6630756110535e-05
-0.019263051450253 0.1107455343008 0.94997519254684 -0.001075726468116 -0.00028323649894446 -2.9684324264526 6.1519764130935e-05
-0.017604183405638 0.10115247964859 0.9499603509903 -0.0011499284300953 -0.00021468807244673 -2.9682166576385 6.0294823924778e-06
-0.015900902450085 0.091566398739815 0.9499728679657 -0.0014172706287354 -0.00024062124430202 -2.9677906036377 0.00011035228089895
-0.014258280396461 0.081960320472717 0.94997560977936 -0.0014451653696597 -0.00028140965150669 -2.9682698249817 7.0607362431474e-05
-0.01259645447135 0.072354584932327 0.94997608661652 -0.0014401472872123 -0.00026731606340036 -2.9688239097595 7.9047909821384e-05
-0.010921221226454 0.062763020396233 0.94998049736023 -0.0013580160448328 -0.00015210986020975 -2.9686274528503 0.00015008205082268
-0.0092601589858532 0.053174793720245 0.94997990131378 -0.0014846450649202 -0.00026276899734512 -2.9685392379761 0.00010062150977319
-0.0075807645916939 0.043572470545769 0.94996547698975 -0.0015201590722427 -0.00014784779341426 -2.9683310985565 -1.8036611436401e-05
-0.0059034861624241 0.033961892127991 0.9499603509903 -0.0014359798515216 -0.00026399971102364 -2.9688565731049 1.9463010175969e-05
-0.004250843077898 0.024368032813072 0.94996380805969 -0.0012101666070521 -0.00024691133876331 -2.9691798686981 0.00010109364666278
-0.0025607161223888 0.014757961034775 0.94994902610779 -0.0012052936945111 -0.00021996065333951 -2.9687829017639 -4.0724180507823e-06
-0.00089515931904316 0.0051590800285339 0.94994074106216 -0.001517781172879 -0.00024980527814478 -2.9691007137299 4.9320005928166e-05
0.00073228403925896 -0.0044191032648087 0.94996774196625 -0.001072428538464 -0.00037160472129472 -2.969753742218 2.6172428988502e-05
0.0024311169981956 -0.01403172314167 0.9499654173851 -0.0012480387231335 -0.00023373613657895 -2.9691731929779 9.0790454123635e-05
0.0040922649204731 -0.023638822138309 0.94997358322144 -0.0011635107221082 -0.00014058862871025 -2.9693610668182 8.6602623923682e-05
0.0057383682578802 -0.033224202692509 0.94999921321869 -0.0017424756661057 -3.9172555261757e-05 -2.9698147773743 1.3543542081607e-05
0.0074152983725071 -0.042829021811485 0.94998145103455 -0.0012036551488563 -0.00025571187143214 -2.9694721698761 9.7397241916042e-05
0.0090738330036402 -0.052420079708099 0.94995468854904 -0.0012052690144628 -5.0371279940009e-05 -2.969780921936 1.4484211533272e-05
0.010745732113719 -0.062020659446716 0.94996482133865 -0.0012980491155759 -0.00024685511016287 -2.9699404239655 5.3254785598256e-05
0.012400925159454 -0.071630291640759 0.94995439052582 -0.0012960502645001 -0.00014588341582566 -2.9695210456848 8.2803038822021e-05
0.014064978808165 -0.081230349838734 0.94994413852692 -0.0012703763786703 -0.00023432890884578 -2.9693920612335 3.9898070099298e-05
0.015760492533445 -0.090822093188763 0.9498924612999 -0.0011656228452921 -0.00029296195134521 -2.9694736003876 1.4020560229255e-05
0.017452269792557 -0.1004223972559 0.94994306564331 -0.0013769649667665 -0.00028828892391175 -2.9693777561188 -1.5992778571672e-05
0.01913383230567 -0.10998649895191 0.94992035627365 -0.0013479450717568 -8.2244063378312e-05 -2.9688639640808 9.2389862402342e-05
0.020780444145203 -0.11961023509502 0.94989287853241 -0.0014122916618362 -0.00016699571278878 -2.9693269729614 5.0542941608001e-05
0.022470939904451 -0.12918044626713 0.94989949464798 -0.0012396494857967 -0.00040029131923802 -2.9685091972351 5.4249535423878e-06
0.024111658334732 -0.13882441818714 0.94986313581467 -0.0013053788570687 -0.00041437798063271 -2.9695229530334 -3.6597887174139e-06
0.025778001174331 -0.14840890467167 0.94988125562668 -0.0010368081275374 -0.00041515234624967 -2.9696760177612 1.7494479834568e-05
0.02747967094183 -0.15804848074913 0.9498547911644 -0.00053905788809061 -0.0013751129154116 -2.9700508117676 3.9543796447106e-05
0.029106507077813 -0.16761712729931 0.94988143444061 -0.0012831642525271 -0.00018971666577272 -2.9692213535309 -3.699008084368e-05
0.03078250028193 -0.17723022401333 0.9498553276062 -0.0012055640108883 -0.00030949388747104 -2.970324754715 7.6737669587601e-05
0.032433405518532 -0.18680454790592 0.94981646537781 -0.0016022383933887 -0.0002200874441769 -2.9701917171478 3.9493734220741e-05
0.034148957580328 -0.19636961817741 0.94984674453735 -0.0015438870759681 -0.00039977554115467 -2.9693658351898 2.0638894056901e-05
0.035826090723276 -0.2060033082962 0.94983685016632 -0.0012009561760351 -0.00036660235491581 -2.9693808555603 0.00014596337859984
0.037472978234291 -0.21559032797813 0.94986206293106 -0.001302728196606 -0.00037403308670036 -2.9690792560577 6.3281215261668e-05
0.039118848741055 -0.22520709037781 0.94978070259094 -0.00071643432602286 -0.00044861808419228 -2.9695422649384 1.2295051419642e-05
0.040804229676723 -0.23480853438377 0.94984269142151 -0.0013722056755796 -0.00020415376638994 -2.9694602489471 2.6449391953065e-05
0.042453557252884 -0.24440848827362 0.94988387823105 -0.0010711388895288 -0.00030802050605416 -2.969696521759 3.3215790608665e-05
