-0.01809087023139 0.27211186289787 -1.8411910533905 -1.5750675201416 -1.6042697429657 -2.8651425964199e-05 5.0972099415958e-05
-0.028983261436224 0.29175707697868 -1.9018523693085 -1.5339930057526 -1.6239309310913 -0.00018910712969955 -1.0136482160306e-06
-0.040590193122625 0.3095950782299 -1.9609897136688 -1.4925775527954 -1.6443252563477 -0.00020841904915869 -1.9638906451291e-05
-0.052925016731024 0.32544133067131 -2.0186219215393 -1.4508204460144 -1.6650581359863 -0.00025109597481787 3.0557188438252e-05
-0.066033989191055 0.33922478556633 -2.0748941898346 -1.4083485603333 -1.6864376068115 -0.00035695382393897 0.00010690162162064
-0.080277353525162 0.35070940852165 -2.129830121994 -1.3648974895477 -1.7094385623932 -0.0004239494446665 7.6325683039613e-05
-0.095641762018204 0.35966250300407 -2.1835298538208 -1.320118188858 -1.7337086200714 -0.00043753930367529 4.9549384129932e-05
-0.11178293824196 0.365817040205 -2.2359852790833 -1.2739176750183 -1.7578511238098 -0.00056866952218115 3.0711100407643e-05
-0.12949576973915 0.36868998408318 -2.2871563434601 -1.2256951332092 -1.7843883037567 -0.00072960206307471 0.00013203472190071
-0.14837470650673 0.36793515086174 -2.3371064662933 -1.1750898361206 -1.811585187912 -0.00078396149910986 1.2144518223067e-05
-0.16886511445045 0.36297842860222 -2.385671377182 -1.1218154430389 -1.8408923149109 -0.0009568149689585 4.5446191506926e-05
-0.19081535935402 0.353112667799 -2.4328999519348 -1.0649216175079 -1.8711459636688 -0.0011134559754282 7.8894991020206e-05
-0.21458902955055 0.33745190501213 -2.4785444736481 -1.0039820671082 -1.9034752845764 -0.0014214927796274 4.5760891225655e-05
-0.24018183350563 0.31514927744865 -2.5225236415863 -0.93813705444336 -1.9373509883881 -0.0017610008362681 8.7006565081538e-06
-0.26785483956337 0.28498312830925 -2.5644910335541 -0.86666131019592 -1.973381280899 -0.0021334106568247 3.26934568875e-05
-0.29767861962318 0.24571940302849 -2.604202747345 -0.78858327865601 -2.0116469860077 -0.0028131420258433 1.9364681065781e-05
-0.3298536837101 0.19606110453606 -2.6412289142609 -0.70303630828857 -2.0522108078003 -0.0035632068756968 0.00014483803533949
-0.36433735489845 0.13479372859001 -2.675089597702 -0.60951805114746 -2.0948548316956 -0.0047381334006786 4.7123841795838e-05
-0.39502730965614 0.066764801740646 -2.7006661891937 -0.51428961753845 -2.1359252929688 -0.0042384080588818 1.2600181435118e-05
-0.36723986268044 0.050224274396896 -2.6906719207764 -0.50139665603638 -2.1125988960266 -0.00013498589396477 7.0630907430314e-05
-0.3382925093174 0.036774605512619 -2.6786694526672 -0.49976468086243 -2.0833368301392 -6.1791390180588e-05 -7.9132523751468e-06
-0.31157937645912 0.022807568311691 -2.6656618118286 -0.4987313747406 -2.0564205646515 4.8119574785233e-05 2.6081821488333e-05
-0.2870127260685 0.0083317458629608 -2.6517245769501 -0.4981701374054 -2.0316207408905 9.1511756181717e-05 -2.4997509171953e-05
-0.26441183686256 -0.006520539522171 -2.636946439743 -0.49805879592896 -2.0089790821075 0.00010772421956062 9.4606722996105e-05
-0.24368944764137 -0.021662026643753 -2.6213495731354 -0.49846148490906 -1.9884073734283 4.2874366044998e-05 5.4137184633873e-05
-0.22451129555702 -0.036993771791458 -2.6050879955292 -0.49929523468018 -1.9692981243134 0.00018211081624031 3.5493558243616e-05
-0.20661297440529 -0.052329808473587 -2.5882296562195 -0.50071001052856 -1.9511375427246 0.00018640235066414 0.00011002874089172
-0.19019713997841 -0.067820101976395 -2.5707166194916 -0.50266432762146 -1.934858083725 0.00022454932332039 4.1158841668221e-06
-0.17487040162086 -0.08330562710762 -2.5526869297028 -0.50505971908569 -1.9193594455719 0.0002569742500782 6.1262835515663e-05
-0.16074171662331 -0.098863631486893 -2.5341153144836 -0.50786781311035 -1.9054672718048 0.00029988959431648 7.5218740676064e-05
-0.14752402901649 -0.11432054638863 -2.5150969028473 -0.51127958297729 -1.8921096324921 0.00024362280964851 -2.572700032033e-05
-0.13519325852394 -0.12971737980843 -2.4955768585205 -0.51541376113892 -1.8795831203461 0.00030132010579109 2.6630756110535e-05
-0.12375631928444 -0.14522984623909 -2.4757239818573 -0.51933622360229 -1.8682634830475 0.00042720511555672 6.1519764130935e-05
-0.11303105950356 -0.16059067845345 -2.4553759098053 -0.52425169944763 -1.8574774265289 0.00040670111775398 6.0294823924778e-06
-0.10300269722939 -0.17585185170174 -2.4347126483917 -0.5293447971344 -1.8475489616394 0.00049110129475594 0.00011035228089895
-0.093527942895889 -0.19109180569649 -2.4135673046112 -0.5353672504425 -1.8377134799957 0.00043483451008797 7.0607362431474e-05
-0.084534794092178 -0.20622208714485 -2.3921391963959 -0.54167413711548 -1.8283679485321 0.00041528418660164 7.9047909821384e-05
-0.076186329126358 -0.22128894925117 -2.3703224658966 -0.54854965209961 -1.8198897838593 0.00039525702595711 0.00015008205082268
-0.068443208932877 -0.2364127933979 -2.3482370376587 -0.55536365509033 -1.8122687339783 0.00035806372761726 0.00010062150977319
-0.061034590005875 -0.2514605820179 -2.325850725174 -0.5626380443573 -1.8045995235443 0.00035138800740242 -1.8036611436401e-05
-0.054063707590103 -0.26643159985542 -2.3030741214752 -0.57053780555725 -1.7976629734039 0.00045152381062508 1.9463010175969e-05
-0.047429472208023 -0.28135398030281 -2.2800364494324 -0.57882761955261 -1.7906169891357 0.00035520270466805 0.00010109364666278
-0.041240125894547 -0.29635241627693 -2.2566957473755 -0.58719825744629 -1.7846009731293 0.00034566596150398 -4.0724180507823e-06
-0.035384327173233 -0.3113057911396 -2.2331881523132 -0.59539031982422 -1.7788817882538 0.00040097907185555 4.9320005928166e-05
-0.029731661081314 -0.32613733410835 -2.2092177867889 -0.60493445396423 -1.7727828025818 0.00033994391560555 2.6172428988502e-05
-0.024407535791397 -0.34112599492073 -2.1850252151489 -0.6140570640564 -1.767382144928 0.00027318671345711 9.0790454123635e-05
-0.019371181726456 -0.35605505108833 -2.1605434417725 -0.62367129325867 -1.7623405456543 0.0002879686653614 8.6602623923682e-05
-0.014584451913834 -0.37097838521004 -2.1360139846802 -0.63274383544922 -1.7577533721924 0.00030084326863289 1.3543542081607e-05
-0.010059982538223 -0.38601616024971 -2.1107130050659 -0.64365267753601 -1.7533695697784 0.00036473944783211 9.7397241916042e-05
-0.0056978762149811 -0.40099075436592 -2.0855181217194 -0.65375947952271 -1.7487368583679 0.00031181052327156 1.4484211533272e-05
-0.0015558302402496 -0.41603806614876 -2.0599172115326 -0.66425108909607 -1.7446677684784 0.00024839118123055 5.3254785598256e-05
0.0024000108242035 -0.43114712834358 -2.0340397357941 -0.67498326301575 -1.7407739162445 0.00026651099324226 8.2803038822021e-05
0.0062223374843597 -0.44625642895699 -2.0078783035278 -0.68602156639099 -1.7367653846741 0.00033088400959969 3.9898070099298e-05
0.0099106729030609 -0.4615390598774 -1.9814188480377 -0.69718432426453 -1.7331695556641 0.00034614279866219 1.4020560229255e-05
0.013411611318588 -0.47674968838692 -1.9546568393707 -0.70859122276306 -1.7296607494354 0.00035186484456062 -1.5992778571672e-05
0.016753762960434 -0.4920816719532 -1.927533864975 -0.72046208381653 -1.7264158725739 0.00035997107625008 9.2389862402342e-05
0.019983857870102 -0.50754070281982 -1.9001243114471 -0.73231482505798 -1.7232029438019 0.00033899024128914 5.0542941608001e-05
0.023076146841049 -0.52292990684509 -1.8723657131195 -0.74471616744995 -1.7199318408966 0.00030799582600594 5.4249535423878e-06
0.02601632475853 -0.53866291046143 -1.844215631485 -0.7571280002594 -1.7170367240906 0.00037332251667976 -3.6597887174139e-06
0.028867334127426 -0.55429673194885 -1.8157243728638 -0.76992869377136 -1.7140023708344 0.00037618353962898 1.7494479834568e-05
0.031696408987045 -0.57006216049194 -1.7868554592133 -0.78285264968872 -1.7111372947693 0.00018735602498055 3.9543796447106e-05
0.034267038106918 -0.58620429039001 -1.7575025558472 -0.79635238647461 -1.708564043045 0.00032611563801765 -3.699008084368e-05
0.036877244710922 -0.60233688354492 -1.7278895378113 -0.80968594551086 -1.7057852745056 0.0003337450325489 7.6737669587601e-05
0.039311021566391 -0.61863136291504 -1.6978445053101 -0.82334184646606 -1.7033512592316 0.0003475733101368 3.9493734220741e-05
0.041677087545395 -0.63506031036377 -1.6671185493469 -0.83796620368958 -1.701066493988 0.00036760047078133 2.0638894056901e-05
0.043977349996567 -0.65175890922546 -1.6359634399414 -0.8523998260498 -1.6988198757172 0.00030418112874031 0.00014596337859984
0.046135514974594 -0.66856956481934 -1.6044704914093 -0.86682629585266 -1.6969957351685 0.00024362280964851 6.3281215261668e-05
0.048270791769028 -0.68571758270264 -1.5721940994263 -0.88251352310181 -1.6946775913239 0.00041242316365242 1.2295051419642e-05
0.050328820943832 -0.70291447639465 -1.5396056175232 -0.89751744270325 -1.6926629543304 0.00029273703694344 2.6449391953065e-05
0.052392095327377 -0.72025060653687 -1.5063490867615 -0.91337037086487 -1.6902520656586 0.00024266913533211 3.3215790608665e-05
