-2.9375831900325e-07 -2.6379369799656e-09 0.91483879089355
-5.7544610854166e-07 -1.0417266338436e-07 0.91483873128891
-7.2445135401722e-07 -2.7371328314985e-07 0.91483867168427
-4.5262862613527e-07 6.2830778801981e-08 0.91483855247498
-7.6577174468184e-07 -1.2317286746111e-07 0.91483849287033
-7.9377355177712e-07 -2.6252603646526e-08 0.91483867168427
-8.081042892627e-07 3.4786930314112e-07 0.91483879089355
-5.444124440146e-07 3.0597377076447e-07 0.91483891010284
-3.6543650594467e-07 9.9910755579913e-07 0.91483908891678
-4.5447217189576e-07 4.1343696466356e-07 0.91483896970749
-9.3727561534251e-07 3.9396417150783e-07 0.9148388504982
-7.8681318882445e-07 6.0847906979689e-07 0.91483873128891
-1.180904746434e-06 3.9996254486141e-07 0.91483891010284
-1.5805778730282e-06 5.7539170938981e-07 0.91483908891678
-1.7375194829583e-06 5.0255312089575e-07 0.91483896970749
-1.4274485238275e-06 7.7940916298758e-07 0.91483879089355
-1.2385067975629e-06 7.9957919751905e-07 0.91483879089355
-9.4856409305066e-07 9.8283521765552e-07 0.91483879089355
-1.3260828382045e-06 1.0224996458419e-06 0.91483843326569
-1.4310785445559e-06 9.731721775097e-07 0.91483819484711
-1.0769787195386e-06 1.2126088222431e-06 0.9148383140564
-1.3490437140717e-06 9.5915174824768e-07 0.91483855247498
-1.1240914545851e-06 9.1008939762105e-07 0.91483873128891
-1.3290183460413e-06 7.3846780423992e-07 0.91483867168427
-1.4293336789706e-06 8.3156243135818e-07 0.91483861207962
-1.1092390650447e-06 6.5703198970368e-07 0.91483855247498
-9.8591249297897e-07 3.9246336314136e-07 0.91483843326569
-1.0968111610055e-06 4.0953997881843e-07 0.91483861207962
-1.0374048997619e-06 3.6495305266726e-07 0.91483855247498
-7.3315720783285e-07 5.8404680203239e-07 0.91483855247498
-6.0991260397714e-07 3.3730793802533e-07 0.91483855247498
-6.6506140683487e-07 8.0122299550567e-07 0.91483855247498
-7.942126103444e-07 1.1889621873706e-06 0.91483849287033
-1.3782149608232e-06 6.1639894965992e-07 0.91483837366104
-1.4041811482457e-06 4.8376352879131e-07 0.91483849287033
0.00042090300121345 -0.0060727288946509 0.91486757993698
0.0011667317012325 -0.015830656513572 0.91491836309433
0.0019182929536328 -0.025589436292648 0.91499930620193
0.0027043521404266 -0.035331450402737 0.91518396139145
0.0033815768547356 -0.04513680934906 0.91534143686295
0.0041672503575683 -0.054889470338821 0.91534620523453
0.004915673751384 -0.064646899700165 0.9153436422348
0.0056989486329257 -0.074418157339096 0.91526126861572
0.0064849024638534 -0.08417759090662 0.9152290225029
0.0072414218448102 -0.093986585736275 0.91492080688477
0.0079219033941627 -0.10366357117891 0.91499620676041
0.0085681928321719 -0.11341676861048 0.91508847475052
0.0096183028072119 -0.12320154160261 0.91567689180374
0.010767864994705 -0.13310676813126 0.91579759120941
0.012007148005068 -0.1428861618042 0.91597163677216
0.013248428702354 -0.15281282365322 0.91607749462128
0.014473441056907 -0.1627684533596 0.91623544692993
0.015594282187521 -0.17280852794647 0.916279733181
0.016772475093603 -0.18308874964714 0.91632747650146
0.017746061086655 -0.19312866032124 0.91636741161346
0.018731296062469 -0.20314721763134 0.91637289524078
0.019663952291012 -0.21338455379009 0.91639804840088
0.020517474040389 -0.22348998486996 0.91659438610077
0.021560376510024 -0.23364636301994 0.91673022508621
0.0224339812994 -0.24366880953312 0.91665238142014
0.023344341665506 -0.25397834181786 0.91673803329468
0.024152275174856 -0.26395827531815 0.91679280996323
0.024958502501249 -0.27405399084091 0.91675579547882
0.025763003155589 -0.28419438004494 0.9167195558548
0.026409951969981 -0.29442682862282 0.91652601957321
0.027184281498194 -0.30466049909592 0.91639113426208
0.028066815808415 -0.31484845280647 0.91611009836197
0.028916258364916 -0.32480132579803 0.91598790884018
0.029753223061562 -0.3349726498127 0.91603118181229
0.030503602698445 -0.34492766857147 0.9159352183342
