-0.027757309377193 0.06682114303112 1.2777626514435 0.0025856764987111 0.00044535551569425 -3.0631697177887 1.4570938219549e-05
-0.037356343120337 0.072283253073692 1.258577466011 0.0026290528476238 0.0006582701462321 -3.0165524482727 8.9187509729527e-05
-0.046930089592934 0.077764645218849 1.2393902540207 0.0026347055099905 0.00073046667966992 -2.9691882133484 6.4283551182598e-05
-0.056549079716206 0.083216100931168 1.2202097177505 0.0026611729990691 0.00098519551102072 -2.9232749938965 2.8771341021638e-05
-0.066166810691357 0.088680371642113 1.2010085582733 0.0028306625317782 0.0010993257164955 -2.8770034313202 8.6887601355556e-05
-0.075744517147541 0.094152301549911 1.1818461418152 0.0028584718238562 0.0013415190624073 -2.830020904541 -1.5385505321319e-05
-0.085338234901428 0.099634245038033 1.1626418828964 0.0031358271371573 0.001617765869014 -2.7833330631256 3.1072748242877e-05
-0.094950675964355 0.10507333278656 1.1434416770935 0.0033329860307276 0.0019825021736324 -2.7369184494019 2.8080130505259e-05
-0.10453850030899 0.11053937673569 1.1242618560791 0.0035685752518475 0.0022755274549127 -2.6898398399353 4.5362203309196e-06
-0.11415736377239 0.11601277440786 1.1050887107849 0.0036907757166773 0.0027230628766119 -2.643497467041 2.3404059902532e-05
-0.12374053895473 0.12146164476871 1.0858877897263 0.0040690605528653 0.0029780694749206 -2.5970349311829 0.00010338689025957
-0.13335238397121 0.1269334256649 1.0667016506195 0.0041493563912809 0.0035399554762989 -2.5502767562866 1.7266003851546e-05
-0.14294110238552 0.13241064548492 1.0475174188614 0.0043559405021369 0.0037443002220243 -2.5035085678101 3.6684756196337e-05
-0.15254437923431 0.13787005841732 1.0283215045929 0.0041999574750662 0.0038803145289421 -2.4574346542358 -2.6928421448247e-06
-0.16213873028755 0.14334037899971 1.0091238021851 0.0036224063951522 0.0034396250266582 -2.4105844497681 0.00012700736988336
-0.1717454791069 0.14880341291428 0.98993706703186 0.0022654987405986 0.0021808824967593 -2.3644626140594 0.00012093601981178
-0.18134507536888 0.15427106618881 0.97074317932129 -0.00020630224025808 -0.00041592138586566 -2.3177297115326 -1.2077965948265e-05
-0.19092489778996 0.15974697470665 0.95155870914459 -0.0035722558386624 -0.0039546024054289 -2.2714030742645 7.7769458584953e-05
-0.1828433573246 0.15271781384945 0.94994479417801 -0.0024646166712046 -0.0032166980672628 -2.2663950920105 2.3192678781925e-05
-0.17322866618633 0.14470829069614 0.94995450973511 -0.0012017127592117 -0.0017153770895675 -2.2658553123474 1.5183746654657e-05
-0.1636309325695 0.13670936226845 0.94995057582855 0.00012654969759751 -0.00029646398616023 -2.2649714946747 2.9893892133259e-05
-0.15402440726757 0.12869903445244 0.9499489068985 0.0015788746532053 0.0015403778525069 -2.2655851840973 5.8566740335664e-05
-0.14442451298237 0.12067767977715 0.94995319843292 0.0029622588772327 0.0034561855718493 -2.2648496627808 -2.7846637749462e-05
-0.13482989370823 0.11264057457447 0.94994807243347 0.0043193679302931 0.0053129941225052 -2.2652721405029 -1.4668180483568e-05
-0.1252123862505 0.10463862121105 0.94994449615479 0.0052464129403234 0.0067054508253932 -2.2647235393524 -1.8606648154673e-05
-0.11563235521317 0.096601851284504 0.94995546340942 0.0056811389513314 0.00753742037341 -2.264904499054 -5.5304590205196e-05
-0.10603193938732 0.088587820529938 0.94992816448212 0.0057246014475822 0.007420392241329 -2.2655055522919 3.927385841962e-05
-0.096453845500946 0.080553792417049 0.94994014501572 0.0049378392286599 0.0067024081945419 -2.2657821178436 3.6304609238869e-05
-0.086839661002159 0.072550036013126 0.94994449615479 0.0038514349143952 0.0053449780680239 -2.26540184021 3.4237487852806e-05
-0.07725515961647 0.064518496394157 0.94994390010834 0.0025951296556741 0.003783185267821 -2.2658715248108 -5.4562965488003e-06
-0.067702084779739 0.056526564061642 0.94998472929001 0.0016496997559443 0.0021695068571717 -2.2661080360413 8.9953544375021e-05
-0.058061242103577 0.048491261899471 0.94997096061707 0.00083014497067779 0.0012014209059998 -2.2655508518219 4.5127999328543e-05
-0.048473164439201 0.040487971156836 0.94997161626816 0.00049753661733121 0.00060371571453288 -2.2653875350952 3.1692095490143e-06
-0.038869217038155 0.032453913241625 0.94995403289795 0.00010197775554843 9.1746158432215e-05 -2.2655482292175 2.5793122404139e-05
-0.029269576072693 0.024457093328238 0.94994020462036 -3.2061132515082e-05 -0.00033951498335227 -2.2648863792419 7.0183305069804e-05
-0.019664734601974 0.016442827880383 0.94994938373566 -0.00023252320534084 -0.00063564581796527 -2.2653188705444 2.6834491109184e-06
-0.010065816342831 0.0084018707275391 0.94994682073593 -0.00029761207406409 -0.00071993569144979 -2.2656745910645 1.9646431610454e-05
-0.00046613812446594 0.00040413439273834 0.94995188713074 -0.00029372816788964 -0.00088422768749297 -2.2657961845398 -8.7019479906303e-06
0.0091383084654808 -0.0076062567532063 0.94996154308319 -0.0005104579613544 -0.00090918759815395 -2.2649321556091 8.2597485743463e-05
0.018730856478214 -0.015646126121283 0.94995594024658 -0.00055639544734731 -0.00099857908207923 -2.2654008865356 2.1458787159645e-05
0.028348356485367 -0.023671012371778 0.94994056224823 -0.00055716745555401 -0.0010699204867706 -2.2654786109924 1.8755978089757e-05
0.037938371300697 -0.031651090830564 0.94992715120316 -0.00053942500380799 -0.0011619162978604 -2.2650270462036 6.5314488892909e-05
0.047548167407513 -0.03968284279108 0.94993734359741 -0.00070903566665947 -0.0011199633590877 -2.26518201828 4.6532579290215e-05
0.057137105613947 -0.047725148499012 0.949951171875 -0.00070981588214636 -0.0012151618720964 -2.2652645111084 2.2901108422957e-06
0.066726513206959 -0.05572446808219 0.94993150234222 -0.00064273463794962 -0.0011979121482 -2.2653527259827 1.9653407434816e-05
0.076343186199665 -0.063776820898056 0.94991040229797 -0.00072840281063691 -0.0010993316536769 -2.2658503055573 1.6606305507594e-05
0.085935816168785 -0.071762725710869 0.94992935657501 -0.0007189012831077 -0.001303972559981 -2.2655301094055 1.0489693522686e-05
0.09552925825119 -0.079783111810684 0.9499169588089 -0.00063078780658543 -0.0012784831924364 -2.2659831047058 3.0344965125551e-05
0.10512502491474 -0.08782584965229 0.94988769292831 -0.00080312590580434 -0.0013417740119621 -2.2660613059998 1.4019205991644e-05
0.11473226547241 -0.095818191766739 0.94988864660263 -0.00066424912074581 -0.0012972535332665 -2.2661428451538 4.0657273530087e-06
0.12432524561882 -0.10384131968021 0.94986021518707 -0.00073362025432289 -0.001179953571409 -2.2660157680511 0.00010172740439884
0.13391733169556 -0.11186896264553 0.94986706972122 -0.00076315127080306 -0.0013639631215483 -2.2662758827209 1.6201836842811e-05
0.1435110270977 -0.11988655477762 0.94989311695099 -0.00052633584709838 -0.0012150591937825 -2.2667982578278 6.4408304751851e-05
0.15313105285168 -0.12789660692215 0.94991272687912 -0.00071508350083604 -0.0012773791095242 -2.2661938667297 -3.9676830056123e-05
0.16272915899754 -0.13591438531876 0.94990050792694 -0.00078664574539289 -0.0012564227217808 -2.2661061286926 7.9533485404681e-05
0.17231786251068 -0.14392322301865 0.9498730301857 -0.00056646583834663 -0.0012393213110045 -2.266535282135 2.8134760214016e-05
0.18190059065819 -0.15197345614433 0.94991534948349 -0.00056200224207714 -0.0012856117682531 -2.266597032547 1.942403105204e-05
