-0.095115095376968 0.22896286845207 -1.8132834434509 -1.5598256587982 -1.7444860935211 -0.00057868310250342 1.4570938219549e-05
-0.1485678255558 0.22000929713249 -1.8554391860962 -1.5088105201721 -1.8445837497711 -0.00083784409798682 8.9187509729527e-05
-0.20163431763649 0.20591160655022 -1.8937096595764 -1.4565901756287 -1.9443111419678 -0.0012345726136118 6.4283551182598e-05
-0.25377407670021 0.18676325678825 -1.9280359745026 -1.4033870697021 -2.0429208278656 -0.0016475135926157 2.8771341021638e-05
-0.30462828278542 0.16259810328484 -1.9583895206451 -1.3492388725281 -2.1402132511139 -0.002134125912562 8.6887601355556e-05
-0.35390177369118 0.13364598155022 -1.984673500061 -1.2944166660309 -2.2361311912537 -0.0028350765351206 -1.5385505321319e-05
-0.40137282013893 0.10004469752312 -2.0067923069 -1.2394740581512 -2.3303952217102 -0.003624718869105 3.1072748242877e-05
-0.44672957062721 0.062098473310471 -2.0246889591217 -1.1847031116486 -2.4222867488861 -0.0047595910727978 2.8080130505259e-05
-0.48990455269814 0.020333260297775 -2.0384004116058 -1.1304564476013 -2.5121774673462 -0.0060763768851757 4.5362203309196e-06
-0.53081429004669 -0.024940520524979 -2.0478401184082 -1.0774571895599 -2.5997955799103 -0.008051436394453 2.3404059902532e-05
-0.56935036182404 -0.073329240083694 -2.053032875061 -1.0264706611633 -2.684711933136 -0.010580580681562 0.00010338689025957
-0.60565626621246 -0.12436559796333 -2.0538969039917 -0.97793531417847 -2.7675597667694 -0.014220755547285 1.7266003851546e-05
-0.63974964618683 -0.17779305577278 -2.0502185821533 -0.93305683135986 -2.8487322330475 -0.019021552056074 3.6684756196337e-05
-0.67160999774933 -0.23297145962715 -2.042364358902 -0.89251708984375 -2.9269027709961 -0.025980036705732 -2.6928421448247e-06
-0.70138943195343 -0.289869338274 -2.0300872325897 -0.85722303390503 -3.0031847953796 -0.035351794213057 0.00012700736988336
-0.72918379306793 -0.34798744320869 -2.0135662555695 -0.82733583450317 -3.0774123668671 -0.047152083367109 0.00012093601981178
-0.75511181354523 -0.40697553753853 -1.9932827949524 -0.80112743377686 -3.149950504303 -0.059667151421309 -1.2077965948265e-05
-0.7792364358902 -0.4654760658741 -1.9707622528076 -0.7741105556488 -3.2201313972473 -0.068671986460686 7.7769458584953e-05
-0.75468075275421 -0.46427872776985 -1.9787263870239 -0.76895713806152 -3.2007188796997 -0.070046469569206 2.3192678781925e-05
-0.72587668895721 -0.45812538266182 -1.9885518550873 -0.76782560348511 -3.1722085475922 -0.072683855891228 1.5183746654657e-05
-0.69684946537018 -0.45277813076973 -1.9969871044159 -0.76784014701843 -3.1441404819489 -0.075730606913567 2.9893892133259e-05
-0.66758096218109 -0.44747856259346 -2.005117893219 -0.76778149604797 -3.114052772522 -0.078548714518547 5.8566740335664e-05
-0.63814556598663 -0.44273069500923 -2.0121829509735 -0.76650452613831 -3.085107088089 -0.079606339335442 -2.7846637749462e-05
-0.60857975482941 -0.43804171681404 -2.0191648006439 -0.76258611679077 -3.0553653240204 -0.077964350581169 -1.4668180483568e-05
-0.57892906665802 -0.43344286084175 -2.0260894298553 -0.75514245033264 -3.0257432460785 -0.072833582758904 -1.8606648154673e-05
-0.54927599430084 -0.42903712391853 -2.0329155921936 -0.74398612976074 -2.9960336685181 -0.064130827784538 -5.5304590205196e-05
-0.51963937282562 -0.42515805363655 -2.0394811630249 -0.72992658615112 -2.9664585590363 -0.052539154887199 3.927385841962e-05
-0.49007499217987 -0.42177441716194 -2.045538187027 -0.71440744400024 -2.9365730285645 -0.039800688624382 3.6304609238869e-05
-0.46064245700836 -0.41935017704964 -2.050404548645 -0.69952392578125 -2.9072048664093 -0.027345463633537 3.4237487852806e-05
-0.43140661716461 -0.41797640919685 -2.0536797046661 -0.68715167045593 -2.8779783248901 -0.016915366053581 -5.4562965488003e-06
-0.40242826938629 -0.41754058003426 -2.0552332401276 -0.67826461791992 -2.8486669063568 -0.0092010945081711 8.9953544375021e-05
-0.37364280223846 -0.41838052868843 -2.054515838623 -0.67330551147461 -2.8208315372467 -0.0044959038496017 4.5127999328543e-05
-0.34530174732208 -0.41973379254341 -2.0525529384613 -0.67123556137085 -2.7922060489655 -0.0017679184675217 3.1692095490143e-06
-0.31730377674103 -0.42193487286568 -2.0491449832916 -0.67057871818542 -2.7645177841187 3.6910176277161e-05 2.5793122404139e-05
-0.28972995281219 -0.42478707432747 -2.0444958209991 -0.6713080406189 -2.7368967533112 0.001078799366951 7.0183305069804e-05
-0.26249277591705 -0.42814281582832 -2.0388531684875 -0.67297744750977 -2.7093653678894 0.0016591101884842 2.6834491109184e-06
-0.23579561710358 -0.4321680366993 -2.0319664478302 -0.67556619644165 -2.6824326515198 0.001902773976326 1.9646431610454e-05
-0.20963037014008 -0.43684151768684 -2.023998260498 -0.67863821983337 -2.6564884185791 0.0021736174821854 -8.7019479906303e-06
-0.18401539325714 -0.44201996922493 -2.0150146484375 -0.68222427368164 -2.6308889389038 0.0022675544023514 8.2597485743463e-05
-0.15898549556732 -0.44785383343697 -2.0049562454224 -0.68640041351318 -2.605929851532 0.0023052245378494 2.1458787159645e-05
-0.13442957401276 -0.45417693257332 -1.994019985199 -0.69097423553467 -2.581241607666 0.0022742301225662 1.8755978089757e-05
-0.11055815219879 -0.46108320355415 -1.9820582866669 -0.69597458839417 -2.5574555397034 0.0023757964372635 6.5314488892909e-05
-0.087183117866516 -0.46843579411507 -1.969215631485 -0.70145225524902 -2.5338637828827 0.0022794753313065 4.6532579290215e-05
-0.064513087272644 -0.47633674740791 -1.9552788734436 -0.70741415023804 -2.5113458633423 0.00229711830616 2.2901108422957e-06
-0.042409539222717 -0.48469689488411 -1.9405331611633 -0.71384119987488 -2.489173412323 0.0022699385881424 1.9653407434816e-05
-0.020856261253357 -0.4935636818409 -1.9248805046082 -0.7207190990448 -2.4672586917877 0.0021612197160721 1.6606305507594e-05
-1.680850982666e-05 -0.50291466712952 -1.9082496166229 -0.7279589176178 -2.4465327262878 0.0021583586931229 1.0489693522686e-05
0.020233988761902 -0.51270294189453 -1.890784740448 -0.73562693595886 -2.4261949062347 0.0021488219499588 3.0344965125551e-05
0.039952635765076 -0.52299022674561 -1.8724021911621 -0.74380493164062 -2.4062345027924 0.0019900351762772 1.4019205991644e-05
0.059008002281189 -0.53368234634399 -1.8531153202057 -0.75261068344116 -2.3872535228729 0.0018507987260818 4.0657273530087e-06
0.077510237693787 -0.54486322402954 -1.832982301712 -0.76158857345581 -2.3687345981598 0.0018131285905838 0.00010172740439884
0.09542977809906 -0.55640292167664 -1.8120448589325 -0.77086806297302 -2.3506989479065 0.0019251853227615 1.6201836842811e-05
0.1128181219101 -0.56829452514648 -1.7902238368988 -0.78099274635315 -2.3330030441284 0.0017787963151932 6.4408304751851e-05
0.12961900234222 -0.58070826530457 -1.7675271034241 -0.79109358787537 -2.3163673877716 0.0018670111894608 -3.9676830056123e-05
0.14591920375824 -0.59351873397827 -1.7439520359039 -0.80192708969116 -2.3000299930573 0.0017392188310623 7.9533485404681e-05
0.16165578365326 -0.60675644874573 -1.7195453643799 -0.81337094306946 -2.2842085361481 0.0015790015459061 2.8134760214016e-05
0.17689788341522 -0.6203465461731 -1.6942584514618 -0.8250515460968 -2.2689237594604 0.0015513449907303 1.942403105204e-05
