3.5965493339063e-07 9.485001584153e-08 0.91483908891678
2.2730864657206e-07 2.6348715209679e-07 0.91483920812607
-2.6486637239032e-07 -1.7943325758552e-07 0.91483920812607
-5.5937681509022e-07 -3.567148496586e-07 0.91483932733536
-4.0774096987661e-07 -4.5648061330894e-08 0.91483938694
-5.8621111520551e-07 2.5750580334716e-07 0.91483944654465
-1.0850786793526e-06 7.2678275842009e-08 0.91483932733536
-5.3252506404533e-07 -1.7481116287854e-07 0.91483956575394
-6.7691428284888e-07 -4.3870053900719e-07 0.91483944654465
-8.1250152561552e-07 -4.9839962912301e-07 0.91483950614929
-8.9209333964391e-07 -4.7539973024868e-07 0.91483968496323
-1.4875590750307e-06 -5.7050624491239e-07 0.91483974456787
-1.3214968248576e-06 -7.6567471296585e-07 0.91483980417252
-1.4265027630245e-06 -2.7505657840265e-07 0.91483974456787
-1.462855493628e-06 2.0334003636435e-07 0.91483980417252
-9.8288262506685e-07 1.4491169508801e-07 0.91483980417252
-9.840575785347e-07 6.8014128373761e-07 0.91483998298645
-1.3377410823523e-06 5.6106699730663e-07 0.91483998298645
-1.1202080258954e-06 6.7324560859561e-07 0.91484010219574
-1.0621052979332e-06 7.9305476674563e-07 0.91484004259109
-1.1040135632356e-06 1.4010581708135e-06 0.91483998298645
-8.1704405374694e-07 1.362115426673e-06 0.91483992338181
-7.2169564191427e-07 1.082022549781e-06 0.91484010219574
-7.722625241513e-07 1.4642889709648e-06 0.91484016180038
-6.2525532484869e-07 1.3096951079206e-06 0.91483992338181
-7.5040003366666e-07 1.6761027836765e-06 0.91484004259109
-2.755925834208e-07 1.8104382206729e-06 0.91483998298645
-3.9002202356642e-07 1.5296752735594e-06 0.91483992338181
-1.2013364880659e-07 1.8041718021777e-06 0.91483980417252
-1.409514709394e-07 2.089780764436e-06 0.91483956575394
0.00084392930148169 -0.00046222432865761 0.91495132446289
0.010753310285509 -0.0081113735213876 0.91516190767288
0.022198041900992 -0.013992328196764 0.91534286737442
0.034408953040838 -0.018928354606032 0.91552442312241
0.046451956033707 -0.024083567783237 0.91558885574341
0.056066244840622 -0.032140977680683 0.91559380292892
0.065692968666553 -0.040134347975254 0.91563540697098
0.075106225907803 -0.048344489187002 0.91565608978271
0.084871470928192 -0.05618841201067 0.91563558578491
0.09448017179966 -0.064200602471828 0.9156077504158
0.10409624874592 -0.072261847555637 0.91558516025543
0.11371657252312 -0.080177448689938 0.91556221246719
0.12326877564192 -0.088275574147701 0.91552978754044
0.13288334012032 -0.096272945404053 0.91553485393524
0.14246875047684 -0.10431306064129 0.91554409265518
0.15197052061558 -0.11245219409466 0.91554433107376
0.1616977751255 -0.12037839740515 0.91567695140839
0.17123962938786 -0.12839645147324 0.91559994220734
0.18091270327568 -0.13642041385174 0.91554868221283
0.19046884775162 -0.14438457787037 0.91551315784454
0.20010145008564 -0.15242451429367 0.91548717021942
0.20963244140148 -0.16049112379551 0.9154806137085
0.21925577521324 -0.16848473250866 0.91546392440796
0.22877542674541 -0.1765840947628 0.91545802354813
0.23843285441399 -0.18455903232098 0.91544789075851
0.24808749556541 -0.19248834252357 0.91540789604187
0.25759446620941 -0.20060460269451 0.9154127240181
