-0.023120895028114 0.074455618858337 1.2726440429688 0.0029880357906222 0.00025271371123381 -3.0859236717224 4.8973568482324e-05
-0.030194509774446 0.084059491753578 1.2506403923035 0.0029605522286147 0.00052192813018337 -3.0538625717163 5.5126532970462e-05
-0.037291873246431 0.093659117817879 1.2286274433136 0.0029422822408378 0.00059032154968008 -3.0216889381409 -3.9806291169953e-05
-0.044357426464558 0.10326699912548 1.206604719162 0.0030672145076096 0.00076918222475797 -2.9891593456268 -1.1899030141649e-05
-0.051463335752487 0.11285123229027 1.1845874786377 0.0031408141367137 0.00095638138009235 -2.9572954177856 -1.7452819520258e-05
-0.058545790612698 0.12244716286659 1.1625815629959 0.0033561459276825 0.0012587204109877 -2.925320148468 1.3832890545018e-05
-0.065624222159386 0.13205924630165 1.1405707597733 0.0036227602977306 0.0013835339341313 -2.8924949169159 5.4698784879292e-06
-0.072709359228611 0.1416580080986 1.1185419559479 0.0038984217680991 0.0018827668391168 -2.860054731369 -3.6012309010403e-06
-0.07976908236742 0.15126380324364 1.0965337753296 0.0043137595057487 0.0020845897961408 -2.8273723125458 -3.8529824450961e-06
-0.086872532963753 0.16085487604141 1.0745180845261 0.0047750431112945 0.0024898601695895 -2.7951993942261 -1.5605390899509e-06
-0.093947529792786 0.17047755420208 1.0525031089783 0.0051363641396165 0.0030198676977307 -2.762274980545 3.7805468309671e-05
-0.10103267431259 0.18004769086838 1.0304794311523 0.0058714710175991 0.0034369088243693 -2.7302176952362 -3.0777518986724e-05
-0.10811069607735 0.18965920805931 1.0084795951843 0.0063318144530058 0.0039909649640322 -2.6968760490417 5.9453101130202e-05
-0.11518754065037 0.19924761354923 0.986452460289 0.0069397771731019 0.0046864626929164 -2.6644380092621 4.5253145799506e-05
-0.12227235734463 0.20884887874126 0.96444982290268 0.007444316521287 0.0051552741788328 -2.6318359375 -1.7258231309825e-05
-0.1247840821743 0.21153797209263 0.94999086856842 0.0061370842158794 0.0045152762904763 -2.606987953186 1.0036188541562e-05
-0.11912293732166 0.20193591713905 0.94998073577881 0.0032666851766407 0.0023712133988738 -2.6071739196777 5.8968962548533e-05
-0.11347833275795 0.19231237471104 0.9499751329422 0.0014822586672381 0.0010472792200744 -2.607547044754 9.1611342213582e-05
-0.1077773720026 0.18274182081223 0.9499813914299 0.00057429022854194 0.00034340284764767 -2.6063692569733 3.636626934167e-05
-0.10212920606136 0.1731274574995 0.94997799396515 0.00017953157657757 6.4977270085365e-05 -2.6070809364319 -1.9349299691385e-06
-0.096481397747993 0.16353124380112 0.94996583461761 2.5182929675793e-05 -0.00010369338997407 -2.6069982051849 4.9606416723691e-05
-0.090824201703072 0.15394452214241 0.94997310638428 -0.00015137548325583 -0.00023649841023143 -2.6066591739655 3.4370102639514e-06
-0.085134476423264 0.14432516694069 0.9499728679657 -0.00024137012951542 -0.00034664565464482 -2.6071307659149 3.6863722925773e-05
-0.07948662340641 0.13472336530685 0.94996458292007 -0.00021780507813673 -0.00024122450849973 -2.6075646877289 2.1810237740283e-05
-0.07381297647953 0.12512803077698 0.94996839761734 -0.00037953050923534 -0.00030407233862206 -2.606861114502 4.2210158426315e-06
-0.068169996142387 0.11554695665836 0.94996219873428 -0.00037075704312883 -0.00034519779728726 -2.6067700386047 9.4463073764928e-05
-0.06249625980854 0.10593145340681 0.94996690750122 -0.00049164018128067 -0.00042717711767182 -2.6069505214691 3.0662951758131e-05
-0.056834146380424 0.096328787505627 0.94997292757034 -0.00039342179661617 -0.00041793799027801 -2.6072497367859 1.369982601318e-05
-0.051158763468266 0.086737103760242 0.94997131824493 -0.0005959349218756 -0.00050763296894729 -2.6068360805511 6.2437778979074e-05
-0.045491464436054 0.077138625085354 0.94995898008347 -0.00037571479333565 -0.00056956574553624 -2.6070022583008 7.6886768511031e-05
-0.03982026129961 0.067538864910603 0.94997179508209 -0.00071279442636296 -0.0005553524242714 -2.6068134307861 1.6710933778086e-05
-0.03418406099081 0.057940065860748 0.94998854398727 -0.00083266949513927 -0.00052715430501848 -2.6068959236145 -4.594236088451e-06
-0.028553739190102 0.048346973955631 0.94997274875641 -0.00081162468995899 -0.000420674768975 -2.6078553199768 -2.4749097065069e-06
-0.022873766720295 0.038769327104092 0.94998633861542 -0.00094091065693647 -0.00067410571500659 -2.6068291664124 1.9691466150107e-05
-0.017221868038177 0.029163867235184 0.94998383522034 -0.00089627900160849 -0.00061101774917915 -2.6068863868713 5.6271906942129e-05
-0.011545181274414 0.019558399915695 0.94996362924576 -0.0011856764322147 -0.00056780345039442 -2.607017993927 0.0001751220843289
-0.0058732554316521 0.0099506676197052 0.94995498657227 -0.0012911494122818 -0.00088258541654795 -2.6067943572998 3.8692282942066e-06
-0.00023167580366135 0.00035851448774338 0.94995659589767 -0.0012210434069857 -0.00082479795673862 -2.6071600914001 1.7950027540792e-05
0.0054608136415482 -0.0092405676841736 0.9499346613884 -0.0012897665146738 -0.00079029577318579 -2.6072216033936 2.0195708202664e-05
0.011105440557003 -0.018839076161385 0.94995141029358 -0.0012292501050979 -0.00072643026942387 -2.6071705818176 6.059149018256e-05
0.016759656369686 -0.028430782258511 0.94993579387665 -0.0010086480760947 -0.00077982048969716 -2.6076059341431 5.4705687944079e-05
0.0224439650774 -0.038046047091484 0.9499608874321 -0.0011380120413378 -0.00080767972394824 -2.6076762676239 2.9030888981652e-05
0.028124492615461 -0.047634810209274 0.94994127750397 -0.00091535586398095 -0.00090899795759469 -2.6076169013977 -1.3884469808545e-05
0.033757731318474 -0.057234413921833 0.94993168115616 -0.0011064311256632 -0.00073787214932963 -2.6079521179199 2.7611697532848e-06
0.039438489824533 -0.066840656101704 0.94991391897202 -0.00098117638844997 -0.001015139860101 -2.6080260276794 7.3804840212688e-06
0.045098643749952 -0.076440185308456 0.94994020462036 -0.0010405667126179 -0.00091959070414305 -2.6076455116272 9.6381801995449e-05
0.05075504258275 -0.086022756993771 0.94991672039032 -0.0010488183470443 -0.0007911654538475 -2.6081640720367 -2.3580934794154e-05
0.056375298649073 -0.095607534050941 0.95002657175064 -0.0013031223788857 -0.00086035171989352 -2.6081871986389 -2.7785434213001e-05
0.062034390866756 -0.10522018373013 0.94999653100967 -0.0011014314368367 -0.0007448029355146 -2.6080203056335 -1.3132982985553e-06
0.067728780210018 -0.11481933295727 0.94994384050369 -0.0012122635962442 -0.0011486951261759 -2.6079592704773 -4.9866565632328e-07
0.073423705995083 -0.12444493174553 0.94995385408401 -0.001345528406091 -0.00099307450000197 -2.6079206466675 1.4330546946439e-05
0.079058818519115 -0.13403105735779 0.94989794492722 -0.0010538949863985 -0.0009378680260852 -2.6081368923187 -3.3243988582399e-05
0.084689319133759 -0.14362968504429 0.94993913173676 -0.001105668139644 -0.00083904748316854 -2.6083455085754 3.0368603347597e-06
0.090375646948814 -0.15322625637054 0.94995808601379 -0.00091046781744808 -0.00082890060730278 -2.6085474491119 5.758924089605e-05
0.096038803458214 -0.16283805668354 0.94984835386276 -0.00091339915525168 -0.00082103023305535 -2.6082580089569 5.0674325393629e-06
0.10173132270575 -0.17242708802223 0.94985896348953 -0.00085980299627408 -0.00095057347789407 -2.6083121299744 8.2709251728375e-05
0.10737442970276 -0.18204064667225 0.94991773366928 -0.0011196114355698 -0.0010020951740444 -2.6087713241577 5.1281771447975e-05
0.11305370181799 -0.19162140786648 0.94983994960785 -0.0010414239950478 -0.00068193749757484 -2.6082699298859 7.6290605647955e-05
0.11869567632675 -0.20122273266315 0.9498633146286 -0.0010818538721651 -0.00083449843805283 -2.6085679531097 5.073392912891e-06
0.12438037246466 -0.21080693602562 0.94982355833054 -0.0011279123136774 -0.00094582780729979 -2.6090276241302 8.5823940025875e-06
