-0.071506887674332 0.25546786189079 -1.8458139896393 -1.554224729538 -1.6977229118347 -0.00045279809273779 4.8973568482324e-05
-0.11358514428139 0.26188895106316 -1.9066386222839 -1.4997973442078 -1.7719905376434 -0.00068668671883643 5.5126532970462e-05
-0.15746656060219 0.26314350962639 -1.9639873504639 -1.4437465667725 -1.8482115268707 -0.0010757858399302 -3.9806291169953e-05
-0.20264282822609 0.25909325480461 -2.0179228782654 -1.3860051631927 -1.9256951808929 -0.001474421704188 -1.1899030141649e-05
-0.24901428818703 0.24933335185051 -2.068363904953 -1.3260889053345 -2.0041558742523 -0.0018160755280405 -1.7452819520258e-05
-0.29636636376381 0.23355194926262 -2.1151525974274 -1.263899564743 -2.0839891433716 -0.0023146087769419 1.3832890545018e-05
-0.3443149626255 0.21143338084221 -2.1581523418427 -1.1994349956512 -2.1641657352448 -0.0029719287995249 5.4698784879292e-06
-0.39266839623451 0.18270775675774 -2.1971809864044 -1.132447719574 -2.2449162006378 -0.0039229802787304 -3.6012309010403e-06
-0.44104996323586 0.14729687571526 -2.2319641113281 -1.0632979869843 -2.3258397579193 -0.0049512796103954 -3.8529824450961e-06
-0.48921051621437 0.10518977046013 -2.2622516155243 -0.99226641654968 -2.4064466953278 -0.00637511536479 -1.5605390899509e-06
-0.53692376613617 0.056456536054611 -2.2877042293549 -0.91990852355957 -2.4869384765625 -0.0084600858390331 3.7805468309671e-05
-0.58376944065094 0.0015711486339569 -2.3080704212189 -0.84721684455872 -2.5662198066711 -0.011036437004805 -3.0777518986724e-05
-0.62972390651703 -0.058969527482986 -2.3229970932007 -0.77512192726135 -2.6449720859528 -0.014531176537275 5.9453101130202e-05
-0.67444789409637 -0.12440350651741 -2.3323409557343 -0.70507216453552 -2.7223162651062 -0.019343893975019 4.5253145799506e-05
-0.71790206432343 -0.19377687573433 -2.3358495235443 -0.63858795166016 -2.7982544898987 -0.025843899697065 -1.7258231309825e-05
-0.73297989368439 -0.24091699719429 -2.3361206054688 -0.58978605270386 -2.837883234024 -0.024865429848433 1.0036188541562e-05
-0.69878542423248 -0.23956134915352 -2.3402433395386 -0.5736198425293 -2.8040366172791 -0.011594098061323 5.8968962548533e-05
-0.66492712497711 -0.23938325047493 -2.3418023586273 -0.56518197059631 -2.7699363231659 -0.0046282224357128 9.1611342213582e-05
-0.63170301914215 -0.2403989136219 -2.3409075737 -0.56195044517517 -2.7377288341522 -0.0014989785850048 3.636626934167e-05
-0.59880697727203 -0.24190381169319 -2.3390138149261 -0.56090426445007 -2.7041325569153 -0.00011638924479485 -1.9349299691385e-06
-0.56659519672394 -0.24427059292793 -2.3356690406799 -0.56128072738647 -2.6718900203705 0.00043841078877449 4.9606416723691e-05
-0.5352269411087 -0.24741676449776 -2.3310647010803 -0.56236696243286 -2.6411485671997 0.00082655623555183 3.4370102639514e-06
-0.50424683094025 -0.25097540020943 -2.3257510662079 -0.56409430503845 -2.6094055175781 0.00081654265522957 3.6863722925773e-05
-0.47425973415375 -0.25532558560371 -2.3192608356476 -0.56615233421326 -2.5794746875763 0.00087900832295418 2.1810237740283e-05
-0.44510090351105 -0.26033094525337 -2.3117368221283 -0.56853175163269 -2.5505220890045 0.0010249204933643 4.2210158426315e-06
-0.41676938533783 -0.26594427227974 -2.3032555580139 -0.57131481170654 -2.5223331451416 0.0010554380714893 9.4463073764928e-05
-0.38918745517731 -0.27206042408943 -2.2939276695251 -0.5744731426239 -2.4946477413177 0.00107117369771 3.0662951758131e-05
-0.36244666576385 -0.27864244580269 -2.2837233543396 -0.5781946182251 -2.4674777984619 0.00093241408467293 1.369982601318e-05
-0.33679687976837 -0.28600051999092 -2.2724702358246 -0.5818088054657 -2.4424164295197 0.0012042112648487 6.2437778979074e-05
-0.31168496608734 -0.2935748398304 -2.2606267929077 -0.5862410068512 -2.4166188240051 0.00107117369771 7.6886768511031e-05
-0.28769099712372 -0.30192735791206 -2.2476472854614 -0.59063911437988 -2.3932101726532 0.0011279173195362 1.6710933778086e-05
-0.26453387737274 -0.31057193875313 -2.2339503765106 -0.59567403793335 -2.3700535297394 0.0011355467140675 -4.594236088451e-06
-0.24222075939178 -0.31960013508797 -2.2195935249329 -0.60094499588013 -2.3473827838898 0.0011450834572315 -2.4749097065069e-06
-0.22074568271637 -0.32912638783455 -2.2043516635895 -0.60650706291199 -2.3262116909027 0.0012161321938038 1.9691466150107e-05
-0.19999706745148 -0.3390009701252 -2.1883878707886 -0.61255383491516 -2.3053946495056 0.0012428350746632 5.6271906942129e-05
-0.18010294437408 -0.34933760762215 -2.1716349124908 -0.61882996559143 -2.2856905460358 0.0013062544167042 0.0001751220843289
-0.16103565692902 -0.35999682545662 -2.1543204784393 -0.62516045570374 -2.2667410373688 0.0014226026833057 3.8692282942066e-06
-0.14257180690765 -0.37082579731941 -2.1363086700439 -0.63252067565918 -2.2477159500122 0.0013196058571339 1.7950027540792e-05
-0.12492406368256 -0.38212779164314 -2.1175558567047 -0.63976430892944 -2.2303214073181 0.0014159269630909 2.0195708202664e-05
-0.10794842243195 -0.39357832074165 -2.0981552600861 -0.64793705940247 -2.2130885124207 0.0012957639992237 6.059149018256e-05
-0.091524243354797 -0.4053843319416 -2.0781543254852 -0.65630078315735 -2.1962847709656 0.0012933798134327 5.4705687944079e-05
-0.075825810432434 -0.41745427250862 -2.0575370788574 -0.66466164588928 -2.1805403232574 0.0012838430702686 2.9030888981652e-05
-0.060695767402649 -0.42989447712898 -2.0362598896027 -0.67368292808533 -2.1652371883392 0.0012018270790577 -1.3884469808545e-05
-0.046244502067566 -0.44253161549568 -2.0144007205963 -0.68288064002991 -2.1507303714752 0.001223761588335 2.7611697532848e-06
-0.032291054725647 -0.45552137494087 -1.9919254779816 -0.69242262840271 -2.1365730762482 0.0012838430702686 7.3804840212688e-06
-0.018979907035828 -0.46867898106575 -1.9688515663147 -0.70219278335571 -2.1235642433167 0.001216609030962 9.6381801995449e-05
-0.0060971975326538 -0.48202112317085 -1.9453413486481 -0.71228170394897 -2.1103928089142 0.0012132711708546 -2.3580934794154e-05
0.0062657594680786 -0.49563530087471 -1.9209764003754 -0.72340416908264 -2.0980551242828 0.0011074133217335 -2.7785434213001e-05
0.018140912055969 -0.50962781906128 -1.8960800170898 -0.73444318771362 -2.0862486362457 0.0010268278419971 -1.3132982985553e-06
0.029528737068176 -0.52382302284241 -1.870888710022 -0.74499034881592 -2.0748925209045 0.0012938566505909 -4.9866565632328e-07
0.040666699409485 -0.53815007209778 -1.8449857234955 -0.7564868927002 -2.0635941028595 0.0010058470070362 1.4330546946439e-05
0.051264405250549 -0.55287003517151 -1.8184866905212 -0.768390417099 -2.0527758598328 0.0011560507118702 -3.3243988582399e-05
0.061488747596741 -0.56761503219604 -1.791393995285 -0.78071260452271 -2.0423929691315 0.00093479827046394 3.0368603347597e-06
0.071326375007629 -0.58267211914062 -1.763601064682 -0.79381084442139 -2.0324726104736 0.00093289092183113 5.758924089605e-05
0.080806374549866 -0.59830641746521 -1.7353110313416 -0.80634927749634 -2.0231359004974 0.00095530226826668 5.0674325393629e-06
0.090005040168762 -0.61391305923462 -1.7064578533173 -0.81958794593811 -2.0138206481934 0.00096579268574715 8.2709251728375e-05
0.098777890205383 -0.62971210479736 -1.6768562793732 -0.83323764801025 -2.0050609111786 0.00099678710103035 5.1281771447975e-05
0.10729658603668 -0.64607715606689 -1.646623134613 -0.84739136695862 -1.9966623783112 0.00086374953389168 7.6290605647955e-05
0.11552917957306 -0.66242837905884 -1.6159086227417 -0.86150670051575 -1.9880414009094 0.00077791884541512 5.073392912891e-06
0.12349426746368 -0.67932558059692 -1.5842802524567 -0.87613487243652 -1.9804191589355 0.00091715529561043 8.5823940025875e-06
