-5.3503310937231e-07 -1.119340851119e-07 0.91483873128891
-3.1744718853588e-07 -4.6027028588469e-07 0.91483873128891
-4.9615152875049e-07 -7.085945981089e-07 0.91483896970749
-3.0660240213365e-07 -1.0620080956869e-06 0.91483932733536
-2.0357009589134e-07 -9.0796089580181e-07 0.91483938694
6.6938198983735e-08 -1.2674819345193e-06 0.91483914852142
1.1650604392344e-07 -1.1579901411096e-06 0.91483914852142
5.1478383511494e-07 -1.3564310847869e-06 0.91483896970749
7.6238399060458e-07 -1.2240948308317e-06 0.91483932733536
8.1332996160199e-07 -9.8077009624831e-07 0.91483950614929
1.007185915114e-06 -1.0866580169022e-06 0.91483944654465
4.588872570821e-07 -1.0239564289805e-06 0.91483938694
3.9742863577885e-07 -1.0894178785747e-06 0.91483920812607
6.8373725525817e-07 -1.1940787771891e-06 0.91483944654465
4.6544366227863e-07 -1.2791947483493e-06 0.91483938694
4.3202933852626e-07 -1.3510675671569e-06 0.91483956575394
5.9634936633302e-07 -1.4268445056587e-06 0.91483980417252
5.2268103445385e-07 -1.526723394818e-06 0.91483956575394
6.445803819588e-07 -1.5603616247972e-06 0.91483932733536
8.7457704012195e-07 -1.2656767012231e-06 0.91483938694
3.695182329011e-07 -1.1274648841209e-06 0.91483956575394
4.3356996570765e-07 -1.3361024002734e-06 0.91483950614929
4.9009747726814e-07 -9.3941548584553e-07 0.91483962535858
2.6124735086341e-07 -9.2874091706108e-07 0.91483962535858
3.0981929910467e-08 -3.2383803727498e-07 0.91483980417252
3.3139104971269e-07 1.2280615635518e-07 0.91483980417252
4.1322127231069e-07 9.1853351591453e-08 0.91483992338181
3.8616136066594e-07 6.2736596362356e-08 0.91483986377716
3.1363768471238e-07 -1.2228915124979e-07 0.91483986377716
5.0182705990665e-07 -3.6588843954632e-07 0.91483968496323
0.0030683514196426 -0.010727979242802 0.91497957706451
0.0061388579197228 -0.021808251738548 0.91516470909119
0.0092028416693211 -0.032962623983622 0.91530692577362
0.012843030504882 -0.043802864849567 0.9155290722847
0.018197704106569 -0.053577184677124 0.91557627916336
0.024105271324515 -0.063104689121246 0.91555196046829
0.029774477705359 -0.072719253599644 0.91562813520432
0.035350270569324 -0.082316428422928 0.91572391986847
0.041011199355125 -0.091959856450558 0.91575056314468
0.046603955328465 -0.10162169486284 0.915795981884
0.052269198000431 -0.11116328090429 0.9158108830452
0.057949364185333 -0.12079771608114 0.91587936878204
0.063670568168163 -0.13032940030098 0.91581737995148
0.069254875183105 -0.1399956792593 0.91583663225174
0.075033336877823 -0.14950370788574 0.91581463813782
0.080784671008587 -0.15904775261879 0.91558474302292
0.086290828883648 -0.1687378436327 0.91572695970535
0.091870658099651 -0.17837333679199 0.91538268327713
0.097663551568985 -0.18781366944313 0.91537487506866
0.103256046772 -0.19750079512596 0.91543620824814
0.10880297422409 -0.20723919570446 0.91560953855515
0.11433719098568 -0.21689324080944 0.91567534208298
0.1201226785779 -0.22641249001026 0.91566687822342
0.12577347457409 -0.23601515591145 0.91582876443863
0.13138574361801 -0.24567973613739 0.91577064990997
0.13710197806358 -0.25524717569351 0.91577237844467
0.14286077022552 -0.26478040218353 0.91576051712036
0.14862552285194 -0.27433225512505 0.91566246747971
0.15421308577061 -0.28387984633446 0.91557049751282
0.16005432605743 -0.29341217875481 0.91554892063141
