-0.010315991938114 0.074451342225075 1.2797883749008 0.0024815362412483 -4.7666977479821e-05 -3.1363427639008 7.1804868639447e-05
-0.010507684201002 0.084036931395531 1.2616883516312 0.002492279978469 9.2330876213964e-05 -3.1341288089752 0.00017819218919612
-0.010621979832649 0.093655943870544 1.2436180114746 0.0024347400758415 -2.551822035457e-05 -3.1316101551056 4.2849598685279e-05
-0.010829223319888 0.10323801636696 1.2255289554596 0.0024814170319587 0.0001167704249383 -3.1293160915375 5.754215453635e-05
-0.010944254696369 0.11285603046417 1.2074621915817 0.0023092520423234 4.5420518290484e-05 -3.1263117790222 -1.6638425677229e-06
-0.011144731193781 0.12246051430702 1.1893744468689 0.002345179207623 4.3039726733696e-05 -3.123391866684 2.8116775865783e-05
-0.011324163526297 0.13206265866756 1.1712837219238 0.002325564622879 0.00017693990957923 -3.1209907531738 7.7454031270463e-05
-0.01147423312068 0.14165824651718 1.1532157659531 0.0023180022835732 0.00012650749704335 -3.1185371875763 0.00012658034393098
-0.011618360877037 0.15127182006836 1.1351299285889 0.002351036760956 4.7794004785828e-05 -3.1150844097137 -1.4380168977368e-05
-0.011830128729343 0.16085657477379 1.1170392036438 0.0024389212485403 0.00012466672342271 -3.113689661026 -6.4510795709793e-06
-0.011953707784414 0.17047044634819 1.0989696979523 0.0025036199949682 0.00010300878784619 -3.1105709075928 2.188789221691e-05
-0.012119015678763 0.18007019162178 1.0808788537979 0.0026783545035869 0.00019664732099045 -3.1079103946686 -1.5151103980315e-05
-0.012318145483732 0.18965311348438 1.0627963542938 0.0027737342752516 0.00016159437655006 -3.1058902740479 7.1334893618769e-06
-0.012451710179448 0.19926819205284 1.0447156429291 0.0030564062763005 0.00027192279230803 -3.1029672622681 -3.5702231571122e-07
-0.012631746008992 0.20887041091919 1.0266335010529 0.0034469806123525 0.00027196627343073 -3.1006469726562 3.5501030652085e-05
-0.012808214873075 0.21846076846123 1.0085480213165 0.0039531015790999 0.00026707022334449 -3.0982511043549 -2.1672305592801e-05
-0.012983987107873 0.22806166112423 0.99046927690506 0.0047389674000442 0.00052615441381931 -3.0967583656311 2.6812993382919e-05
-0.013121981173754 0.23765715956688 0.97238320112228 0.0061585805378854 0.00059071759460494 -3.09459400177 1.4658526197309e-05
-0.013304136693478 0.24726352095604 0.95430332422256 0.0083656627684832 0.00073878717375919 -3.0929527282715 3.4390697692288e-05
-0.012978911399841 0.24237148463726 0.94999104738235 0.0016165490960702 0.00020214932737872 -3.0886158943176 -0.0050871255807579
-0.012438524514437 0.23279435932636 0.94999086856842 0.0015610366826877 0.0002068763715215 -3.0875923633575 -0.011180067434907
-0.011923894286156 0.22317403554916 0.94999289512634 0.0015112259425223 6.9895126216579e-05 -3.0878891944885 -0.017654983326793
-0.011438215151429 0.21356210112572 0.9499848484993 0.0015209610573947 0.00017163407756016 -3.0879755020142 -0.024067653343081
-0.010855887085199 0.2039914727211 0.94998782873154 0.0016752048395574 0.00021181502961554 -3.086484670639 -0.030849138274789
-0.010377883911133 0.19437962770462 0.94998645782471 0.0013936478644609 0.00015651487046853 -3.0874900817871 -0.037110779434443
-0.0098689049482346 0.18477712571621 0.9499871134758 0.00097221019677818 8.1515630881768e-05 -3.0874991416931 -0.043466579169035
-0.0093588884919882 0.17517624795437 0.9499819278717 0.00068262050626799 0.00015253933088388 -3.0874931812286 -0.049890849739313
-0.0088491961359978 0.1655865162611 0.94998186826706 0.00037786579923704 0.00014390362775885 -3.0875065326691 -0.056332737207413
-0.0083406791090965 0.15599085390568 0.94998586177826 -8.7568427261431e-05 4.7626956074964e-05 -3.0874803066254 -0.062690086662769
-0.007818790152669 0.14638492465019 0.94997984170914 -0.00054724130313843 -6.2341176089831e-05 -3.0877733230591 -0.069108456373215
-0.0073123425245285 0.13678842782974 0.94997954368591 -0.0010220444528386 -2.1376121367211e-05 -3.087874174118 -0.07535307854414
-0.0068083219230175 0.12718395888805 0.94997370243073 -0.0012156186858192 1.2185028026579e-05 -3.0882742404938 -0.081594996154308
-0.0062848739326 0.11759625375271 0.94999301433563 -0.0014146293979138 -0.00017304689390585 -3.0882682800293 -0.08750356733799
-0.0057802964001894 0.10797400772572 0.95001548528671 -0.0014042835682631 -5.583994789049e-05 -3.0886993408203 -0.092367559671402
-0.0052624903619289 0.098383530974388 0.95002245903015 -0.0012131753610447 -9.5099727332126e-05 -3.0882849693298 -0.097189426422119
-0.0047887843102217 0.089970588684082 0.9542064666748 -0.0044555463828146 -0.00023061188403517 -3.0878984928131 -0.10108507424593
-0.0048154052346945 0.089867278933525 1.0015498399734 -0.0094380183145404 -0.00077089667320251 -3.088173866272 -0.10189862549305
-0.0048136524856091 0.089884579181671 1.0495717525482 -0.0090498346835375 -0.00042439019307494 -3.0881323814392 -0.10314939916134
-0.0048039266839623 0.089868202805519 1.0975480079651 -0.0068618548102677 -0.00048569022328593 -3.0876259803772 -0.10470862686634
-0.0048050973564386 0.089856937527657 1.1455547809601 -0.0060576694086194 -0.00035771733382717 -3.0882885456085 -0.10618681460619
-0.0048044761642814 0.089866429567337 1.1935296058655 -0.0060406560078263 -0.00050076929619536 -3.0881555080414 -0.10716932266951
-0.0048143118619919 0.089816331863403 1.2415031194687 -0.005443318746984 -0.00028124265372753 -3.0886473655701 -0.10762870311737
