-0.0033697152975947 0.27627035975456 -1.8426156044006 -1.5777289867401 -1.5791022777557 -6.2400795286521e-06 7.1804868639447e-05
-0.0053464435040951 0.29864308238029 -1.9043045043945 -1.5384016036987 -1.5837407112122 -3.9618680602871e-05 0.00017819218919612
-0.0073966048657894 0.31977269053459 -1.9646322727203 -1.4990780353546 -1.5883538722992 6.1709215515293e-05 4.2849598685279e-05
-0.0096174739301205 0.33939835429192 -2.0236718654633 -1.459668636322 -1.5928704738617 -0.00014714545977768 5.754215453635e-05
-0.012113478034735 0.3575744330883 -2.0815756320953 -1.4198732376099 -1.5983257293701 -6.7752072936855e-05 -1.6638425677229e-06
-0.014795210212469 0.37411496043205 -2.1384282112122 -1.3795683383942 -1.6036157608032 -6.7275235778652e-05 2.8116775865783e-05
-0.017762329429388 0.38893601298332 -2.1943342685699 -1.3384411334991 -1.6092681884766 -9.8269651061855e-05 7.7454031270463e-05
-0.020692255347967 0.40190789103508 -2.2493550777435 -1.2963576316833 -1.6143476963043 -0.00015644378436264 0.00012658034393098
-0.024286892265081 0.41259333491325 -2.303480386734 -1.2530002593994 -1.6209282875061 -0.00011114425433334 -1.4380168977368e-05
-0.028115417808294 0.42084166407585 -2.3568484783173 -1.2079148292542 -1.6274313926697 -0.00019721337594092 -6.4510795709793e-06
-0.032118704169989 0.42630097270012 -2.4094383716583 -1.1609134674072 -1.6339280605316 -0.00012425729073584 2.188789221691e-05
-0.036702539771795 0.42828556895256 -2.4613282680511 -1.1111242771149 -1.6411046981812 -0.00023345299996436 -1.5151103980315e-05
-0.041576530784369 0.42621418833733 -2.5124895572662 -1.0580730438232 -1.6481559276581 -0.00018481560982764 7.1334893618769e-06
-0.047145273536444 0.419124096632 -2.5629050731659 -1.0007910728455 -1.6562330722809 -0.00034074136056006 -3.5702231571122e-07
-0.053416635841131 0.40577360987663 -2.6124994754791 -0.93824148178101 -1.6648919582367 -0.0003927166108042 3.5501030652085e-05
-0.060282614082098 0.38453623652458 -2.6612350940704 -0.86888098716736 -1.6737699508667 -0.00049094506539404 -2.1672305592801e-05
-0.068141847848892 0.35320326685905 -2.7089867591858 -0.7905809879303 -1.6839053630829 -0.00075010606087744 2.6812993382919e-05
-0.076918035745621 0.30865475535393 -2.7554671764374 -0.70093989372253 -1.6947355270386 -0.00099710770882666 1.4658526197309e-05
-0.086674362421036 0.24693629145622 -2.800332069397 -0.59660315513611 -1.7060420513153 -0.0013392383698374 3.4390697692288e-05
-0.085048347711563 0.20100924372673 -2.7995700836182 -0.54461359977722 -1.7089960575104 -0.000286620343104 -0.0050871255807579
-0.075350433588028 0.17134949564934 -2.7815790176392 -0.53289246559143 -1.7002060413361 -0.0002398903016001 -0.011180067434907
-0.066141039133072 0.14335390925407 -2.7630817890167 -0.52333402633667 -1.6908655166626 -0.00019053765572608 -0.017654983326793
-0.058313757181168 0.11659428477287 -2.7438876628876 -0.51582503318787 -1.6832158565521 -0.00019935914315283 -0.024067653343081
-0.051317363977432 0.091153115034103 -2.7242035865784 -0.51017141342163 -1.6764776706696 -0.00017384835518897 -0.030849138274789
-0.045107036828995 0.066577404737473 -2.7041437625885 -0.50542688369751 -1.670033454895 -9.1355526819825e-05 -0.037110779434443
-0.039489895105362 0.043036431074142 -2.6837472915649 -0.50187063217163 -1.6643848419189 -0.00011090585030615 -0.043466579169035
-0.034358650445938 0.020367115736008 -2.6629974842072 -0.49956560134888 -1.6590597629547 -8.7063992395997e-05 -0.049890849739313
-0.029918104410172 -0.0014481842517853 -2.6417925357819 -0.49870872497559 -1.6546323299408 -0.00011329003609717 -0.056332737207413
-0.025932937860489 -0.02261808514595 -2.6203444004059 -0.49852681159973 -1.6507124900818 -4.1526043787599e-05 -0.062690086662769
-0.022093206644058 -0.043155938386917 -2.5986883640289 -0.49907779693604 -1.6466770172119 5.8609759435058e-05 -0.069108456373215
-0.018572002649307 -0.063026934862137 -2.5767018795013 -0.50079154968262 -1.6428334712982 9.866408072412e-05 -0.07535307854414
-0.015427261590958 -0.082343131303787 -2.5543837547302 -0.50358462333679 -1.6395835876465 6.957701407373e-05 -0.081594996154308
-0.012600094079971 -0.10125544667244 -2.5317499637604 -0.50723147392273 -1.6367900371552 0.00012250593863428 -0.08750356733799
-0.0099176466464996 -0.11960032582283 -2.5087890625 -0.511962890625 -1.6338324546814 9.2942034825683e-05 -0.092367559671402
-0.0075577795505524 -0.13758876919746 -2.485627412796 -0.51738405227661 -1.6316440105438 0.00013681105338037 -0.097189426422119
-0.0056349337100983 -0.13997748494148 -2.4630053043365 -0.53410840034485 -1.6299338340759 0.00042863539420068 -0.10108507424593
-0.0056797564029694 -0.0016703903675079 -2.417377948761 -0.71245789527893 -1.6299293041229 0.00099940947256982 -0.10189862549305
-0.0057312548160553 0.11176201701164 -2.35191822052 -0.89245080947876 -1.6301598548889 0.00071330717764795 -0.10314939916134
-0.0057326853275299 0.19635531306267 -2.2719478607178 -1.058541059494 -1.630199432373 0.00064082792960107 -0.10470862686634
-0.0056675970554352 0.25562092661858 -2.1803405284882 -1.2100677490234 -1.6300132274628 0.00060792616568506 -0.10618681460619
-0.0056170523166656 0.29292437434196 -2.0785510540009 -1.349517583847 -1.6298758983612 0.00053973845206201 -0.10716932266951
-0.005495697259903 0.31158968806267 -1.9671695232391 -1.4797823429108 -1.6294355392456 0.00043674162589014 -0.10762870311737
