7.2172241516455e-07 2.0498013952874e-07 0.91483873128891
6.4273422140104e-07 4.4032981350028e-07 0.91483873128891
5.3825516488359e-07 4.6995481284284e-07 0.91483867168427
7.8633735256517e-07 5.9834161447725e-07 0.91483843326569
9.2888853941986e-07 6.073775580262e-07 0.91483855247498
6.3838143660178e-07 4.3682595673999e-07 0.91483861207962
5.2155559160383e-07 5.7140636045006e-07 0.91483855247498
7.0590198220088e-07 7.4295792273915e-07 0.91483879089355
6.7806161041517e-07 9.4366168923443e-07 0.91483873128891
7.3309894332851e-07 4.6734791681047e-07 0.91483867168427
3.584450780636e-07 1.610406599184e-07 0.91483861207962
5.5643238283665e-07 4.8922842665888e-08 0.91483855247498
8.2927584799108e-07 -2.9398566425698e-07 0.91483849287033
8.2716843508024e-07 -9.8667021575238e-07 0.91483855247498
8.1805166018967e-07 -9.8424663974583e-07 0.91483849287033
7.8552409377153e-07 -1.4664319678559e-06 0.91483837366104
5.1595566219476e-07 -1.3638538121086e-06 0.91483843326569
3.5454769431453e-07 -1.6366292356906e-06 0.91483837366104
4.1339461631651e-07 -1.7847240769697e-06 0.91483843326569
5.4089500878263e-08 -1.678271360106e-06 0.9148383140564
2.5262508529522e-07 -1.4299363328973e-06 0.9148383140564
3.1040875114741e-07 -1.4562507431037e-06 0.91483843326569
2.9803607048962e-07 -1.4751634580534e-06 0.91483861207962
5.1812344281643e-07 -1.092987076845e-06 0.9148388504982
4.8521610551688e-07 -7.5439152169565e-07 0.91483920812607
-1.9746302371004e-08 -9.1379172317829e-07 0.91483902931213
-4.6830827216127e-08 -1.0852872946998e-06 0.91483914852142
-9.3533444101013e-08 -1.0724968433351e-06 0.91483902931213
-2.4792805675133e-07 -1.0512287644815e-06 0.91483920812607
6.9679956027358e-08 -9.538562153466e-07 0.91483908891678
2.0301489200847e-07 -1.2127310355936e-06 0.91483896970749
1.0021412322203e-07 -1.4138187225399e-06 0.91483914852142
2.4406135707977e-05 -0.00095928448718041 0.91524386405945
0.00016598061483819 -0.0039586396887898 0.91677528619766
0.00014457477664109 -0.0068834996782243 0.91830617189407
0.00050805025966838 -0.0099794780835509 0.92275458574295
0.00066379917552695 -0.010319369845092 0.96924394369125
0.00084237719420344 -0.0095670484006405 1.0162422657013
0.00082571187522262 -0.0084230443462729 1.0632928609848
0.00079077697591856 -0.0071835834532976 1.1103435754776
0.00051807123236358 -0.0066705364733934 1.1571530103683
0.00035375138395466 -0.0067445244640112 1.2039216756821
