-0.0064538531005383 0.047389566898346 1.301241517067 0.00099157413933426 -0.00011837016791105 3.058470249176 0.0001233681832673
-0.0045203408226371 0.042385831475258 1.2948898077011 0.00079149840166792 -9.042786405189e-05 3.0104858875275 1.7443160686526e-05
-0.0026176124811172 0.037347480654716 1.2884849309921 0.00095038575818762 -1.1419295333326e-05 2.9623837471008 1.3266993846628e-05
-0.00070212222635746 0.032343521714211 1.2821362018585 0.00096003356156871 -0.00010155097697861 2.9143958091736 3.1110299460124e-05
0.0012235306203365 0.027335360646248 1.2757829427719 0.00098810938652605 -0.00038657084223814 2.8666956424713 6.0661914176308e-06
0.0030949264764786 0.022317424416542 1.2694092988968 0.00093884085072204 -0.00035499746445566 2.8179140090942 -1.4885221389704e-05
0.0050046667456627 0.017300322651863 1.26304936409 0.00091880949912593 -0.00045584805775434 2.7698042392731 3.7516931570281e-06
0.0069354996085167 0.012287780642509 1.25670170784 0.00083124707452953 -0.00047713008825667 2.7221324443817 -2.7748845241149e-05
0.0088366195559502 0.0072713047266006 1.2503126859665 0.00091746187536046 -0.00043074879795313 2.6733813285828 -5.1328256631678e-06
0.010748326778412 0.0022695809602737 1.2439630031586 0.00081728730583563 -0.00042735325405374 2.6251997947693 2.5110281853813e-07
0.012688413262367 -0.0027559697628021 1.2375967502594 0.00074204104021192 -0.00057581556029618 2.5772356987 0.00010979195940308
0.014589428901672 -0.0077673643827438 1.2312425374985 0.0007247407338582 -0.0006172422436066 2.5292329788208 3.7245528801577e-05
0.01648685336113 -0.0127854347229 1.2248849868774 0.00071602337993681 -0.00063878303626552 2.4807782173157 2.249495810247e-05
0.018413439393044 -0.017818793654442 1.2184866666794 0.00076057203114033 -0.00057597766863182 2.4331059455872 2.0849694919889e-05
0.020340256392956 -0.0228266492486 1.2121412754059 0.00075023114914075 -0.00055270653683692 2.3853356838226 1.3531183867599e-05
0.022233173251152 -0.027845434844494 1.2057814598083 0.00059680355479941 -0.00058744935085997 2.3362927436829 3.6011009797221e-05
0.024136990308762 -0.032855994999409 1.199383020401 0.00064876454416662 -0.00055943848565221 2.2886986732483 4.4845626689494e-05
0.026053681969643 -0.037877146154642 1.1930402517319 0.00065305636962876 -0.00050590001046658 2.2405688762665 8.0619553045835e-05
0.027985945343971 -0.042903963476419 1.1866761445999 0.00043829524656758 -0.00044342706678435 2.1932249069214 5.4075040679891e-05
0.029891736805439 -0.047903124243021 1.1803146600723 0.00023548273020424 -0.00037578860064968 2.1447389125824 7.0037654950283e-05
0.031799077987671 -0.052910663187504 1.1739462614059 0.0002930608461611 -0.00024798899539746 2.0966730117798 1.6631833204883e-05
0.033713169395924 -0.057940453290939 1.1675837039948 0.00025350906071253 -0.00014121791173238 2.0486812591553 0.00012646747927647
0.035625576972961 -0.062938757240772 1.1612284183502 0.00016493955627084 -2.7382480766391e-05 2.0004389286041 5.1233138947282e-05
0.037534058094025 -0.067964658141136 1.1548631191254 3.7772340874653e-05 -2.1921763618593e-05 1.953292131424 -1.6752615920268e-05
0.039461623877287 -0.072999462485313 1.1484740972519 -3.3032476494554e-05 -3.3774755138438e-05 1.9046467542648 1.5732633983134e-05
0.041359126567841 -0.077982261776924 1.1421424150467 0.00033371790777892 -0.00034970085835084 1.8565179109573 -1.0898934306169e-05
0.043273169547319 -0.083012521266937 1.1357795000076 0.00027267695986666 -0.0010416111908853 1.8087109327316 -2.9026070933469e-06
0.0451878644526 -0.088031575083733 1.1293839216232 0.00060070119798183 -0.0018175792647526 1.7609134912491 -1.4999091945356e-05
0.047098152339458 -0.093058452010155 1.1230012178421 0.00066545931622386 -0.0026220169384032 1.7121305465698 -6.1741798162984e-06
0.049006380140781 -0.098038218915462 1.1166650056839 0.00062040920602158 -0.0033145314082503 1.6640410423279 3.8293848774629e-05
0.050932258367538 -0.1031099408865 1.1102540493011 0.00075182277942076 -0.0033089583739638 1.6167168617249 4.0098970202962e-05
0.05285794660449 -0.10812146961689 1.1038644313812 0.00045022935955785 -0.0031861786264926 1.5696691274643 -1.6708749171812e-05
0.05475278198719 -0.11311218142509 1.0975407361984 0.00020665499323513 -0.0029589359182864 1.5208430290222 9.0797759185079e-05
0.056676678359509 -0.11816982924938 1.0911390781403 0.00032716212444939 -0.0025349422357976 1.4735354185104 7.9676654422656e-05
0.058565706014633 -0.12311218678951 1.0848326683044 -7.1027502599463e-06 -0.0022846532519907 1.4243347644806 2.3668149879086e-05
0.060483779758215 -0.12815552949905 1.078399181366 0.00019121334480587 -0.0020929879974574 1.3766704797745 1.76213998202e-05
0.062399160116911 -0.13317185640335 1.0720243453979 -1.407243507856e-05 -0.0021980330348015 1.3285464048386 2.7804155251943e-05
0.064319632947445 -0.13820126652718 1.0656880140305 -7.6548632932827e-05 -0.0019654026255012 1.2814786434174 -8.7573016571696e-06
0.066221654415131 -0.14321166276932 1.0592871904373 -0.00017226258933078 -0.0019880179315805 1.2326552867889 2.6752937628771e-05
0.06813682615757 -0.14819465577602 1.0529849529266 -0.0001583978155395 -0.0018546202918515 1.184962272644 7.1439346356783e-05
0.070046186447144 -0.15325334668159 1.0465972423553 -0.00032912293681875 -0.0019392350222915 1.1371603012085 1.3807892173645e-05
0.07195570319891 -0.15826034545898 1.0402545928955 -0.00032024743268266 -0.0019530090503395 1.089050412178 2.7238094844506e-05
0.073889620602131 -0.16328744590282 1.033830165863 -0.00043331968481652 -0.001917905989103 1.041224360466 2.4852195565472e-05
0.075794219970703 -0.16830407083035 1.027370929718 -0.00046807801118121 -0.0019049355760217 0.99342960119247 5.0906182877952e-05
0.077678307890892 -0.17330759763718 1.0210528373718 -0.00066187517950311 -0.001729974639602 0.94528567790985 -1.5865834939177e-05
0.079608097672462 -0.17832598090172 1.0146877765656 -0.00079860253026709 -0.0018001145217568 0.89702260494232 4.5548429625342e-05
0.081521272659302 -0.18330985307693 1.0083425045013 -0.0010927892290056 -0.0017847731942311 0.84946554899216 3.8599006074946e-05
0.083441138267517 -0.18834260106087 1.0020400285721 -0.0011746975360438 -0.0019898265600204 0.80133157968521 9.1399255325086e-05
0.085347935557365 -0.19335779547691 0.99554365873337 -0.0012867716141045 -0.0018898132257164 0.75323039293289 2.0056610594565e-07
0.087265446782112 -0.19837307929993 0.98915576934814 -0.0017220433801413 -0.0019222493283451 0.70581048727036 5.3465855671675e-06
0.089159607887268 -0.20336148142815 0.98294788599014 -0.0022822637110949 -0.0022314114030451 0.65773403644562 1.9208839148632e-05
0.091077551245689 -0.20840552449226 0.97641295194626 -0.0026990759652108 -0.0022762790322304 0.60999500751495 8.0505713413004e-05
0.092992216348648 -0.21342477202415 0.97016763687134 -0.0037289587780833 -0.002799132373184 0.56258320808411 -9.0095372797805e-06
0.09489980340004 -0.21843278408051 0.96382993459702 -0.0052227918058634 -0.0035695189144462 0.5153061747551 3.0054552553338e-05
0.096825733780861 -0.22342354059219 0.95738279819489 -0.008622937835753 -0.0049837068654597 0.46873632073402 5.8394300140208e-05
0.098729625344276 -0.22843998670578 0.95097571611404 -0.017871858552098 -0.0083893705159426 0.42508843541145 5.8848250773735e-05
0.095595970749855 -0.22138357162476 0.94968414306641 0.018771033734083 0.0081029953435063 0.39898058772087 3.0389708172152e-06
0.091439664363861 -0.2117477953434 0.94973987340927 0.010601066984236 0.0046933689154685 0.40325906872749 3.4750013583107e-05
0.087298601865768 -0.20214807987213 0.94966274499893 0.0059840749017894 0.0024834915529937 0.40516877174377 -3.7671723021049e-06
0.083152115345001 -0.19254064559937 0.94972133636475 0.0043237474747002 0.0017592522781342 0.40608975291252 0.00013307723565958
0.079019874334335 -0.18293324112892 0.94983196258545 0.003279224736616 0.0012546987272799 0.40611472725868 1.2899904504593e-05
0.074860766530037 -0.17333322763443 0.94978332519531 0.0027511927764863 0.001309403218329 0.40673780441284 6.7843451688532e-05
0.07072189450264 -0.16373389959335 0.94978791475296 0.0024849937763065 0.0012484731851146 0.40681976079941 4.2220442992402e-05
0.066564567387104 -0.15414038300514 0.94985550642014 0.0021865235175937 0.0008838702342473 0.40680223703384 -2.1212092633505e-06
0.062427647411823 -0.14454063773155 0.94978833198547 0.00198052986525 0.00076809484744444 0.40684634447098 9.5118070021272e-05
0.058263726532459 -0.13496652245522 0.9498473405838 0.0017610144568607 0.00077772221993655 0.40781006217003 9.6394782303832e-05
0.054143808782101 -0.12536415457726 0.94988471269608 0.0016131639713421 0.00066182052250952 0.40739744901657 9.1006404545624e-05
0.04997543245554 -0.11573433876038 0.94987285137177 0.0014691110700369 0.00063905218848959 0.40707898139954 -1.9740851712413e-05
0.045854613184929 -0.10613518953323 0.94979411363602 0.0015133155975491 0.00068010098766536 0.40689927339554 7.5875578886553e-07
0.041696794331074 -0.096541374921799 0.94984829425812 0.0013725116150454 0.00066012801835313 0.40731233358383 1.1947463463002e-05
0.037551991641521 -0.086953178048134 0.94992089271545 0.0011035555507988 0.00054712756536901 0.40751007199287 7.5297670264263e-05
0.033442817628384 -0.077355146408081 0.94991981983185 0.0010921533685178 0.00057245272910222 0.40728908777237 2.9881808586651e-05
0.029294982552528 -0.067756041884422 0.94989371299744 0.0011950213229284 0.00051307724788785 0.40741983056068 4.9509089876665e-06
0.025173671543598 -0.058138608932495 0.94992518424988 0.0010534485336393 0.00049436732660979 0.40679851174355 1.2643177797145e-05
0.020995102822781 -0.048557966947556 0.94990438222885 0.001285781734623 0.00058766157599166 0.40728071331978 7.9360625022673e-06
0.016842439770699 -0.038985848426819 0.94991207122803 0.0012177681783214 0.00065766455372795 0.40817576646805 1.512602193543e-05
0.012736819684505 -0.029373452067375 0.9499739408493 0.0011871927417815 0.00075451348675415 0.40745976567268 0.00016028419486247
0.0085624828934669 -0.019758254289627 0.94995522499084 0.0016591632738709 0.00068753852974623 0.40702152252197 4.4291577978584e-06
0.0044131353497505 -0.010175794363022 0.94994807243347 0.0016143632819876 0.0008817344205454 0.40693604946136 1.1111851563328e-05
0.00026700645685196 -0.00055535137653351 0.94994181394577 0.0016255688387901 0.0007545831031166 0.40692040324211 5.9765254263766e-05
-0.0038875080645084 0.0090359747409821 0.94995629787445 0.0015107082435861 0.00067623500945047 0.40721753239632 -1.3753507346337e-06
-0.0080250389873981 0.018633350729942 0.94996154308319 0.0015751337632537 0.0007101540104486 0.40670520067215 3.8038735510781e-05
-0.012181907892227 0.028233781456947 0.94994026422501 0.0015065366169438 0.00059077137848362 0.40698808431625 8.9482295152266e-05
-0.016320537775755 0.037837229669094 0.94993895292282 0.0013991644373164 0.00063991954084486 0.40719518065453 -3.6448011087487e-05
-0.020472556352615 0.047437146306038 0.94995105266571 0.001453725155443 0.00043351468048058 0.40692260861397 -3.7489055557671e-06
-0.024666376411915 0.057011142373085 0.94995784759521 0.001208035973832 0.00059221853734925 0.40761557221413 3.9567574276589e-05
-0.02876646257937 0.066635988652706 0.94995540380478 0.0012821522541344 0.00069759163307026 0.40689891576767 3.0817493097857e-05
-0.032900884747505 0.076215378940105 0.94995093345642 0.0012885506730527 0.00044848650577478 0.4070942401886 4.7521498345304e-05
-0.037059687077999 0.085829824209213 0.94995737075806 0.0014199933502823 0.00063537975074723 0.40725415945053 6.0169339121785e-05
-0.04120771214366 0.09544338285923 0.94996297359467 0.0011777675244957 0.00056054390734062 0.40717986226082 -3.2258012652164e-05
-0.045348338782787 0.10503147542477 0.94997227191925 0.0013491043355316 0.00058094912674278 0.40702039003372 -3.3439107937738e-05
-0.049495730549097 0.11460855603218 0.94998109340668 0.0010773398680612 0.00057941180421039 0.40755370259285 -6.6057887124771e-06
-0.053625758737326 0.12424007803202 0.94997990131378 0.0011929166503251 0.00044293631799519 0.40720254182816 5.5342847190332e-05
-0.057769063860178 0.13384126126766 0.94997560977936 0.0011813163291663 0.00047184564755298 0.40695029497147 5.2246574341552e-05
-0.061915170401335 0.14342758059502 0.94998294115067 0.0011932303896174 0.00039026892045513 0.40677946805954 4.6332392230397e-05
-0.066060289740562 0.15303042531013 0.94999396800995 0.001463764696382 0.00059259060071781 0.40682783722878 8.1889862485696e-05
-0.070212230086327 0.16260513663292 0.94999802112579 0.00099288590718061 0.00056423066416755 0.4072585105896 -5.1553161029005e-06
-0.074354581534863 0.17221248149872 0.94997012615204 0.00083273742347956 0.00054718856699765 0.40665885806084 1.0063138688565e-05
-0.078494876623154 0.18181666731834 0.95000016689301 0.00090549397282302 0.00048271598643623 0.40703696012497 0.00010383371409262
-0.082649663090706 0.19139318168163 0.94998300075531 0.0012771359179169 0.00052165158558637 0.40681990981102 1.4302891031548e-06
-0.086787693202496 0.20100581645966 0.94998818635941 0.0010704348096624 0.00044289691140875 0.40697699785233 1.2394166333252e-05
-0.090933740139008 0.2106399834156 0.94999063014984 0.00090032879961655 0.00050631945487112 0.40659406781197 4.7041194193298e-05
-0.095101617276669 0.22021000087261 0.9499968290329 0.0012843020958826 0.00058789632748812 0.40709692239761 3.2455314794788e-05
