0.046300265938044 0.22147557139397 -1.7482213973999 -1.6157188415527 -1.4414415359497 0.00018807106243912 0.0001233681832673
0.071464389562607 0.21402880549431 -1.7587749958038 -1.5976614952087 -1.368127822876 0.00016422920452897 1.7443160686526e-05
0.095613807439804 0.20480343699455 -1.7679235935211 -1.5794215202332 -1.2958281040192 0.0002481525298208 1.3266993846628e-05
0.11857590079308 0.19402500987053 -1.7756559848785 -1.5608921051025 -1.2249219417572 0.00036926916800439 3.1110299460124e-05
0.14048561453819 0.18159338831902 -1.7819263935089 -1.5422029495239 -1.1547894477844 0.00049372366629541 6.0661914176308e-06
0.16106924414635 0.16753479838371 -1.7867767810822 -1.523318529129 -1.0860483646393 0.0005228107329458 -1.4885221389704e-05
0.18036922812462 0.15187498927116 -1.7901086807251 -1.5043494701385 -1.018648147583 0.00066109350882471 3.7516931570281e-06
0.19838699698448 0.13478896021843 -1.7918798923492 -1.4855389595032 -0.95240354537964 0.00071211508475244 -2.7748845241149e-05
0.21512112021446 0.11621472239494 -1.7921960353851 -1.4667117595673 -0.88749933242798 0.00077267340384424 -5.1328256631678e-06
0.23048719763756 0.096409767866135 -1.7910003662109 -1.4480748176575 -0.82402873039246 0.00082083395682275 2.5110281853813e-07
0.24461349844933 0.075203388929367 -1.788153886795 -1.4298753738403 -0.7618420124054 0.00095720938406885 0.00010979195940308
0.25739607214928 0.052914589643478 -1.7838497161865 -1.4119699001312 -0.70105934143066 0.0010315959807485 3.7245528801577e-05
0.26898321509361 0.029560536146164 -1.7779703140259 -1.3945715427399 -0.64134311676025 0.0011889522429556 2.249495810247e-05
0.27940210700035 0.0050959289073944 -1.7705760002136 -1.377667427063 -0.58282113075256 0.0012619083281606 2.0849694919889e-05
0.28865227103233 -0.020111113786697 -1.7617106437683 -1.3614094257355 -0.52581906318665 0.0014884059783071 1.3531183867599e-05
0.29687628149986 -0.046214133501053 -1.7512929439545 -1.3457806110382 -0.46917939186096 0.0014779155608267 3.6011009797221e-05
0.30402883887291 -0.073039799928665 -1.7394645214081 -1.330947637558 -0.41401410102844 0.0015837734099478 4.4845626689494e-05
0.31019720435143 -0.10041287541389 -1.7261102199554 -1.3169355392456 -0.35972595214844 0.0017153804656118 8.0619553045835e-05
0.31541857123375 -0.12832334637642 -1.7114651203156 -1.3036584854126 -0.30661654472351 0.0016934459563345 5.4075040679891e-05
0.31980690360069 -0.15678027272224 -1.6953551769257 -1.2911849021912 -0.25395393371582 0.0017058437224478 7.0037654950283e-05
0.32334694266319 -0.18558505177498 -1.677946805954 -1.2795548439026 -0.20229840278625 0.0014292781706899 1.6631833204883e-05
0.32609114050865 -0.21466162800789 -1.659348487854 -1.2685027122498 -0.15168285369873 0.00087137869559228 0.00012646747927647
0.32816061377525 -0.24391749501228 -1.639589548111 -1.258020401001 -0.10158920288086 -7.6335156336427e-05 5.1233138947282e-05
0.32947668433189 -0.27332332730293 -1.6187171936035 -1.248006105423 -0.052470922470093 -0.0015774185303599 -1.6752615920268e-05
0.33020386099815 -0.30290296673775 -1.5966668128967 -1.2382037639618 -0.0034232139587402 -0.0037174636963755 1.5732633983134e-05
0.33033308386803 -0.33227184414864 -1.5737550258636 -1.2290182113647 0.044493675231934 -0.0065632276237011 -1.0898934306169e-05
0.32988294959068 -0.36181762814522 -1.5496606826782 -1.2204203605652 0.091964244842529 -0.0096657685935497 -2.9026070933469e-06
0.3289187848568 -0.39162662625313 -1.5243027210236 -1.2133250236511 0.13912725448608 -0.012344639748335 -1.4999091945356e-05
0.32746919989586 -0.42181017994881 -1.497377872467 -1.2085392475128 0.18606328964233 -0.013702910393476 -6.1741798162984e-06
0.32560619711876 -0.4521863758564 -1.469211101532 -1.2065403461456 0.23175191879272 -0.013524811714888 3.8293848774629e-05
0.3232806622982 -0.4831934273243 -1.4393839836121 -1.2069857120514 0.27741956710815 -0.011905711144209 4.0098970202962e-05
0.3206270635128 -0.51425671577454 -1.4085831642151 -1.2091155052185 0.32246541976929 -0.0095370225608349 -1.6708749171812e-05
0.31752952933311 -0.54539656639099 -1.376490354538 -1.2120475769043 0.36760091781616 -0.0074539594352245 9.0797759185079e-05
0.31413826346397 -0.57664012908936 -1.3436594009399 -1.2153353691101 0.4122142791748 -0.0058050565421581 7.9676654422656e-05
0.3104165494442 -0.60765171051025 -1.3098721504211 -1.2190315723419 0.45672225952148 -0.0048294477164745 2.3668149879086e-05
0.30645021796227 -0.6387026309967 -1.2753443717957 -1.2232975959778 0.50060272216797 -0.0041573457419872 1.76213998202e-05
0.30219635367393 -0.66976881027222 -1.2397842407227 -1.2281539440155 0.54433631896973 -0.0037234239280224 2.7804155251943e-05
0.29771170020103 -0.70081377029419 -1.2032775878906 -1.2340643405914 0.58778810501099 -0.0031977109611034 -8.7573016571696e-06
0.29298529028893 -0.73211979866028 -1.1656892299652 -1.2406158447266 0.63112020492554 -0.0028710775077343 2.6752937628771e-05
0.28809103369713 -0.76336002349854 -1.1271376609802 -1.2481536865234 0.67415523529053 -0.0026596002280712 7.1439346356783e-05
0.28300222754478 -0.79506587982178 -1.0873155593872 -1.2565460205078 0.71704959869385 -0.0024202279746532 1.3807892173645e-05
0.27773317694664 -0.82661867141724 -1.046571969986 -1.2656667232513 0.75969791412354 -0.0023901872336864 2.7238094844506e-05
0.27235731482506 -0.85876989364624 -1.0044651031494 -1.2759418487549 0.80217695236206 -0.0020504407584667 2.4852195565472e-05
0.266820281744 -0.89115238189697 -0.96109342575073 -1.287074804306 0.84468746185303 -0.0020070485770702 5.0906182877952e-05
0.26113352179527 -0.9237949848175 -0.91620922088623 -1.2993278503418 0.88722085952759 -0.0018334798514843 -1.5865834939177e-05
0.25540432333946 -0.95697975158691 -0.86986017227173 -1.3125429153442 0.92913150787354 -0.0017662458121777 4.5548429625342e-05
0.24956259131432 -0.99045848846436 -0.82181692123413 -1.3268611431122 0.97144985198975 -0.0017300061881542 3.8599006074946e-05
0.24366077780724 -1.0249688625336 -0.77147436141968 -1.3426313400269 1.0132913589478 -0.001705925911665 9.1399255325086e-05
0.23764690756798 -1.060551404953 -0.71873497962952 -1.3598718643188 1.0554389953613 -0.0016205720603466 2.0056610594565e-07
0.23165783286095 -1.0968792438507 -0.66336989402771 -1.3785974979401 1.0971913337708 -0.0016169957816601 5.3465855671675e-06
0.22560057044029 -1.1345205307007 -0.60427832603455 -1.3993926048279 1.1389360427856 -0.0016434602439404 1.9208839148632e-05
0.21953472495079 -1.1748125553131 -0.54058122634888 -1.4225244522095 1.1805949211121 -0.0017795972526073 8.0505713413004e-05
0.21348652243614 -1.2171056270599 -0.47066903114319 -1.4489312171936 1.2220411300659 -0.0020366124808788 -9.0095372797805e-06
0.20748981833458 -1.2636308670044 -0.39187383651733 -1.4794592857361 1.2631106376648 -0.0023160390555859 3.0054552553338e-05
0.20158657431602 -1.3166561126709 -0.29897332191467 -1.5157799720764 1.3039469718933 -0.0030398778617382 5.8394300140208e-05
0.1961677968502 -1.3790972232819 -0.18384146690369 -1.5584292411804 1.3418765068054 -0.0046887807548046 5.8848250773735e-05
0.19006523489952 -1.3554618358612 -0.24879169464111 -1.5584273338318 1.3620982170105 0.0045885629951954 3.0389708172152e-06
0.18791326880455 -1.275199174881 -0.4101037979126 -1.4680731296539 1.355372428894 0.002909142524004 3.4750013583107e-05
0.18534216284752 -1.2205176353455 -0.52036309242249 -1.407418012619 1.3507061004639 0.0016283579170704 -3.7671723021049e-06
0.1824663579464 -1.1767568588257 -0.60835194587708 -1.3612921237946 1.3472805023193 0.0012864656746387 0.00013307723565958
0.17947563529015 -1.1385657787323 -0.68474102020264 -1.3219466209412 1.343939781189 0.0010127611458302 1.2899904504593e-05
0.17640861868858 -1.1045303344727 -0.75335359573364 -1.2869307994843 1.340428352356 0.00095315650105476 6.7843451688532e-05
0.17322191596031 -1.0731446743011 -0.81617474555969 -1.2551474571228 1.3370461463928 0.00079627707600594 4.2220442992402e-05
0.16989359259605 -1.0438668727875 -0.87453699111938 -1.2257018089294 1.3339114189148 0.00069137290120125 -2.1212092633505e-06
0.1665275990963 -1.0163271427155 -0.92945218086243 -1.1980566978455 1.3304967880249 0.00066991522908211 9.5118070021272e-05
0.16313824057579 -0.99011015892029 -0.98133945465088 -1.1721985340118 1.3263235092163 0.00057597830891609 9.6394782303832e-05
0.15948089957237 -0.96524977684021 -1.0305194854736 -1.1477780342102 1.3232321739197 0.00061698630452156 9.1006404545624e-05
0.15579828619957 -0.94121098518372 -1.0778214931488 -1.1242818832397 1.3194942474365 0.0004863329231739 -1.9740851712413e-05
0.15201410651207 -0.91845607757568 -1.1230521202087 -1.1019427776337 1.3156571388245 0.00053878501057625 7.5875578886553e-07
0.14811310172081 -0.89618754386902 -1.1665737628937 -1.0805265903473 1.3116898536682 0.00049253180623055 1.1947463463002e-05
0.14413675665855 -0.87449789047241 -1.2086939811707 -1.0598492622375 1.3075094223022 0.00046439841389656 7.5297670264263e-05
0.14000925421715 -0.85358881950378 -1.2494568824768 -1.0397801399231 1.303343296051 0.0005163736641407 2.9881808586651e-05
0.13576158881187 -0.83339381217957 -1.2889249324799 -1.0206227302551 1.2990212440491 0.0004696436226368 4.9509089876665e-06
0.13130268454552 -0.81360197067261 -1.3271963596344 -1.0020968914032 1.2950143814087 0.00047345831990242 1.2643177797145e-05
0.12677320837975 -0.7943811416626 -1.364458322525 -0.98424029350281 1.2902660369873 0.00050540640950203 7.9360625022673e-06
0.1221464574337 -0.77549386024475 -1.4007799625397 -0.96683931350708 1.2855072021484 0.00061460211873055 1.512602193543e-05
0.11733230948448 -0.7569432258606 -1.4362640380859 -0.94975256919861 1.2806816101074 0.00063987448811531 0.00016028419486247
0.11226353049278 -0.73906469345093 -1.4707014560699 -0.93376207351685 1.2759003639221 0.00057836249470711 4.4291577978584e-06
0.10709795355797 -0.72133421897888 -1.5045006275177 -0.91768956184387 1.2706985473633 0.00073428824543953 1.1111851563328e-05
0.10177168250084 -0.70387315750122 -1.5376753807068 -0.90196418762207 1.2653274536133 0.00065227225422859 5.9765254263766e-05
0.096284717321396 -0.6866295337677 -1.5701639652252 -0.88657402992249 1.2597584724426 0.00064082816243172 -1.3753507346337e-06
0.090522617101669 -0.66982221603394 -1.6018497943878 -0.87175631523132 1.2544288635254 0.0006842203438282 3.8038735510781e-05
0.084682315587997 -0.65323114395142 -1.6330111026764 -0.85711312294006 1.2484159469604 0.00067849829792976 8.9482295152266e-05
0.078613132238388 -0.6368556022644 -1.6635978221893 -0.84290814399719 1.2422437667847 0.00064655020833015 -3.6448011087487e-05
0.07228884100914 -0.6207332611084 -1.6935224533081 -0.82901859283447 1.2360544204712 0.00058551505208015 -3.7489055557671e-06
0.06574472784996 -0.6047899723053 -1.7229945659637 -0.81546258926392 1.2292246818542 0.00070806220173836 3.9567574276589e-05
0.058967441320419 -0.58915853500366 -1.7518928050995 -0.80221223831177 1.2226581573486 0.00067372992634773 3.0817493097857e-05
0.051959842443466 -0.57364225387573 -1.7802436351776 -0.78924584388733 1.2156338691711 0.00057836249470711 4.7521498345304e-05
0.044637054204941 -0.55838441848755 -1.8081092834473 -0.77668404579163 1.2083683013916 0.0006231851875782 6.0169339121785e-05
0.03708204627037 -0.54323482513428 -1.8355526924133 -0.76431250572205 1.2006869316101 0.00062604621052742 -3.2258012652164e-05
0.029218047857285 -0.52838897705078 -1.8624048233032 -0.75243496894836 1.1927661895752 0.0007609911262989 -3.3439107937738e-05
0.021083682775497 -0.51359677314758 -1.8888702392578 -0.74058532714844 1.1843423843384 0.00067372992634773 -6.6057887124771e-06
0.012502998113632 -0.4990508556366 -1.914806842804 -0.72913432121277 1.1762437820435 0.00067992880940437 5.5342847190332e-05
0.0036753118038177 -0.48469662666321 -1.9402911663055 -0.71801948547363 1.1673641204834 0.00068851187825203 5.2246574341552e-05
-0.0056091845035553 -0.47048902511597 -1.9653980731964 -0.70693564414978 1.158079624176 0.0005464144051075 4.6332392230397e-05
-0.015162378549576 -0.45665049552917 -1.9897859096527 -0.69704914093018 1.1487102508545 0.00076289847493172 8.1889862485696e-05
-0.025089651346207 -0.44253849983215 -2.0140981674194 -0.68623518943787 1.13849401474 0.00073667243123055 -5.1553161029005e-06
-0.035598903894424 -0.42891931533813 -2.0376827716827 -0.67636823654175 1.12833070755 0.00069375708699226 1.0063138688565e-05
-0.046375423669815 -0.41526293754578 -2.0610008239746 -0.66658210754395 1.1172704696655 0.00065608695149422 0.00010383371409262
-0.05779567360878 -0.40209150314331 -2.083616733551 -0.65747332572937 1.1060905456543 0.00081916525959969 1.4302891031548e-06
-0.069543272256851 -0.38877201080322 -2.1059849262238 -0.64826107025146 1.0941171646118 0.00073571875691414 1.2394166333252e-05
-0.081988960504532 -0.37570118904114 -2.1278300285339 -0.63940405845642 1.0818567276001 0.00080104544758797 4.7041194193298e-05
-0.094926506280899 -0.36300611495972 -2.1490426063538 -0.63119578361511 1.0690274238586 0.00088544562458992 3.2455314794788e-05
