1.7367273130731e-07 1.0884203049955e-07 0.91483908891678
7.9748005532565e-08 4.2140150924297e-08 0.91483908891678
-4.7699916905231e-08 -3.6668674852081e-07 0.91483908891678
-4.3217255552008e-08 -4.0886942542784e-07 0.91483896970749
-1.5715842494046e-07 -3.5890340654987e-07 0.91483902931213
6.0740101837098e-10 -1.7130543028543e-07 0.91483914852142
-2.9598859896396e-07 1.0679057282914e-07 0.91483908891678
-4.2179129877695e-07 -4.0551501712116e-08 0.91483902931213
-4.881721338279e-07 2.0924061061578e-07 0.91483914852142
-5.3112819387025e-07 4.6754266236348e-07 0.91483908891678
-7.4496642810118e-07 2.5192272801178e-07 0.91483902931213
-8.697634825694e-07 4.5710771701124e-07 0.91483926773071
-9.0050139078812e-07 4.5087705302649e-07 0.91483938694
-1.351823357254e-06 5.3674136779591e-07 0.91483938694
-9.2900211257074e-07 1.5015615417724e-07 0.91483932733536
-7.3871740369214e-07 3.248401867495e-07 0.91483968496323
-3.3317564884783e-07 7.5485769457373e-07 0.91483974456787
-2.7343560304871e-07 7.4257491178287e-07 0.91483998298645
-1.2276942129574e-07 1.0575378155409e-06 0.91484022140503
-2.0875829420675e-07 9.165448773274e-07 0.91484040021896
-3.6102173339714e-07 7.9480321346637e-07 0.91484045982361
-2.7661027957038e-07 3.0211970170058e-07 0.91484063863754
-5.3862294180362e-07 5.6703026984906e-07 0.9148405790329
-3.9311694877142e-07 4.715288071111e-08 0.91484069824219
-4.8556643150732e-07 -2.4717420998854e-08 0.91484051942825
-9.7201871085417e-07 -1.4057371799936e-07 0.91484034061432
-7.4762840540643e-07 1.4307529738744e-07 0.91484040021896
-8.6676311639167e-07 2.2204115168734e-07 0.91484063863754
-6.2566829228672e-07 8.3855873356242e-08 0.91484063863754
-6.9336954311439e-07 3.9468574186685e-07 0.91484051942825
-9.0205702463209e-07 7.1022662950782e-07 0.9148405790329
-1.108673473027e-06 1.2886481499663e-06 0.9148405790329
-1.511630330242e-06 1.5985257277862e-06 0.91484051942825
-1.0480669061508e-06 1.6864219105628e-06 0.91484045982361
-1.6201395283133e-06 1.8449272829457e-06 0.9148405790329
-1.7294649978794e-06 1.9526260075509e-06 0.9148405790329
-1.5277557849913e-06 1.7131931144831e-06 0.91484075784683
-1.3897046073907e-06 1.2011080343655e-06 0.91484075784683
-1.0684942708394e-06 9.7062570603157e-07 0.91484087705612
-1.0041217137768e-06 9.2051129740867e-07 0.91484105587006
-7.7932099884492e-07 1.3623449603983e-06 0.91484117507935
-7.2495134872952e-07 1.286013571189e-06 0.91484117507935
-9.3484266017185e-07 1.4239531083149e-06 0.91484099626541
-1.1440160960774e-06 1.4123565961199e-06 0.91484129428864
-1.115745021707e-06 1.7245089338758e-06 0.91484141349792
-9.5499967756041e-07 1.6699973457435e-06 0.91484135389328
-1.5036332570162e-06 1.6757911680543e-06 0.9148416519165
-1.4063064099901e-06 1.4040410860616e-06 0.91484189033508
-1.4873344298394e-06 1.6510840623596e-06 0.91484200954437
-1.6852114868016e-06 1.6604632264716e-06 0.91484218835831
-1.7755536418917e-06 2.1363550786191e-06 0.91484242677689
-1.7312291902272e-06 1.3482527947417e-06 0.91484242677689
-1.5255525340763e-06 1.6518781649211e-06 0.91484236717224
-1.9492736100801e-06 1.4520234117299e-06 0.91484242677689
-1.6372340496673e-06 1.626270432098e-06 0.91484242677689
-1.5224295566441e-06 1.6384520904467e-06 0.91484254598618
-1.5883842934272e-06 1.3799583484797e-06 0.91484260559082
-1.8711295979301e-06 1.1774045560742e-06 0.91484254598618
-1.7968253587242e-06 1.1551976513147e-06 0.91484278440475
-1.7712069393383e-06 9.1716214001281e-07 0.91484260559082
-1.4682054825244e-06 8.4821851942252e-07 0.91484296321869
-1.3836873904438e-06 7.6699484452547e-07 0.91484308242798
-1.4671961707791e-06 6.2608950202048e-07 0.91484296321869
-1.4623908555222e-06 3.2220688694906e-07 0.91484314203262
-9.4555826990472e-07 4.5208045662548e-07 0.91484344005585
-8.4843657077727e-07 4.4250410269342e-07 0.91484344005585
-7.7797534459023e-07 3.7581344258797e-07 0.91484344005585
-9.4463098321285e-07 4.0903154285843e-07 0.91484373807907
-1.0905999943134e-06 5.7786235174717e-07 0.91484373807907
-9.5831023827486e-07 6.9616686459995e-07 0.91484367847443
-1.0849144018721e-06 1.0879166438826e-06 0.91484373807907
-0.0010048151016235 0.0049433885142207 0.91490751504898
-0.003146139672026 0.01542305201292 0.91500663757324
-0.0051532904617488 0.025930987671018 0.91518312692642
-0.0071611069142818 0.036517016589642 0.91531670093536
-0.0091834273189306 0.047022480517626 0.91535568237305
-0.012145284563303 0.057136215269566 0.91544610261917
-0.016280582174659 0.06676246970892 0.91549360752106
-0.020173944532871 0.076449021697044 0.91551595926285
-0.024597074836493 0.08597232401371 0.91555482149124
-0.028528369963169 0.095680110156536 0.91560238599777
-0.032775606960058 0.10521674901247 0.91566759347916
-0.036859955638647 0.11483888328075 0.91568487882614
-0.041190255433321 0.12435089051723 0.91566842794418
-0.045201569795609 0.13401241600513 0.915647149086
-0.049478095024824 0.14357574284077 0.91563111543655
-0.05330815166235 0.15330538153648 0.91564178466797
-0.057617384940386 0.16277930140495 0.9155997633934
-0.061987724155188 0.17225506901741 0.91565525531769
-0.066162750124931 0.18190144002438 0.915607213974
-0.070232301950455 0.19157876074314 0.91561907529831
-0.074439577758312 0.20107494294643 0.91561388969421
-0.078309394419193 0.21082551777363 0.91558808088303
-0.082485400140285 0.22040532529354 0.91568386554718
-0.086560554802418 0.22998152673244 0.91552621126175
-0.090830639004707 0.23957389593124 0.91566789150238
-0.094788253307343 0.24920861423016 0.91567045450211
-0.09886372089386 0.25886058807373 0.91571480035782
-0.10311824083328 0.26840594410896 0.91575562953949
-0.10711958259344 0.27808263897896 0.91574448347092
-0.11145453900099 0.28764361143112 0.915880382061
-0.11544170230627 0.29730829596519 0.91591191291809
-0.11942546069622 0.30698627233505 0.91592276096344
