0.0037362668663263 0.052366062998772 1.2937552928925 0.0015996167203411 -0.00012999963655602 3.0595045089722 0.00011598682613112
0.011169474571943 0.05005744099617 1.2833437919617 0.0014636421110481 -0.00010646712325979 3.0116379261017 7.5448238931131e-05
0.018642622977495 0.047729641199112 1.2729083299637 0.0015965533675626 -0.00034172381856479 2.9637620449066 6.594393926207e-05
0.026035185903311 0.045431599020958 1.2625093460083 0.0015704684192315 -0.00040179883944802 2.9151420593262 4.5374759793049e-05
0.033461026847363 0.04310354590416 1.2520914077759 0.0015840388368815 -0.00056294573005289 2.8671102523804 8.9493827545084e-05
0.040878854691982 0.040782555937767 1.2416615486145 0.0015651475405321 -0.00081140943802893 2.8188307285309 -4.7791277211218e-06
0.048325039446354 0.038472712039948 1.2312405109406 0.0017106005689129 -0.00085658568423241 2.7708933353424 1.2058491449807e-07
0.055768452584743 0.036137193441391 1.2208063602448 0.0017793104052544 -0.00098284299019724 2.7226843833923 2.42831029027e-05
0.06318473815918 0.033817395567894 1.2103717327118 0.0019090042915195 -0.0010278701083735 2.6739046573639 0.00010858604218811
0.070598274469376 0.031503096222878 1.1999683380127 0.0019228239543736 -0.0013981654774398 2.6258635520935 3.0505201721098e-05
0.078044638037682 0.02918304502964 1.189545750618 0.0018889922648668 -0.0014922018162906 2.5779700279236 6.177192699397e-05
0.085491791367531 0.026861399412155 1.1791204214096 0.0020316543523222 -0.001744442852214 2.5297782421112 1.7499003661214e-05
0.092889428138733 0.024545252323151 1.1686959266663 0.0021031436044723 -0.0020219201687723 2.4813232421875 4.1523868276272e-05
0.10034576058388 0.022209420800209 1.1582514047623 0.0022832378745079 -0.0021165448706597 2.4335565567017 2.7356024929759e-06
0.10775969922543 0.01989933848381 1.1478599309921 0.0021854920778424 -0.0023331248667091 2.3853549957275 1.8246451872983e-05
0.11518841981888 0.017580293118954 1.137425661087 0.0021635219454765 -0.0022880507167429 2.3372621536255 5.3304749599192e-05
0.12260685861111 0.015272885560989 1.1270160675049 0.001885001314804 -0.0020992162171751 2.2887694835663 7.2205343712994e-06
0.13004167377949 0.012941293418407 1.1165788173676 0.0014519997639582 -0.0015737207140774 2.2409224510193 -2.8667074730038e-05
0.13746774196625 0.010648861527443 1.1061713695526 0.00029978825477883 -0.00040073762647808 2.1924638748169 2.7143900297233e-05
0.14491085708141 0.008294016122818 1.0957138538361 -0.00090967013966292 0.0015008357586339 2.1450090408325 5.9217851230642e-05
0.15230786800385 0.0059831067919731 1.0853016376495 -0.0022770764771849 0.0036725404206663 2.0965046882629 8.0744548540679e-06
0.15976178646088 0.0036618262529373 1.0748726129532 -0.003194720717147 0.0052413479425013 2.0492899417877 8.3227663708385e-05
0.16719907522202 0.0013215132057667 1.0644471645355 -0.0031286079902202 0.0055275578051805 2.0008838176727 5.649450031342e-05
0.17458897829056 -0.0009702704846859 1.0540398359299 -0.0022743428125978 0.0043769110925496 1.9521570205688 -3.0509034331772e-05
0.18205034732819 -0.003294438123703 1.043598651886 -0.0011847815476358 0.0025052956771106 1.9040361642838 4.8192483518505e-05
0.18950590491295 -0.0056229270994663 1.0331627130508 -0.00033711496507749 0.00086731452029198 1.8570983409882 5.2787825552514e-05
0.19689942896366 -0.0079544074833393 1.0227355957031 7.1353948442265e-05 -6.5468346292619e-05 1.8083373308182 2.8881548132631e-05
0.20432472229004 -0.010253947228193 1.0123391151428 0.0002141582663171 -0.00043930293759331 1.7607258558273 0.00010115163604496
0.21174958348274 -0.012555019930005 1.0019044876099 0.00016693912039045 -0.00055035011610016 1.712131857872 2.182994830946e-05
0.21915262937546 -0.014886738732457 0.99146926403046 0.00038984895218164 -0.00073935813270509 1.664169549942 8.6118205217645e-05
0.22660899162292 -0.017191607505083 0.98103833198547 0.0002897760423366 -0.00078595575178042 1.6154881715775 -2.8869121706521e-06
0.23403884470463 -0.019507106393576 0.97064024209976 0.00021094240946695 -0.00088451395276934 1.5682170391083 6.0267786466284e-05
0.24146105349064 -0.021849442273378 0.9601976275444 0.00017146050231531 -0.00074900168692693 1.5203584432602 7.8337572631426e-05
0.24810214340687 -0.024019803851843 0.95018208026886 0.00035574429784901 -0.00049051200039685 1.4757384061813 -0.002217631554231
0.23891711235046 -0.023201577365398 0.949871301651 0.00055026618065313 0.001749414135702 1.4730246067047 -0.0084791025146842
0.22931964695454 -0.02223251760006 0.94991028308868 0.00025064815417863 0.0015524965710938 1.4725447893143 -0.014379044994712
0.2197223752737 -0.021305203437805 0.94991445541382 0.00032579989056103 0.0016007851809263 1.4725095033646 -0.020507412031293
0.21012502908707 -0.020386070013046 0.94988054037094 0.00031762063736096 0.0016500109340996 1.4728744029999 -0.026715330779552
0.20052523910999 -0.019443739205599 0.94990992546082 0.00042487308382988 0.0017163852462545 1.4727478027344 -0.033303011208773
0.19092443585396 -0.018529530614614 0.94993674755096 0.00021696533076465 0.0016134940087795 1.4727153778076 -0.039658643305302
0.18132814764977 -0.017599793151021 0.94994801282883 0.00019820369197987 0.0016143603716046 1.4732151031494 -0.046115607023239
0.17172406613827 -0.016664812341332 0.94991487264633 0.00038908785791136 0.0016829265514389 1.4726057052612 -0.052598409354687
0.16212792694569 -0.015732079744339 0.94993388652802 0.00024830168695189 0.0015545432688668 1.4729212522507 -0.059020321816206
0.15254332125187 -0.01481556892395 0.94993758201599 0.00015288330905605 0.0015293894102797 1.4730885028839 -0.06523109972477
0.14293669164181 -0.01387681812048 0.94991332292557 0.00031686134752817 0.0017147124744952 1.4730269908905 -0.071515642106533
0.13332644104958 -0.012936925515532 0.94995391368866 0.00025982371880673 0.0016592227621004 1.4724894762039 -0.077849358320236
0.12372872978449 -0.012014722451568 0.94995772838593 0.00035207808832638 0.0016090210992843 1.4724501371384 -0.084175772964954
0.11416882276535 -0.011076465249062 0.94997930526733 0.00014705541252624 0.001920152339153 1.4725142717361 -0.089644476771355
0.10455507785082 -0.010164462029934 0.95000171661377 -6.1744096456096e-05 0.0017038908554241 1.4732612371445 -0.09470534324646
0.094982072710991 -0.0092228259891272 0.94998687505722 0.00038708542706445 0.0018880462739617 1.4724861383438 -0.099969446659088
0.089587472379208 -0.0086980033665895 0.97102165222168 0.00060708273667842 -0.0044921138323843 1.4742356538773 -0.102613478899
0.089593060314655 -0.0087080858647823 1.0190178155899 0.00077244674321264 -0.0069967196322978 1.4747792482376 -0.10417754948139
0.089603863656521 -0.008729312568903 1.067002415657 0.00092696765204892 -0.0080864308401942 1.4750286340714 -0.10545155405998
0.089609056711197 -0.0087369419634342 1.1149723529816 0.0010288134217262 -0.0085423905402422 1.4751920700073 -0.10634755343199
0.089600563049316 -0.0087223332375288 1.1630022525787 0.0008725865627639 -0.0090124737471342 1.4748202562332 -0.10771999508142
0.089602768421173 -0.0087425224483013 1.2109917402267 0.0013267798349261 -0.0088395699858665 1.4749948978424 -0.10790523141623
