0.081421226263046 0.2416600883007 -1.7822868824005 -1.6024785041809 -1.40762758255 0.00036521605215967 0.00011598682613112
0.12645229697227 0.24359795451164 -1.8102931976318 -1.5764257907867 -1.3143260478973 0.00047393492422998 7.5448238931131e-05
0.17037996649742 0.24246260523796 -1.8360443115234 -1.5496656894684 -1.2225739955902 0.00070186308585107 6.594393926207e-05
0.21319660544395 0.23838564753532 -1.8595700263977 -1.5220866203308 -1.1312501430511 0.0007824485655874 4.5374759793049e-05
0.25428757071495 0.23114535212517 -1.8807504177094 -1.4938218593597 -1.0420229434967 0.0011705940123647 8.9493827545084e-05
0.29364332556725 0.220788449049 -1.8996157646179 -1.4648153781891 -0.95415687561035 0.0014538352843374 -4.7791277211218e-06
0.33089193701744 0.20746704936028 -1.9161283969879 -1.4352040290833 -0.86874771118164 0.0016913001891226 1.2058491449807e-07
0.36589321494102 0.19112059473991 -1.9302096366882 -1.4052286148071 -0.78574442863464 0.002119499957189 2.42831029027e-05
0.39873203635216 0.17198750376701 -1.941903591156 -1.3748154640198 -0.70447373390198 0.0025863235350698 0.00010858604218811
0.42921623587608 0.15016934275627 -1.9510741233826 -1.3444349765778 -0.62571334838867 0.0033659522887319 3.0505201721098e-05
0.45738014578819 0.12589785456657 -1.9579012393951 -1.3141071796417 -0.54937410354614 0.0041646547615528 6.177192699397e-05
0.48326191306114 0.099275559186935 -1.9622042179108 -1.2843716144562 -0.4755425453186 0.0053267069160938 1.7499003661214e-05
0.50697457790375 0.070523232221603 -1.9640340805054 -1.2551951408386 -0.4034788608551 0.0068211145699024 4.1523868276272e-05
0.52859675884247 0.039813965559006 -1.9634234905243 -1.227166891098 -0.33390641212463 0.0088357515633106 2.7356024929759e-06
0.54821050167084 0.0074500739574432 -1.9603247642517 -1.2005054950714 -0.26600241661072 0.011559445410967 1.8246451872983e-05
0.56596601009369 -0.026562243700027 -1.9548115730286 -1.1756541728973 -0.20021915435791 0.015270192176104 5.3304749599192e-05
0.5819638967514 -0.061961442232132 -1.946813583374 -1.1531028747559 -0.13602137565613 0.020166832953691 7.2205343712994e-06
0.59627330303192 -0.09867599606514 -1.9364273548126 -1.132940530777 -0.073541164398193 0.02628656104207 -2.8667074730038e-05
0.6090921163559 -0.13624861836433 -1.9239525794983 -1.114666223526 -0.012617111206055 0.033273179084063 2.7143900297233e-05
0.62049329280853 -0.17439964413643 -1.9097921848297 -1.0968332290649 0.046560049057007 0.039265114814043 5.9217851230642e-05
0.63056266307831 -0.21226122975349 -1.8944978713989 -1.0769491195679 0.10472655296326 0.042100388556719 8.0744548540679e-06
0.6394590139389 -0.24915173649788 -1.8787312507629 -1.0528604984283 0.16181111335754 0.038949925452471 8.3227663708385e-05
0.64722430706024 -0.28473523259163 -1.8625211715698 -1.0244629383087 0.2175829410553 0.030078370124102 5.649450031342e-05
0.6539705991745 -0.3196864426136 -1.8452689647675 -0.99523305892944 0.27256464958191 0.018640954047441 -3.0509034331772e-05
0.6598242521286 -0.35487630963326 -1.8261821269989 -0.96934628486633 0.32632279396057 0.0088100023567677 4.8192483518505e-05
0.66482818126678 -0.39076259732246 -1.8048386573792 -0.9489414691925 0.37913632392883 0.0029668398201466 5.2787825552514e-05
0.66898000240326 -0.42733481526375 -1.7813301086426 -0.93324708938599 0.43155217170715 0.00033994391560555 2.8881548132631e-05
0.67247903347015 -0.46391108632088 -1.7563016414642 -0.92068076133728 0.48293948173523 -0.00064901635050774 0.00010115163604496
0.6753157377243 -0.50060820579529 -1.7298898696899 -0.91010308265686 0.53386187553406 -0.00095347687602043 2.182994830946e-05
0.67752969264984 -0.53695869445801 -1.7024343013763 -0.90113234519958 0.5839569568634 -0.0010829381644726 8.6118205217645e-05
0.67919385433197 -0.57318258285522 -1.6737003326416 -0.89359259605408 0.63397765159607 -0.0011065416038036 -2.8869121706521e-06
0.6804074048996 -0.60890030860901 -1.6443371772766 -0.8871762752533 0.68309378623962 -0.0010161809623241 6.0267786466284e-05
0.68116462230682 -0.64447045326233 -1.6139640808105 -0.88210439682007 0.73165106773376 -0.00086049363017082 7.8337572631426e-05
0.68117892742157 -0.67760300636292 -1.5854477882385 -0.87799167633057 0.7759006023407 -0.00069836899638176 -0.002217631554231
0.66892611980438 -0.67045044898987 -1.6008868217468 -0.87284731864929 0.76693892478943 0.0017695017158985 -0.0084791025146842
0.65646970272064 -0.66083812713623 -1.61869764328 -0.86440777778625 0.75449728965759 0.0018243379890919 -0.014379044994712
0.64376485347748 -0.65169143676758 -1.6359488964081 -0.85645723342896 0.74163222312927 0.0018519945442677 -0.020507412031293
0.63075482845306 -0.64287281036377 -1.6525812149048 -0.84869384765625 0.72859025001526 0.0018944330513477 -0.026715330779552
0.61742961406708 -0.63429760932922 -1.6684985160828 -0.84164261817932 0.71565127372742 0.002003151923418 -0.033303011208773
0.60393464565277 -0.62576842308044 -1.6842377185822 -0.83434152603149 0.70175862312317 0.0020675249397755 -0.039658643305302
0.59010255336761 -0.61758732795715 -1.6993465423584 -0.82721138000488 0.68795275688171 0.002021748572588 -0.046115607023239
0.57595908641815 -0.60994219779968 -1.7137131690979 -0.82086157798767 0.67399954795837 0.0022058077156544 -0.052598409354687
0.56161248683929 -0.60225033760071 -1.7278163433075 -0.81431841850281 0.6593554019928 0.0021481104195118 -0.059020321816206
0.54694354534149 -0.59493446350098 -1.7412643432617 -0.80814027786255 0.64464974403381 0.0023555345833302 -0.06523109972477
0.53196084499359 -0.58799815177917 -1.7541117668152 -0.80239701271057 0.62991452217102 0.0023474283516407 -0.071515642106533
0.51670777797699 -0.58122873306274 -1.7664270401001 -0.79686141014099 0.6147449016571 0.0023536272346973 -0.077849358320236
0.50113189220428 -0.57486867904663 -1.778058052063 -0.79171442985535 0.59961628913879 0.0024365969002247 -0.084175772964954
0.48538053035736 -0.56862664222717 -1.7895243167877 -0.78626441955566 0.58362793922424 0.0023908205330372 -0.089644476771355
0.46933114528656 -0.56240129470825 -1.8007037639618 -0.78042483329773 0.56689238548279 0.0017857141792774 -0.09470534324646
0.45295512676239 -0.55693960189819 -1.810694694519 -0.77598881721497 0.5510938167572 0.0017370767891407 -0.099969446659088
0.44391572475433 -0.51504373550415 -1.8073260784149 -0.81156826019287 0.54033255577087 -0.0072615556418896 -0.102613478899
0.44397962093353 -0.43932008743286 -1.7715442180634 -0.91765022277832 0.5398576259613 -0.012539904564619 -0.10417754948139
0.44399154186249 -0.37574505805969 -1.7208690643311 -1.0302333831787 0.53980088233948 -0.01416115090251 -0.10545155405998
0.44400584697723 -0.3243682384491 -1.6564137935638 -1.1455147266388 0.53983521461487 -0.014910738915205 -0.10634755343199
0.44398772716522 -0.28524851799011 -1.5784962177277 -1.2618191242218 0.53977560997009 -0.015513699501753 -0.10771999508142
0.44403636455536 -0.25899648666382 -1.4867296218872 -1.3796315193176 0.53962635993958 -0.016033452004194 -0.10790523141623
