7.6652770530927e-07 1.1526669396744e-07 0.91483914852142
3.0390626193366e-07 -1.0342539269459e-07 0.91483920812607
-8.7648061253276e-08 -7.9084841786425e-08 0.91483944654465
7.5151255884975e-08 2.8259259465813e-07 0.91483926773071
1.1567767899123e-07 4.7671071001787e-07 0.91483932733536
-9.4828230601252e-08 4.5578721596939e-07 0.91483962535858
-6.1057744460413e-07 4.2128831978516e-07 0.91483974456787
-6.1494336023316e-07 3.9119578332247e-07 0.91483968496323
-3.9684564967502e-07 3.6787167800867e-07 0.91483968496323
-1.3416260458143e-07 4.1173467479894e-07 0.91483968496323
-1.8718620253821e-07 8.1081014968731e-07 0.91483974456787
-1.3573252033439e-07 3.8792819623268e-07 0.91483992338181
-1.7319220546597e-07 3.4493581324568e-08 0.91484022140503
-4.5341334953264e-07 -2.6575543188301e-07 0.91484016180038
-4.6564125000259e-08 -3.8999067442091e-07 0.91484004259109
-5.5438562185373e-07 -7.1917213517736e-07 0.91484004259109
-5.9936434126939e-07 -7.5369058549768e-07 0.91483992338181
-2.126814138137e-07 -7.4009210493386e-07 0.91484010219574
7.2485192958993e-08 -1.0086938573295e-06 0.91483998298645
4.8012861952884e-07 -8.4069165495748e-07 0.91484004259109
3.0583797183681e-07 -7.8800519531796e-07 0.91484010219574
-1.0650146009539e-07 -8.9059369656752e-07 0.91484016180038
-3.6761315413969e-07 -9.1668772483899e-07 0.91484010219574
1.0961890950512e-07 -1.113185135182e-06 0.91484010219574
5.0227453129992e-07 -9.5402572242165e-07 0.91484010219574
2.5988947527367e-07 -1.1504419035191e-06 0.91484022140503
7.5373577601567e-07 -1.131021576839e-06 0.91484034061432
6.1237693671501e-07 -1.1690215160343e-06 0.91484028100967
1.9622893887572e-07 -1.5624418665539e-06 0.91484063863754
3.8418977510446e-07 -1.5271840538844e-06 0.91484093666077
6.3395896177099e-07 -1.5009211438155e-06 0.91484087705612
7.8377775025729e-07 -1.5220094837787e-06 0.9148411154747
6.0870110019096e-07 -1.2851824067184e-06 0.91484105587006
7.8489119914593e-07 -1.4323302366392e-06 0.91484099626541
9.8773432455346e-07 -1.3239713325675e-06 0.91484117507935
6.0675421309497e-07 -1.5960132486725e-06 0.91484123468399
7.8529961911045e-07 -1.7665871610006e-06 0.91484117507935
6.7196538111602e-07 -1.7905647382577e-06 0.91484123468399
5.0530695716589e-07 -1.8667074073164e-06 0.91484123468399
1.4392331593172e-07 -1.1944495099669e-06 0.91484129428864
-4.6886327709217e-07 -1.0731739621406e-06 0.91484141349792
-4.1765841274355e-07 -1.6429712559329e-06 0.91484135389328
-9.2197602441502e-08 -1.7231893707503e-06 0.91484135389328
4.4438362323262e-08 -2.1171556454647e-06 0.91484153270721
1.5714135770395e-07 -1.7193152643813e-06 0.91484177112579
-1.3332926585008e-07 -1.6998335468088e-06 0.91484183073044
-1.2107682323403e-07 -1.7540480712341e-06 0.91484194993973
-0.0015894065145403 0.00021822140843142 0.91539037227631
-0.004371480550617 0.0005278306780383 0.91668373346329
-0.0069539905525744 0.0009215630707331 0.91795188188553
-0.0087730148807168 0.00057404447579756 0.93790209293365
-0.0076075666584074 0.00046497531002387 0.98465692996979
-0.0066332528367639 0.00029820660711266 1.0318038463593
-0.0063899592496455 0.00032400988857262 1.0787487030029
-0.0055546881631017 0.00026853589224629 1.1258842945099
-0.0070917056873441 0.00065523566445336 1.171763420105
