-0.017602691426873 0.074434518814087 1.2770211696625 0.0027433652430773 0.00011113264918095 -3.1086211204529 5.0091937737307e-05
-0.021694000810385 0.084041222929955 1.2574212551117 0.0027077798731625 0.00040641450323164 -3.0902650356293 7.2996321250685e-05
-0.025797631591558 0.09365402162075 1.2378277778625 0.0026590991765261 0.00034017357393168 -3.0709426403046 0.00010836264118552
-0.029871009290218 0.10326021909714 1.2182266712189 0.0025348197668791 0.00051981169963256 -3.0521721839905 7.615430149599e-06
-0.033964864909649 0.11284956336021 1.198627114296 0.0026964121498168 0.00052593485452235 -3.033935546875 3.5431723517831e-05
-0.038050193339586 0.12245041131973 1.1790388822556 0.0027564947959036 0.00051705061923712 -3.0147848129272 7.6438183896244e-05
-0.042145922780037 0.13205718994141 1.1594352722168 0.0028891991823912 0.00069534819340333 -2.9960780143738 -2.1667630790034e-05
-0.046245791018009 0.14166077971458 1.1398326158524 0.0029413586016744 0.00086944299982861 -2.9776396751404 4.3832314986503e-05
-0.050334706902504 0.15125294029713 1.1202291250229 0.0031355656683445 0.0010135860648006 -2.9584717750549 -3.1774532544659e-05
-0.054433919489384 0.1608519256115 1.1006253957748 0.0033274507150054 0.0011453649494797 -2.9394950866699 3.645952892839e-05
-0.058518819510937 0.17045901715755 1.0810377597809 0.0036986756604165 0.001335526467301 -2.9208960533142 -4.1036022594199e-05
-0.062596529722214 0.18006333708763 1.0614395141602 0.0040233288891613 0.0016921513015404 -2.9018266201019 3.0270735805971e-05
-0.066676154732704 0.18966689705849 1.0418318510056 0.0044860690832138 0.0019986061379313 -2.8825988769531 -1.715046892059e-05
-0.070784419775009 0.19926410913467 1.0222408771515 0.0051024230197072 0.0021851854398847 -2.8640956878662 4.6918230509618e-05
-0.074871920049191 0.20885945856571 1.0026303529739 0.0057303532958031 0.0026306577492505 -2.8449680805206 7.0546634560742e-06
-0.078971937298775 0.21845537424088 0.98303890228271 0.0063650505617261 0.0030215557198972 -2.8260200023651 0.00013869178656023
-0.083033189177513 0.22807122766972 0.96343982219696 0.0071652657352388 0.0035136395599693 -2.8063113689423 7.1194917836692e-05
-0.084837824106216 0.23184961080551 0.95000028610229 0.0038100189995021 0.0023099097888917 -2.7891073226929 -0.0036882942076772
-0.081321537494659 0.22226712107658 0.94999003410339 0.00052473356481642 0.00013079566997476 -2.7889194488525 -0.010031002573669
-0.077814072370529 0.21267494559288 0.94997787475586 6.5818990151456e-06 -3.55164775101e-05 -2.7883124351501 -0.016154080629349
-0.07431960105896 0.20307193696499 0.94997733831406 -3.3396601793356e-05 -0.00015471933875233 -2.7884900569916 -0.022490467876196
-0.070827797055244 0.19346086680889 0.94998353719711 -0.00010409946844447 -0.00012124277418479 -2.7892134189606 -0.028709104284644
-0.067304104566574 0.18385942280293 0.94997704029083 -0.00010507307160879 -0.0001792547700461 -2.7893469333649 -0.03476483002305
-0.06377550214529 0.1742572337389 0.94998145103455 -0.00020083102572244 -0.00020833929011133 -2.7891337871552 -0.041400082409382
-0.060271866619587 0.16466410458088 0.94997775554657 -0.00021025238675065 -0.00021980729070492 -2.7890322208405 -0.047813966870308
-0.056763924658298 0.15506079792976 0.94997280836105 -0.00042205132194795 -0.00021483196178451 -2.7883305549622 -0.054149158298969
-0.053254306316376 0.14546014368534 0.94997161626816 -0.00040838526911102 -0.00017906498396769 -2.7887282371521 -0.06047660112381
-0.049743056297302 0.13586157560349 0.949966609478 -0.00049358233809471 -0.00017531486810185 -2.7889177799225 -0.066750146448612
-0.04623144119978 0.12626628577709 0.9499763250351 -0.00051912240451202 -0.00028008854133077 -2.7887296676636 -0.073066487908363
-0.042724274098873 0.11667886376381 0.94996774196625 -0.0005280714831315 -0.0003305766149424 -2.7887196540833 -0.079364076256752
-0.039204433560371 0.10705228149891 0.94998037815094 -0.00051104370504618 -0.0003672304446809 -2.7890250682831 -0.085796795785427
-0.035684503614902 0.097448989748955 0.94999724626541 -0.001241022371687 -0.00034503446659073 -2.7889230251312 -0.0908447727561
-0.032168313860893 0.087840989232063 0.95000606775284 -0.00088198343291879 -0.00030353746842593 -2.7890160083771 -0.095865219831467
-0.030955508351326 0.084526091814041 0.97976833581924 -0.0087762475013733 -0.0046628126874566 -2.7909286022186 -0.097707733511925
-0.030949346721172 0.084503978490829 1.0277271270752 -0.0090102944523096 -0.0050465730018914 -2.7904860973358 -0.098904632031918
-0.030956715345383 0.084512904286385 1.0757132768631 -0.008281797170639 -0.0043644066900015 -2.7903006076813 -0.098929159343243
-0.030943058431149 0.084496006369591 1.1237149238586 -0.0072765140794218 -0.0043045883066952 -2.7904634475708 -0.098932176828384
-0.03094670176506 0.084470316767693 1.1716976165771 -0.0073178145103157 -0.0040877438150346 -2.7907814979553 -0.098752975463867
-0.030951596796513 0.084488779306412 1.2197204828262 -0.0065553816966712 -0.0039025556761771 -2.7911233901978 -0.098236083984375
