-0.042019035667181 0.26506516337395 -1.8416564464569 -1.5676107406616 -1.6456937789917 -0.00021533317340072 5.0091937737307e-05
-0.067038208246231 0.27939221262932 -1.9018263816833 -1.5217773914337 -1.6892561912537 -0.00044111558236182 7.2996321250685e-05
-0.093525797128677 0.29076525568962 -1.9598274230957 -1.4751577377319 -1.7345905303955 -0.0005302841309458 0.00010836264118552
-0.12140002846718 0.29889437556267 -2.0157642364502 -1.4273591041565 -1.7812466621399 -0.00068144151009619 7.615430149599e-06
-0.15084686875343 0.30354925990105 -2.0695877075195 -1.3783066272736 -1.8295996189117 -0.00089339562691748 3.5431723517831e-05
-0.18175402283669 0.30445715785027 -2.1213750839233 -1.3275368213654 -1.8794243335724 -0.0010257179383188 7.6438183896244e-05
-0.21408239006996 0.30117365717888 -2.171062707901 -1.2747497558594 -1.9302957057953 -0.0013940746430308 -2.1667630790034e-05
-0.24799433350563 0.29333397746086 -2.2185926437378 -1.2195892333984 -1.9830567836761 -0.0016091282013804 4.3832314986503e-05
-0.28342691063881 0.28040024638176 -2.2637820243835 -1.1617851257324 -2.0373430252075 -0.001960318768397 -3.1774532544659e-05
-0.32024374604225 0.2619671523571 -2.3065233230591 -1.1010456085205 -2.0929453372955 -0.0023427421692759 3.645952892839e-05
-0.35840359330177 0.23761412501335 -2.3466312885284 -1.0370986461639 -2.1499807834625 -0.0029287750367075 -4.1036022594199e-05
-0.39783897995949 0.2067651450634 -2.3838341236115 -0.96981167793274 -2.2082860469818 -0.003695290768519 3.0270735805971e-05
-0.4384438097477 0.16898867487907 -2.4178528785706 -0.89900588989258 -2.2677400112152 -0.0046899728477001 -1.715046892059e-05
-0.47997561097145 0.12417170405388 -2.4484193325043 -0.82475614547729 -2.3281979560852 -0.0057650022208691 4.6918230509618e-05
-0.52249348163605 0.071976155042648 -2.475044965744 -0.74751448631287 -2.3898446559906 -0.0073171071708202 7.0546634560742e-06
-0.56569254398346 0.012700527906418 -2.4974076747894 -0.6678102016449 -2.4522633552551 -0.0093017034232616 0.00013869178656023
-0.60930955410004 -0.053140908479691 -2.5152056217194 -0.58666276931763 -2.51496052742 -0.011849444359541 7.1194917836692e-05
-0.63002097606659 -0.10415485501289 -2.5242397785187 -0.52106404304504 -2.5528109073639 -0.0072539262473583 -0.0036882942076772
-0.59485137462616 -0.10860660672188 -2.5213687419891 -0.51234602928162 -2.5183098316193 -0.00062660500407219 -0.010031002573669
-0.56074893474579 -0.11341932415962 -2.515748500824 -0.51225352287292 -2.4843714237213 0.00022955611348152 -0.016154080629349
-0.52778923511505 -0.11886432766914 -2.5090091228485 -0.51335763931274 -2.4514353275299 0.00038309767842293 -0.022490467876196
-0.49593532085419 -0.1249466240406 -2.5012891292572 -0.51497602462769 -2.4190518856049 0.00041552260518074 -0.028709104284644
-0.46542727947235 -0.13176420331001 -2.4925673007965 -0.51690363883972 -2.38858294487 0.00044127181172371 -0.03476483002305
-0.43630945682526 -0.13928440213203 -2.482857465744 -0.51899003982544 -2.3596048355103 0.00045319274067879 -0.041400082409382
-0.40839207172394 -0.14734128117561 -2.4723212718964 -0.52145385742188 -2.331592798233 0.00044365599751472 -0.047813966870308
-0.38193166255951 -0.1561236679554 -2.4607734680176 -0.52402639389038 -2.3056869506836 0.00059862807393074 -0.054149158298969
-0.35647881031036 -0.16522100567818 -2.4485695362091 -0.52710318565369 -2.2801208496094 0.00057049468159676 -0.06047660112381
-0.33222472667694 -0.1748106777668 -2.4355590343475 -0.53043842315674 -2.2558236122131 0.00061579421162605 -0.066750146448612
-0.30917346477509 -0.18481662869453 -2.4217746257782 -0.53413271903992 -2.2328977584839 0.0006072111427784 -0.073066487908363
-0.28715574741364 -0.19516018033028 -2.4073297977448 -0.53817224502563 -2.210705280304 0.00064774230122566 -0.079364076256752
-0.26617705821991 -0.20584467053413 -2.392142534256 -0.54268097877502 -2.1895883083344 0.00066014006733894 -0.085796795785427
-0.24626863002777 -0.21706631779671 -2.3761143684387 -0.54764986038208 -2.1697680950165 0.00042029097676277 -0.0908447727561
-0.22724545001984 -0.22833898663521 -2.359637260437 -0.55298233032227 -2.1506552696228 0.00034638121724129 -0.095865219831467
-0.22030174732208 -0.15243723988533 -2.3344769477844 -0.64191818237305 -2.1420488357544 0.0080892629921436 -0.097707733511925
-0.22033512592316 -0.03951433300972 -2.282666683197 -0.80676674842834 -2.1421542167664 0.008568961173296 -0.098904632031918
-0.22034823894501 0.050674647092819 -2.2152915000916 -0.96536231040955 -2.1422386169434 0.0075332708656788 -0.098929159343243
-0.22026550769806 0.11875984072685 -2.1347162723541 -1.1150226593018 -2.1419591903687 0.0069801397621632 -0.098932176828384
-0.22024714946747 0.16633483767509 -2.0425555706024 -1.255354642868 -2.1418373584747 0.0069138593971729 -0.098752975463867
-0.22020852565765 0.19567367434502 -1.9397749900818 -1.387720823288 -2.1416575908661 0.0066358633339405 -0.098236083984375
