3.1817106105336e-07 2.568823731508e-07 0.9148388504982
6.4861927739912e-07 6.2755390217717e-07 0.91483873128891
8.280115935122e-07 5.8095912436329e-07 0.9148388504982
9.267180871575e-07 5.0885370228571e-07 0.91483902931213
1.041048449224e-06 7.6812449378849e-07 0.91483926773071
9.291906621911e-07 7.3575591841291e-07 0.91483920812607
7.2216334956465e-07 5.8545117553876e-07 0.91483920812607
9.462887646805e-07 5.5980717661441e-07 0.91483920812607
1.294823164244e-06 6.8871008807037e-07 0.91483914852142
1.6092174064397e-06 4.1757041913115e-07 0.91483920812607
1.7807335552789e-06 6.1062547729307e-07 0.91483920812607
2.1075175027363e-06 8.4869765260009e-07 0.91483944654465
2.303461997144e-06 1.0200902806901e-06 0.91483974456787
2.6125999283977e-06 1.1653156661851e-06 0.91483992338181
2.4636369744258e-06 1.070296434591e-06 0.91484016180038
1.9878464172507e-06 1.4251702395995e-06 0.91483992338181
2.0852598936472e-06 1.4857409951219e-06 0.91483998298645
1.9141721168126e-06 1.5088556892806e-06 0.91484010219574
1.9628089376056e-06 1.535259798402e-06 0.91484016180038
1.9827389223792e-06 1.5394217598441e-06 0.91484022140503
1.9512415292411e-06 1.4670293921881e-06 0.91484034061432
1.8382281723461e-06 1.433964143871e-06 0.91484028100967
1.9477745354379e-06 1.3874931710234e-06 0.91484051942825
1.9684630387928e-06 9.9597002645169e-07 0.91484051942825
1.7905492768477e-06 8.0485904163652e-07 0.9148405790329
2.102191274389e-06 9.1148922365392e-07 0.91484063863754
2.1922644464212e-06 6.4911813524304e-07 0.9148405790329
2.1404589460872e-06 8.5413256556421e-07 0.91484063863754
2.1257287698973e-06 4.8093028226504e-07 0.91484099626541
2.2731978788215e-06 4.3933596316492e-07 0.91484099626541
2.2323019948089e-06 3.4295163686693e-07 0.91484105587006
0.0012680774088949 -0.0024554952979088 0.91627526283264
0.0021170096006244 -0.0055797509849072 0.91798406839371
0.003112236969173 -0.0085175661370158 0.94653975963593
0.0030752320308238 -0.0077932234853506 0.99246966838837
0.0032742030452937 -0.0092360628768802 1.036429643631
0.0028299475088716 -0.008895680308342 1.0823396444321
0.0027988280635327 -0.0088341841474175 1.1289434432983
0.0025990137364715 -0.0088514517992735 1.1758290529251
