-0.022829726338387 0.052537456154823 1.2935981750488 0.0012310349848121 0.00011116970563307 -3.0594477653503 2.0605088138836e-05
-0.029749646782875 0.050296947360039 1.2830834388733 0.0012533098924905 0.00019550473371055 -3.0112810134888 -1.0395506251371e-05
-0.036676906049252 0.048068776726723 1.2725585699081 0.0012093969853595 0.00037112869904377 -2.9628794193268 6.9505134888459e-05
-0.043608464300632 0.045813843607903 1.2620170116425 0.0012839213013649 0.00041740672895685 -2.9146602153778 9.4164577603806e-05
-0.050546370446682 0.043582767248154 1.2515180110931 0.0013112805318087 0.00040887270006351 -2.8672461509705 9.8373071523383e-05
-0.057455912232399 0.041361317038536 1.2410057783127 0.0012363485293463 0.00046778967953287 -2.8181591033936 3.03136630464e-06
-0.064361043274403 0.039127022027969 1.230499625206 0.0011576903052628 0.0007622241973877 -2.7701914310455 2.2938367692404e-05
-0.07131390273571 0.03689281642437 1.2199939489365 0.0011333937291056 0.00061271979939193 -2.7223653793335 1.0572149221844e-05
-0.078238680958748 0.034646682441235 1.2094812393188 0.001043766271323 0.00078566768206656 -2.6740717887878 7.7958233305253e-05
-0.085173547267914 0.032426595687866 1.1989665031433 0.0010830323444679 0.00079042912693694 -2.6255753040314 -2.4502782252966e-05
-0.092074304819107 0.030163645744324 1.1884324550629 0.0012197003234178 0.00069355365121737 -2.5777366161346 3.5117864172207e-05
-0.098993048071861 0.027943439781666 1.1779086589813 0.0010577358771116 0.00091060029808432 -2.5297544002533 1.7379368728143e-05
-0.10590860247612 0.025732927024364 1.1674197912216 0.00099989050067961 0.00082606740761548 -2.4807229042053 4.7386147343786e-05
-0.11284075677395 0.023492775857449 1.1568672657013 0.00098835211247206 0.0010063172085211 -2.4325451850891 1.3793945981888e-05
-0.11977460980415 0.021228216588497 1.1463558673859 0.00083564990200102 0.0010549130383879 -2.3851470947266 4.3095264118165e-05
-0.12669835984707 0.019008915871382 1.1358523368835 0.00069850578438491 0.00085609476082027 -2.3374447822571 0.00013163224502932
-0.13361439108849 0.016776334494352 1.1253334283829 0.00068370462395251 0.00077720155240968 -2.2888836860657 -3.4332937502768e-05
-0.14055377244949 0.014511819928885 1.114786028862 0.00051877548685297 0.00074448954546824 -2.2414071559906 5.4477299272548e-05
-0.14744085073471 0.012293010950089 1.1042665243149 0.00040063270716928 0.00051517260726541 -2.1929926872253 3.9591523091076e-05
-0.15439374744892 0.010046139359474 1.0937496423721 0.00018555238784757 0.00032803058275022 -2.1448545455933 1.8679980712477e-05
-0.16131567955017 0.0078274197876453 1.0832493305206 6.3259001763072e-05 8.9893350377679e-05 -2.0968461036682 1.2698195860139e-05
-0.16822573542595 0.0055906549096107 1.0727481842041 -0.0001236768293893 3.3598797017476e-05 -2.0491938591003 2.2147924028104e-05
-0.17515832185745 0.0033778846263885 1.0622158050537 0.00014123129949439 0.00029520021053031 -2.0005259513855 6.5088468545582e-05
-0.18208515644073 0.0011306572705507 1.0516781806946 0.00033217662712559 0.00080061104381457 -1.9526640176773 7.5616640970111e-05
-0.18899667263031 -0.0011199600994587 1.0411891937256 0.00058375566732138 0.0015921490266919 -1.9044982194901 6.8159381044097e-05
-0.19592405855656 -0.0033371141180396 1.03062748909 0.0008590025245212 0.0022347974590957 -1.8565937280655 1.9204429918318e-05
-0.20287218689919 -0.0055894311517477 1.020080447197 0.00095994683215395 0.002458211267367 -1.8086061477661 3.7670779420296e-05
-0.20977491140366 -0.0078153163194656 1.0096052885056 0.00094549887580797 0.002578197279945 -1.7607033252716 2.6152532882406e-05
-0.21669238805771 -0.010068285278976 0.99909138679504 0.00067738810321316 0.0023414774332196 -1.7128467559814 5.7794579333859e-05
-0.2236158400774 -0.012307664379478 0.98850172758102 0.00070511439116672 0.00220837444067 -1.6650393009186 5.0621478294488e-05
-0.23053869605064 -0.014520095661283 0.97799617052078 0.00039482675492764 0.0022303475998342 -1.6166071891785 3.2692827517167e-05
-0.23746690154076 -0.016762414947152 0.96751987934113 0.0005343034863472 0.0020553527865559 -1.5686962604523 3.9651881706959e-06
-0.24436748027802 -0.018982723355293 0.95694071054459 0.00049757224041969 0.0020564426667988 -1.5209478139877 9.5654650067445e-05
-0.24622471630573 -0.020304394885898 0.94989228248596 0.0010267534526065 -0.00055756233632565 -1.487545132637 7.8763427154627e-05
-0.23661857843399 -0.019499443471432 0.9498046040535 7.1189548179973e-05 -0.0022749728523195 -1.4875363111496 2.5692947019706e-05
-0.22703243792057 -0.018683502450585 0.94987034797668 6.125791287559e-07 -0.0023645584005862 -1.4876396656036 -2.9363523026404e-06
-0.21743308007717 -0.017913829535246 0.94980162382126 2.3811768187443e-05 -0.0023014943581074 -1.4880567789078 7.0774331106804e-05
-0.20782744884491 -0.017139837145805 0.94980210065842 0.00031212758040056 -0.0023350440897048 -1.487973690033 8.0702200648375e-05
-0.19822470843792 -0.016323637217283 0.9498103260994 0.00024284135724884 -0.0022596037015319 -1.4878194332123 5.5046220950317e-05
-0.18863663077354 -0.015546480193734 0.94979494810104 0.00030778103973716 -0.0022602523677051 -1.4878010749817 -7.2102389822248e-05
-0.17903804779053 -0.01474292576313 0.94988918304443 0.00010315049439669 -0.0021363950800151 -1.4873945713043 9.6260671853088e-05
-0.16942688822746 -0.013934553600848 0.94986242055893 7.8603581641801e-05 -0.0022018547169864 -1.4878665208817 0.00013514523743652
-0.15984003245831 -0.013175395317376 0.94983869791031 0.00016264121222775 -0.0022068088874221 -1.4877701997757 6.3232328102458e-05
-0.1502294242382 -0.012394453398883 0.94986265897751 0.00012399133993313 -0.0021445674356073 -1.4880454540253 3.6297813494457e-05
-0.14063221216202 -0.011593596078455 0.94986176490784 0.00016459288599435 -0.0021005442831665 -1.4883695840836 0.0001411277189618
-0.13103231787682 -0.010792090557516 0.94985938072205 0.00025300006382167 -0.0021189332474023 -1.487827539444 1.2611353668035e-05
-0.12144468724728 -0.0099985674023628 0.94990384578705 -3.9363014366245e-05 -0.002075084252283 -1.4879111051559 4.3452168938529e-06
-0.11183981597424 -0.0092221358790994 0.94990968704224 0.00015170105325524 -0.0019833780825138 -1.4879702329636 -2.5301638743258e-05
-0.102245464921 -0.0084283268079162 0.94987601041794 0.00013106926053297 -0.0020382995717227 -1.4879159927368 5.6233831855934e-05
-0.092628329992294 -0.0076320050284266 0.94992876052856 1.3520968423109e-05 -0.0020005607511848 -1.4881619215012 4.2370840674266e-05
-0.083076305687428 -0.0068179536610842 0.94992691278458 0.00013369452790357 -0.0019873001147062 -1.4875736236572 9.073877663468e-06
-0.073467880487442 -0.0060540232807398 0.94993019104004 7.0053538365755e-05 -0.0020943281706423 -1.488121509552 9.1203619376756e-05
-0.063864022493362 -0.0052550537511706 0.94992917776108 9.2832146037836e-05 -0.0019750986248255 -1.4879499673843 7.0602109190077e-05
-0.054249234497547 -0.0044846357777715 0.94995379447937 8.6992928117979e-05 -0.002046630019322 -1.48810505867 6.4583946368657e-05
-0.044686429202557 -0.0036798482760787 0.94994181394577 3.0582723411499e-05 -0.0020872636232525 -1.487853884697 8.2408259913791e-05
-0.035074774175882 -0.0028841532766819 0.9499483704567 -8.4788944150205e-06 -0.0020381936337799 -1.487882733345 3.7893190892646e-05
-0.02546994946897 -0.0020677484571934 0.94996505975723 3.4715354559012e-05 -0.0020413785241544 -1.4872506856918 6.2356259149965e-05
-0.015871876850724 -0.0012957220897079 0.94993102550507 6.9843175879214e-05 -0.0021035068202764 -1.4881546497345 -2.6264608550264e-06
-0.006267424672842 -0.0005073482170701 0.94995868206024 1.7236028725165e-05 -0.0021849877666682 -1.4882179498672 9.3637947884417e-07
0.0033292211592197 0.00025928393006325 0.94995713233948 4.6495224523824e-05 -0.0021570301614702 -1.4882752895355 9.2613845481537e-05
0.012913417071104 0.0010742861777544 0.9499631524086 8.205913763959e-05 -0.0021408963948488 -1.4881162643433 1.7072035916499e-05
0.022535303607583 0.0018909173086286 0.94996136426926 0.00017261394532397 -0.0021737439092249 -1.4878704547882 -1.0246044439555e-05
0.032117359340191 0.002654517069459 0.94996327161789 0.00011201424058527 -0.0020396006293595 -1.488245844841 0.00014443737745751
0.041710801422596 0.0034412485547364 0.94995039701462 0.0001645898737479 -0.002136116148904 -1.4878346920013 3.4586606489029e-05
0.051332928240299 0.0042428355664015 0.94996172189713 0.00022538540360983 -0.0022324165329337 -1.4879262447357 4.0296316001331e-05
0.060917310416698 0.0050446684472263 0.9499419927597 0.0002438226074446 -0.0021157341543585 -1.4879335165024 2.660304926394e-05
0.07052581012249 0.0058369426988065 0.94994181394577 0.00020216686243657 -0.0021803760901093 -1.4878766536713 7.3410454206169e-05
0.080124594271183 0.0066159823909402 0.94994759559631 -1.8842909412342e-05 -0.0021324269473553 -1.4880292415619 1.5414332665387e-05
0.089716091752052 0.0074194334447384 0.94993478059769 0.00022061291383579 -0.0020431117154658 -1.4878807067871 0.00010439461038914
0.09932279586792 0.0081896875053644 0.949926674366 0.00027078951825388 -0.0019909967668355 -1.4880521297455 3.8125755963847e-05
0.10893762856722 0.0089915804564953 0.94994294643402 0.00036420772084966 -0.0017779273912311 -1.4881094694138 -3.1079218842933e-07
0.11850979179144 0.0097733894363046 0.94992315769196 0.00056555535411462 -0.0013600769452751 -1.4871084690094 4.6255870984169e-05
0.12810069322586 0.010547680780292 0.95001894235611 0.00024509205832146 -0.0014427889836952 -1.4875402450562 4.9453607061878e-05
0.13769163191319 0.011312455870211 0.95005756616592 3.9729679883749e-06 -0.0014050914905965 -1.4879808425903 2.4259228666779e-05
0.14729961752892 0.012131238356233 0.94998979568481 0.0002023765409831 -0.00044583174167201 -1.4874106645584 1.6459271989788e-07
0.15688948333263 0.012935727834702 0.9499768614769 0.00019135327602271 0.00031158671481535 -1.4871000051498 -1.1549143891898e-05
0.16650275886059 0.013727753423154 0.94997137784958 -4.3948493839707e-05 0.0010355015983805 -1.487514257431 4.7902347432682e-05
0.17611782252789 0.014542423188686 0.94996762275696 -1.4526449376717e-05 0.0020259248558432 -1.4873744249344 -1.3928030966781e-05
0.18572062253952 0.015328377485275 0.94997799396515 -0.00016445691289846 0.0026932652108371 -1.4878726005554 1.6241796402028e-05
0.19530110061169 0.016112068668008 0.94997656345367 -0.00029291413375176 0.0034816521219909 -1.4877880811691 -2.3578861146234e-05
0.20490758121014 0.016876677051187 0.94998198747635 -0.00057749362895265 0.0039652762934566 -1.4880200624466 8.8243969003088e-06
0.21452765166759 0.017698023468256 0.94997483491898 -0.00057915505021811 0.0043418132700026 -1.4879075288773 8.4355728176888e-05
0.2241162955761 0.018439952284098 0.94994688034058 -0.00052791979396716 0.0045186304487288 -1.4881927967072 8.2951766671613e-05
0.23369781672955 0.019249577075243 0.94995754957199 -0.00044877518666908 0.0040886560454965 -1.4882093667984 -1.2446765140339e-05
0.24331668019295 0.020071309059858 0.94996070861816 -0.00050794525304809 0.0036164398770779 -1.487980723381 -2.9427448680508e-05
