-0.076202064752579 0.2007836997509 -1.7516348361969 -1.5918889045715 -1.7290964126587 -7.5858304626308e-05 2.0605088138836e-05
-0.11656013131142 0.18037268519402 -1.7622525691986 -1.5609838962555 -1.8176374435425 -0.00035933800972998 -1.0395506251371e-05
-0.15508380532265 0.15788885951042 -1.7707126140594 -1.5300185680389 -1.9045622348785 -0.00052766152657568 6.9505134888459e-05
-0.19157853722572 0.1332673728466 -1.7768869400024 -1.4993784427643 -1.9891021251678 -0.00060252496041358 9.4164577603806e-05
-0.22611013054848 0.10692688822746 -1.7808477878571 -1.469046831131 -2.0718586444855 -0.00070099183358252 9.8373071523383e-05
-0.25852289795876 0.078814476728439 -1.7825911045074 -1.4392983913422 -2.1523504257202 -0.0008356983307749 3.03136630464e-06
-0.28885546326637 0.049258679151535 -1.7821953296661 -1.4102294445038 -2.2308123111725 -0.0011423046234995 2.2938367692404e-05
-0.31721988320351 0.018409699201584 -1.779664516449 -1.382003068924 -2.3070595264435 -0.0011902267578989 1.0572149221844e-05
-0.34379354119301 -0.013898640871048 -1.7748379707336 -1.354629278183 -2.3822491168976 -0.001460355008021 7.7958233305253e-05
-0.3683377802372 -0.047083884477615 -1.7680604457855 -1.3284168243408 -2.454868555069 -0.0016284401062876 -2.4502782252966e-05
-0.39106312394142 -0.08127024769783 -1.759202003479 -1.3033497333527 -2.5258376598358 -0.0018270427826792 3.5117864172207e-05
-0.41210904717445 -0.11608770489693 -1.7484562397003 -1.2795770168304 -2.5947878360748 -0.0022378379944712 1.7379368728143e-05
-0.4315530359745 -0.15157821774483 -1.735612154007 -1.2571122646332 -2.6626336574554 -0.0024412090424448 4.7386147343786e-05
-0.44942179322243 -0.18771484494209 -1.7209334373474 -1.23606300354 -2.7287330627441 -0.0028894359711558 1.3793945981888e-05
-0.46575203537941 -0.2240095436573 -1.7046320438385 -1.2164373397827 -2.7927241325378 -0.0033765251282603 4.3095264118165e-05
-0.48079386353493 -0.26075413823128 -1.6863520145416 -1.1984739303589 -2.8560779094696 -0.0038984233979136 0.00013163224502932
-0.49444738030434 -0.29759123921394 -1.6666057109833 -1.1818563938141 -2.9173557758331 -0.004349272698164 -3.4332937502768e-05
-0.50696361064911 -0.33475568890572 -1.64510846138 -1.1665380001068 -2.978045463562 -0.0046203546226025 5.4477299272548e-05
-0.51829183101654 -0.37182071805 -1.6222925186157 -1.152364730835 -3.0373678207397 -0.0047874860465527 3.9591523091076e-05
-0.52862823009491 -0.40900257229805 -1.5978474617004 -1.1392335891724 -3.0960898399353 -0.004398625344038 1.8679980712477e-05
-0.5379182100296 -0.44589856266975 -1.572329044342 -1.1267216205597 -3.1535577774048 -0.0032933168113232 1.2698195860139e-05
-0.54626190662384 -0.4824450314045 -1.5458135604858 -1.114602804184 -3.2096490859985 -0.0012426786124706 2.2147924028104e-05
-0.55375969409943 -0.51889872550964 -1.5180566310883 -1.1030249595642 -3.2654821872711 0.0016386099159718 6.5088468545582e-05
-0.56044590473175 -0.5551381111145 -1.489138841629 -1.0925784111023 -3.320348739624 0.0047022886574268 7.5616640970111e-05
-0.56636488437653 -0.59140300750732 -1.45880818367 -1.0843713283539 -3.3741080760956 0.0070244856178761 6.8159381044097e-05
-0.57159745693207 -0.62792181968689 -1.4268569946289 -1.0788414478302 -3.4273879528046 0.0079547949135303 1.9204429918318e-05
-0.57619321346283 -0.66463875770569 -1.3932898044586 -1.0760509967804 -3.4797646999359 0.0076200552284718 3.7670779420296e-05
-0.58014380931854 -0.70134139060974 -1.3583552837372 -1.0752012729645 -3.5318439006805 0.0066234655678272 2.6152532882406e-05
-0.58352530002594 -0.73819875717163 -1.3221807479858 -1.0757029056549 -3.5831704139709 0.00540466979146 5.7794579333859e-05
-0.58641111850739 -0.7750186920166 -1.2850239276886 -1.0769288539886 -3.6341395378113 0.0046045370399952 5.0621478294488e-05
-0.58881795406342 -0.81155300140381 -1.2467691898346 -1.0791757106781 -3.684490442276 0.0039951391518116 3.2692827517167e-05
-0.59072983264923 -0.84818053245544 -1.2071850299835 -1.0825521945953 -3.7346994876862 0.0035821981728077 3.9651881706959e-06
-0.59227979183197 -0.88488984107971 -1.1668546199799 -1.08669257164 -3.7838051319122 0.003143984824419 9.5654650067445e-05
-0.58972942829132 -0.90623092651367 -1.1462547779083 -1.0901257991791 -3.8145892620087 0.00023432448506355 7.8763427154627e-05
-0.57857716083527 -0.89095997810364 -1.1771454811096 -1.0773870944977 -3.8034307956696 -0.0031092576682568 2.5692947019706e-05
-0.56725704669952 -0.87508797645569 -1.2080788612366 -1.0625140666962 -3.7916328907013 -0.003367941826582 -2.9363523026404e-06
-0.55565989017487 -0.85989379882812 -1.2379429340363 -1.0478749275208 -3.7801358699799 -0.0032949857413769 7.0774331106804e-05
-0.54382216930389 -0.84502196311951 -1.2669796943665 -1.0337476730347 -3.7682194709778 -0.003215353935957 8.0702200648375e-05
-0.53178036212921 -0.83041858673096 -1.2952239513397 -1.0200181007385 -3.7563490867615 -0.003309290856123 5.5046220950317e-05
-0.51949489116669 -0.81630706787109 -1.3226203918457 -1.0067980289459 -3.7437844276428 -0.0033018998801708 -7.2102389822248e-05
-0.50692451000214 -0.80247616767883 -1.3491191864014 -0.99399328231812 -3.7316699028015 -0.0033376626670361 9.6260671853088e-05
-0.49419176578522 -0.78900051116943 -1.3751358985901 -0.98157358169556 -3.7187457084656 -0.0034101419150829 0.00013514523743652
-0.48116433620453 -0.7760910987854 -1.4002270698547 -0.96960973739624 -3.7056589126587 -0.0035200528800488 6.3232328102458e-05
-0.46791684627533 -0.7631573677063 -1.4248504638672 -0.95777678489685 -3.6921234130859 -0.0036564283072948 3.6297813494457e-05
-0.45442569255829 -0.75067663192749 -1.4488301277161 -0.94632935523987 -3.6785926818848 -0.00364975258708 0.0001411277189618
-0.44060838222504 -0.73861455917358 -1.4719455242157 -0.9354522228241 -3.6651117801666 -0.0037541799247265 1.2611353668035e-05
-0.42660582065582 -0.72658824920654 -1.4946024417877 -0.92474627494812 -3.6511261463165 -0.0038934163749218 4.3452168938529e-06
-0.41230380535126 -0.71504664421082 -1.5165846347809 -0.91425919532776 -3.6368820667267 -0.003717940300703 -2.5301638743258e-05
-0.39776408672333 -0.70380544662476 -1.5380401611328 -0.90438961982727 -3.6221709251404 -0.004105132073164 5.6233831855934e-05
-0.38294398784637 -0.69262647628784 -1.5589413642883 -0.89465975761414 -3.6073017120361 -0.0042250566184521 4.2370840674266e-05
-0.36787736415863 -0.68198752403259 -1.5791671276093 -0.88522386550903 -3.5925035476685 -0.0043855123221874 9.073877663468e-06
-0.35251247882843 -0.67146253585815 -1.5989782810211 -0.87605333328247 -3.5768895149231 -0.004576962441206 9.1203619376756e-05
-0.33689033985138 -0.66125988960266 -1.6181964874268 -0.86721301078796 -3.5612602233887 -0.0046794824302197 7.0602109190077e-05
-0.32095181941986 -0.65125131607056 -1.6368811130524 -0.858806848526 -3.5450723171234 -0.0048823766410351 6.4583946368657e-05
-0.30484259128571 -0.64164137840271 -1.6548759937286 -0.85062670707703 -3.5292148590088 -0.0052328519523144 8.2408259913791e-05
-0.28839886188507 -0.6322033405304 -1.6724219322205 -0.84274196624756 -3.5128376483917 -0.0054922513663769 3.7893190892646e-05
-0.27167212963104 -0.6230480670929 -1.6894483566284 -0.83524918556213 -3.4960644245148 -0.0057795457541943 6.2356259149965e-05
-0.25473749637604 -0.61420154571533 -1.7059659957886 -0.82804012298584 -3.4790189266205 -0.0063217096030712 -2.6264608550264e-06
-0.23747980594635 -0.60561943054199 -1.721843957901 -0.82120990753174 -3.4617419242859 -0.0067181997001171 9.3637947884417e-07
-0.21997225284576 -0.59723281860352 -1.7372891902924 -0.81449341773987 -3.444078207016 -0.0071304254233837 9.2613845481537e-05
-0.20226037502289 -0.5891273021698 -1.7522082328796 -0.8082013130188 -3.4262177944183 -0.0076818875968456 1.7072035916499e-05
-0.18421232700348 -0.58136630058289 -1.7665071487427 -0.8022289276123 -3.4083361625671 -0.0082135610282421 -1.0246044439555e-05
-0.16596829891205 -0.57383561134338 -1.7802886962891 -0.79659008979797 -3.3900194168091 -0.0089188031852245 0.00014443737745751
-0.14745604991913 -0.56672501564026 -1.7933354377747 -0.79144811630249 -3.3719453811646 -0.0096202306449413 3.4586606489029e-05
-0.12869226932526 -0.55976533889771 -1.8059923648834 -0.78672528266907 -3.3531534671783 -0.010647337883711 4.0296316001331e-05
-0.10972225666046 -0.55322504043579 -1.8179662227631 -0.78236293792725 -3.3343687057495 -0.011663477867842 2.660304926394e-05
-0.090528607368469 -0.54682874679565 -1.8295650482178 -0.77846670150757 -3.3147313594818 -0.012981217354536 7.3410454206169e-05
-0.071123719215393 -0.54075384140015 -1.8404250144958 -0.77498531341553 -3.2953510284424 -0.0143654756248 1.5414332665387e-05
-0.05151903629303 -0.53520631790161 -1.8506286144257 -0.77209067344666 -3.2759311199188 -0.01601342484355 0.00010439461038914
-0.031688332557678 -0.5298228263855 -1.8603491783142 -0.76959371566772 -3.2559161186218 -0.017866890877485 3.8125755963847e-05
-0.011687874794006 -0.52472472190857 -1.8693580627441 -0.76769709587097 -3.2360789775848 -0.019905369728804 -3.1079218842933e-07
0.0084651708602905 -0.52020835876465 -1.8775074481964 -0.7666277885437 -3.2165265083313 -0.022288125008345 4.6255870984169e-05
0.028817057609558 -0.51573324203491 -1.8852145671844 -0.76591873168945 -3.1963996887207 -0.025025885552168 4.9453607061878e-05
0.049192309379578 -0.51172232627869 -1.8923101425171 -0.76558804512024 -3.1761891841888 -0.027874987572432 2.4259228666779e-05
0.069774508476257 -0.50786185264587 -1.8989441394806 -0.76570582389832 -3.1553568840027 -0.030694525688887 1.6459271989788e-07
0.090465903282166 -0.50438117980957 -1.9048964977264 -0.7657732963562 -3.1350674629211 -0.033222477883101 -1.1549143891898e-05
0.1112517118454 -0.50100374221802 -1.9105803966522 -0.76571249961853 -3.113954782486 -0.035526793450117 4.7902347432682e-05
0.1321634054184 -0.49777841567993 -1.9159007072449 -0.76534795761108 -3.0924966335297 -0.037262003868818 -1.3928030966781e-05
0.15307652950287 -0.49479389190674 -1.9207992553711 -0.7640540599823 -3.071533203125 -0.037930052727461 1.6241796402028e-05
0.17404210567474 -0.49200081825256 -1.9253876209259 -0.76183462142944 -3.0504887104034 -0.037359993904829 -2.3578861146234e-05
0.19502055644989 -0.48940467834473 -1.9296915531158 -0.75816464424133 -3.0296676158905 -0.035495322197676 8.8243969003088e-06
0.21606910228729 -0.48694396018982 -1.9338533878326 -0.75336933135986 -3.0086832046509 -0.03236274048686 8.4355728176888e-05
0.23701846599579 -0.4847092628479 -1.9377853870392 -0.74748945236206 -2.987514257431 -0.028173010796309 8.2951766671613e-05
0.25794875621796 -0.48279857635498 -1.9412405490875 -0.74105405807495 -2.9665093421936 -0.023154061287642 -1.2446765140339e-05
0.27891433238983 -0.48116302490234 -1.9442884922028 -0.73434090614319 -2.9456884860992 -0.017993252724409 -2.9427448680508e-05
