4.3032309804403e-07 -2.9843977245037e-07 0.91483902931213
5.1741972129093e-07 -4.6894285787857e-07 0.91483914852142
3.4795880310412e-07 -7.2839617359932e-07 0.91483896970749
5.213574922891e-07 -6.3997737242971e-07 0.9148388504982
7.9307704936582e-07 -1.0961038015012e-06 0.91483891010284
7.0839217869434e-07 -9.9322551250225e-07 0.91483920812607
5.8212737030772e-07 -8.7067616050263e-07 0.91483914852142
4.5039180918138e-07 -5.9334428215152e-07 0.91483926773071
4.1471716372143e-07 -4.4029621903974e-07 0.91483926773071
9.2348571456569e-08 -5.2152319085508e-07 0.91483926773071
-9.0710528866111e-08 -6.4933686871882e-07 0.91483914852142
8.336771628592e-08 -4.329155274263e-07 0.91483896970749
-2.4654264052515e-07 -6.180628133734e-07 0.91483914852142
1.2097454771265e-07 -7.7423732136594e-07 0.91483920812607
1.6835981853092e-07 -8.7589654640396e-07 0.91483914852142
3.603754521464e-07 -1.2102294704164e-06 0.91483920812607
2.950689008685e-07 -1.2704207392744e-06 0.91483914852142
8.757842238083e-07 -1.267157813345e-06 0.91483938694
5.1897131925216e-07 -1.6440119452454e-06 0.91483926773071
6.8166235678291e-07 -1.7603719015824e-06 0.91483920812607
1.017915792545e-06 -1.575239025442e-06 0.91483926773071
6.0993011175015e-07 -1.7807221865951e-06 0.91483920812607
7.5047461223221e-07 -1.6822040151965e-06 0.91483908891678
8.6118251374501e-07 -1.5820838825675e-06 0.91483920812607
1.0912151537923e-06 -1.1441242122601e-06 0.91483920812607
1.1984340062554e-06 -8.4043711012782e-07 0.91483920812607
8.1297366705257e-07 -5.3598512295139e-07 0.91483938694
1.3681860764336e-06 -5.0786968586181e-07 0.91483938694
1.3829976523994e-06 -9.4882869916546e-07 0.91483956575394
1.3953588222648e-06 -9.3717608251609e-07 0.91483962535858
1.7961218645723e-06 -1.1004863154085e-06 0.91483980417252
2.0934326130373e-06 -1.2813068224204e-06 0.91483998298645
2.0186405436107e-06 -8.6717653857704e-07 0.91483998298645
1.8675751789488e-06 -1.0767291769298e-06 0.91483986377716
1.8665260768103e-06 -9.7134943644051e-07 0.91483992338181
2.1611858755932e-06 -1.0592206081128e-06 0.91483992338181
2.290169504704e-06 -9.2121013040014e-07 0.91483980417252
2.4850344289007e-06 -8.7061511067077e-07 0.91483986377716
2.7653086362989e-06 -7.7483599625339e-07 0.91483986377716
2.5259798803745e-06 -4.973483669346e-07 0.91483992338181
2.5458168693149e-06 -3.8060639440118e-07 0.91483986377716
2.8600054520211e-06 -6.2778639176031e-08 0.91483992338181
2.3468696781492e-06 -3.414988896111e-07 0.91483998298645
2.2489628008771e-06 -3.5543158105611e-07 0.91484022140503
2.4006587864278e-06 -2.1164642305393e-07 0.91484040021896
2.2623673885391e-06 -3.2077016953735e-07 0.91484045982361
2.4423079594271e-06 3.1026246460897e-07 0.91484051942825
2.7147602850164e-06 4.006770950582e-07 0.91484075784683
2.7907042294828e-06 2.839553872036e-07 0.91484063863754
2.8343129088171e-06 1.9461865008452e-07 0.9148405790329
0.005929775070399 0.00014649977674708 0.91485190391541
0.01555988099426 0.00042908245814033 0.91486859321594
0.025201428681612 0.00075531168840826 0.91489410400391
0.034873932600021 0.0010142853716388 0.91495192050934
0.044477190822363 0.0013905528467149 0.91504156589508
0.054131779819727 0.0017373446607962 0.91518485546112
0.063756868243217 0.0021057969424874 0.9152712225914
0.07343827188015 0.0024100611917675 0.91524940729141
0.08305312693119 0.0025563342496753 0.91490399837494
0.092714913189411 0.002829099772498 0.91494530439377
0.1023418828845 0.0030131165403873 0.91498863697052
0.11200647056103 0.0033099169377238 0.9150567650795
0.12162590026855 0.0035961261019111 0.91517329216003
0.13127869367599 0.0038303656037897 0.91524529457092
0.14094704389572 0.0040673944167793 0.91528117656708
0.15057927370071 0.0043177185580134 0.9152804017067
0.16023632884026 0.0045976680703461 0.91525089740753
0.16997091472149 0.0048976922407746 0.91515225172043
0.17950497567654 0.005237344186753 0.91507810354233
0.18914395570755 0.0055260793305933 0.91505533456802
0.19877602159977 0.0058548371307552 0.91507756710052
0.2084771245718 0.0062323017045856 0.91481500864029
0.21801568567753 0.0066574602387846 0.91497260332108
0.22761990129948 0.0072165005840361 0.91518819332123
0.23733578622341 0.0078085651621222 0.9154332280159
0.2471229583025 0.0084180580452085 0.91555845737457
0.25681555271149 0.0088881468400359 0.91566002368927
0.26662981510162 0.009383243508637 0.915696144104
0.27648514509201 0.0098135564476252 0.9156996011734
0.28636893630028 0.01034476980567 0.91571140289307
0.29611313343048 0.010767353698611 0.91568577289581
0.30593886971474 0.011253057047725 0.91572558879852
0.31580176949501 0.011765887960792 0.91575264930725
0.32548686861992 0.012254651635885 0.91578722000122
0.3354512155056 0.012667804025114 0.91580122709274
