-0.027742069214582 0.068273782730103 1.2760875225067 0.0026446911506355 0.00028737122192979 -3.0634531974792 1.2543922821351e-05
-0.037323255091906 0.074525073170662 1.2559686899185 0.0027102874591947 0.00056288641644642 -3.0175442695618 2.7002017304767e-05
-0.046929717063904 0.080791592597961 1.2358393669128 0.0027752439491451 0.00075029139406979 -2.9713428020477 1.6197000149987e-05
-0.05658008903265 0.087008491158485 1.2157368659973 0.0028784568421543 0.00091029005125165 -2.9266526699066 1.7590131392353e-05
-0.066154360771179 0.093280255794525 1.195637345314 0.0030021057464182 0.0011249933158979 -2.8799819946289 0.00012359433458187
-0.075753018260002 0.099528312683105 1.1755441427231 0.0030487843323499 0.0014510464388877 -2.8338370323181 3.3596141292946e-05
-0.085351228713989 0.10578979551792 1.1554245948792 0.0031833073589951 0.0018739579245448 -2.7880473136902 -3.3475298550911e-05
-0.094954907894135 0.11204153299332 1.1353149414062 0.0035289316438138 0.0021920469589531 -2.7416548728943 2.178758768423e-05
-0.10455337166786 0.11829283833504 1.1151959896088 0.0038258188869804 0.0024492156226188 -2.6956431865692 -8.5117371781962e-06
-0.1141545176506 0.12453375011683 1.0950726270676 0.0040474161505699 0.0030048014596105 -2.6495690345764 -5.6892968132161e-06
-0.12375172972679 0.130779504776 1.07497215271 0.0043139779008925 0.0033732035662979 -2.6036803722382 9.1506328317337e-05
-0.13335645198822 0.13703572750092 1.0548622608185 0.004720157943666 0.0036283070221543 -2.5571448802948 8.5882311395835e-06
-0.14294172823429 0.14329808950424 1.0347603559494 0.0046967444941401 0.0041638487018645 -2.5113987922668 2.695138391573e-05
-0.1525492221117 0.1495455801487 1.0146379470825 0.0045817093923688 0.0041631059721112 -2.4652750492096 5.2494440751616e-05
-0.16214606165886 0.15578988194466 0.99451041221619 0.0038598019164056 0.0035415184684098 -2.4193906784058 1.8972576071974e-05
-0.17172603309155 0.16203808784485 0.97442299127579 0.0021785271819681 0.0018771414179355 -2.3736810684204 9.22762992559e-05
-0.1813508272171 0.16828484833241 0.95429170131683 -0.00086971395649016 -0.00097634998383 -2.327968120575 2.8472974008764e-05
-0.17623919248581 0.16303744912148 0.9499449133873 -0.00058229308342561 -0.00097956380341202 -2.3155810832977 -0.0073047024197876
-0.16666972637177 0.15414962172508 0.94996011257172 0.0010502369841561 0.00078179669799283 -2.3163785934448 -0.013134491629899
-0.15704150497913 0.14527070522308 0.94993770122528 0.0026266772765666 0.0027011823840439 -2.3163015842438 -0.019443163648248
-0.14745062589645 0.13636866211891 0.94996178150177 0.0041390876285732 0.0045098285190761 -2.316107749939 -0.025625821202993
-0.13784168660641 0.12750867009163 0.94993877410889 0.0053235176019371 0.0061889789067209 -2.3156025409698 -0.031679227948189
-0.12825693190098 0.11864622682333 0.94995158910751 0.0059883533976972 0.0071031842380762 -2.3154966831207 -0.037996418774128
-0.11865133047104 0.10975795984268 0.94995892047882 0.0059598232619464 0.0072644725441933 -2.3155462741852 -0.044435888528824
-0.10905407369137 0.10088586062193 0.9499529004097 0.0052228351123631 0.0064416900277138 -2.3157434463501 -0.050799146294594
-0.099460124969482 0.092000149190426 0.94994699954987 0.0041209235787392 0.0051540224812925 -2.3160893917084 -0.057155020534992
-0.089864298701286 0.083120934665203 0.94994252920151 0.0028029028326273 0.0036054132506251 -2.316260099411 -0.063518561422825
-0.08026334643364 0.074251666665077 0.94997024536133 0.0017088336171582 0.0020373982843012 -2.3161616325378 -0.069866545498371
-0.070666193962097 0.065361499786377 0.94994336366653 0.00094763585366309 0.0011094256769866 -2.3157727718353 -0.076140210032463
-0.066072463989258 0.061119742691517 0.97538143396378 -0.0041105444543064 -0.0059025743976235 -2.3174066543579 -0.088164560496807
-0.066083177924156 0.061115842312574 1.0233745574951 -0.010116646997631 -0.013348575681448 -2.3170025348663 -0.087958805263042
-0.066069886088371 0.061108376830816 1.0713304281235 -0.012010771781206 -0.015940301120281 -2.3165757656097 -0.087827153503895
-0.066089406609535 0.061099346727133 1.1193627119064 -0.013085921294987 -0.017635593190789 -2.3165030479431 -0.088293820619583
-0.06610369682312 0.061048705130816 1.1673383712769 -0.012959411367774 -0.018030861392617 -2.3169093132019 -0.088108204305172
-0.066115111112595 0.061059881001711 1.2153178453445 -0.013377530500293 -0.018557831645012 -2.3167741298676 -0.087747901678085
