-0.095221430063248 0.23239323496819 -1.8201110363007 -1.5565214157104 -1.7438056468964 -0.00049785920418799 1.2543922821351e-05
-0.14904728531837 0.22496983408928 -1.8658351898193 -1.5034961700439 -1.8434495925903 -0.0008497650269419 2.7002017304767e-05
-0.20281139016151 0.21207138895988 -1.9075226783752 -1.4490809440613 -1.9433805942535 -0.0012927467469126 1.6197000149987e-05
-0.25580707192421 0.19374653697014 -1.9450876712799 -1.3934810161591 -2.0418634414673 -0.0017254764679819 1.7590131392353e-05
-0.30795469880104 0.16993281245232 -1.9783945083618 -1.3367898464203 -2.1403214931488 -0.0022957737091929 0.00012359433458187
-0.35859146714211 0.1409430205822 -2.0075170993805 -1.2791888713837 -2.2368202209473 -0.0030072147492319 3.3596141292946e-05
-0.407589584589 0.10679575800896 -2.0322365760803 -1.2211406230927 -2.33203125 -0.0039980821311474 -3.3475298550911e-05
-0.45460668206215 0.067879647016525 -2.0524749755859 -1.1630306243896 -2.425199508667 -0.0050852708518505 2.178758768423e-05
-0.49950304627419 0.024611920118332 -2.0682528018951 -1.1054716110229 -2.5161044597626 -0.0067389421164989 -8.5117371781962e-06
-0.54209363460541 -0.022629529237747 -2.0794591903687 -1.0491006374359 -2.6047322750092 -0.0088177137076855 -5.6892968132161e-06
-0.58242452144623 -0.073298245668411 -2.086021900177 -0.99464106559753 -2.6911227703094 -0.01173285767436 9.1506328317337e-05
-0.62055265903473 -0.12711575627327 -2.0877578258514 -0.94303035736084 -2.7756364345551 -0.015677493065596 8.5882311395835e-06
-0.65630495548248 -0.18328073620796 -2.0849196910858 -0.89531993865967 -2.8572854995728 -0.02158073708415 2.695138391573e-05
-0.68988883495331 -0.24167683720589 -2.0772259235382 -0.85249185562134 -2.9367942810059 -0.029544871300459 5.2494440751616e-05
-0.72128665447235 -0.30189874768257 -2.0646989345551 -0.81563663482666 -3.0140311717987 -0.040296833962202 1.8972576071974e-05
-0.75067341327667 -0.36347797513008 -2.0475280284882 -0.78460884094238 -3.0894892215729 -0.05381540581584 9.22762992559e-05
-0.77814400196075 -0.42575243115425 -2.0265300273895 -0.75700092315674 -3.1628291606903 -0.06761460006237 2.8472974008764e-05
-0.76056468486786 -0.43509176373482 -2.0280992984772 -0.75095963478088 -3.1574206352234 -0.07224278151989 -0.0073047024197876
-0.72920453548431 -0.42923167347908 -2.0370211601257 -0.75110411643982 -3.1253533363342 -0.075472638010979 -0.013134491629899
-0.69759881496429 -0.4239938557148 -2.0448935031891 -0.75041747093201 -3.093859910965 -0.077501103281975 -0.019443163648248
-0.66578447818756 -0.4188132584095 -2.0523993968964 -0.74740433692932 -3.0619838237762 -0.076827809214592 -0.025625821202993
-0.63391101360321 -0.41397145390511 -2.0596311092377 -0.74084305763245 -3.0301277637482 -0.072620198130608 -0.031679227948189
-0.60200989246368 -0.40932086110115 -2.0667052268982 -0.73027753829956 -2.998678445816 -0.064437195658684 -0.037996418774128
-0.57008302211761 -0.40498998761177 -2.0737133026123 -0.71625375747681 -2.966671705246 -0.053064152598381 -0.044435888528824
-0.53824484348297 -0.4013994038105 -2.0801005363464 -0.70042252540588 -2.9346745014191 -0.039988562464714 -0.050799146294594
-0.506551861763 -0.39880803227425 -2.0852653980255 -0.68507194519043 -2.9028532505035 -0.027222439646721 -0.057155020534992
-0.47509944438934 -0.39735677838326 -2.0886962413788 -0.6722846031189 -2.8714489936829 -0.016480967402458 -0.063518561422825
-0.4439092874527 -0.39693477749825 -2.0901966094971 -0.663330078125 -2.8401103019714 -0.0085978955030441 -0.069866545498371
-0.41309130191803 -0.39784505963326 -2.0894148349762 -0.65846395492554 -2.8098094463348 -0.0039422959089279 -0.076140210032463
-0.39827811717987 -0.34319069981575 -2.0801413059235 -0.69550395011902 -2.7933807373047 0.021903708577156 -0.088164560496807
-0.39830052852631 -0.24993732571602 -2.0458984375 -0.79656624794006 -2.7934844493866 0.048018649220467 -0.087958805263042
-0.39830982685089 -0.17197254300117 -1.9930686950684 -0.91624140739441 -2.7937078475952 0.058868125081062 -0.087827153503895
-0.39831125736237 -0.10967782139778 -1.9250402450562 -1.0418660640717 -2.7936160564423 0.063554003834724 -0.088293820619583
-0.39831221103668 -0.063272744417191 -1.8435299396515 -1.167937040329 -2.7936275005341 0.065435126423836 -0.088108204305172
-0.39831173419952 -0.031695634126663 -1.7497458457947 -1.2920553684235 -2.7934062480927 0.066465094685555 -0.087747901678085
