7.7665356457146e-07 4.3215642619998e-08 0.91483891010284
5.1460256145219e-07 -3.0216622803891e-07 0.9148388504982
1.5017722887478e-07 -3.3495498996672e-07 0.9148388504982
4.1176264176102e-07 -6.2044784954196e-07 0.91483879089355
3.5589377489487e-07 -4.704257321464e-07 0.91483879089355
7.1074754259826e-07 -5.8227686849932e-07 0.91483861207962
8.8787840013538e-07 -1.1055255981773e-06 0.91483861207962
1.0069549034597e-06 -1.3199520481066e-06 0.91483867168427
1.2433589517968e-06 -7.6413471106207e-07 0.91483873128891
1.2240859632584e-06 -5.1059714678559e-07 0.9148388504982
1.5878904378042e-06 -6.6632543394007e-07 0.91483867168427
1.7299704495599e-06 -9.6010512606881e-07 0.91483855247498
1.7291586118517e-06 -1.4343094107971e-06 0.91483891010284
1.5077444004419e-06 -1.6199630863412e-06 0.91483908891678
1.4583800975743e-06 -1.5350583453255e-06 0.91483926773071
1.1062900284742e-06 -1.4136783192953e-06 0.91483944654465
1.2328360980973e-06 -1.5165297782005e-06 0.91483950614929
1.2024627267238e-06 -1.5000634903117e-06 0.91483944654465
1.2179127679701e-06 -9.6072380983969e-07 0.91483956575394
9.9402882369759e-07 -1.2054211993018e-06 0.91483956575394
9.9048600077367e-07 -8.5258199078453e-07 0.91483950614929
8.9154514171241e-07 -5.5975806390052e-07 0.91483962535858
1.0069375093735e-06 -1.0960420695483e-06 0.91483980417252
1.0908100875895e-06 -8.0965111237674e-07 0.91484004259109
1.0416842997074e-06 -5.5473321936006e-07 0.91483992338181
1.1769308230214e-06 -5.9023142284786e-07 0.91483998298645
5.6730209507805e-07 -1.4515886732624e-06 0.91483992338181
6.6625079853111e-07 -1.5257763834597e-06 0.91484004259109
3.5771142847807e-07 -1.7790338233681e-06 0.91484004259109
0.00042104671592824 -0.00024872107314877 0.93409931659698
0.0010064706439152 -0.00070734421024099 0.98211055994034
0.0012671039439738 -0.0005177118582651 1.0294778347015
0.0011549786431715 -0.0002266988158226 1.0770833492279
0.0012385706650093 -0.00044599187094718 1.1243091821671
0.0013587616849691 -0.00082797341747209 1.1713967323303
