-0.019201112911105 0.049221277236938 1.2973213195801 0.0010489902924746 0.00012546681682579 -3.0590434074402 -2.6574705771054e-05
-0.024130847305059 0.04521107673645 1.2888240814209 0.0010678687831387 6.6519176471047e-05 -3.0109310150146 2.3702228645561e-05
-0.029111184179783 0.041213527321815 1.2803466320038 0.0010308144846931 0.00014040828682482 -2.962653875351 3.6349258152768e-05
-0.034048423171043 0.037174627184868 1.2718374729156 0.00095524406060576 0.00029532049666159 -2.9145088195801 1.7105312508647e-05
-0.039017826318741 0.033176511526108 1.2633407115936 0.00099446484819055 0.00035490744630806 -2.8663294315338 8.8683002104517e-05
-0.043958447873592 0.029182150959969 1.2548794746399 0.00084831268759444 0.00034671364119276 -2.8177044391632 -2.9798668037984e-05
-0.048933289945126 0.025152191519737 1.2463834285736 0.00096821557963267 0.00026192422956228 -2.7702388763428 1.1103206816188e-05
-0.053866013884544 0.021138906478882 1.2379021644592 0.00085856567602605 0.00045668866368942 -2.7223055362701 7.1089656557888e-05
-0.058795243501663 0.017132595181465 1.229407787323 0.00086246005957946 0.00032088064472191 -2.6737003326416 -7.8213539381977e-05
-0.063775330781937 0.01313167065382 1.2209198474884 0.00062605238053948 0.00049449579091743 -2.6257953643799 1.4651865967608e-05
-0.068721935153008 0.0090979263186455 1.2124423980713 0.00066822714870796 0.00051995320245624 -2.5780420303345 0.00011480672401376
-0.073659002780914 0.0050826668739319 1.2039642333984 0.00065505201928318 0.00051332818111405 -2.529522895813 -1.4252742403187e-05
-0.078637957572937 0.0010794922709465 1.1954787969589 0.00052486517233774 0.00056658964604139 -2.4810786247253 5.9534610045375e-05
-0.083573803305626 -0.0029517412185669 1.1869689226151 0.00047807034570724 0.00039080763235688 -2.4331405162811 1.1569187336136e-05
-0.088532835245132 -0.0069735273718834 1.1784561872482 0.00032073757029139 0.00038519882946275 -2.3854897022247 2.1612208001898e-05
-0.093472987413406 -0.010962665081024 1.1700158119202 0.00029851580620743 0.00028875865973532 -2.3371844291687 0.00011090068437625
-0.098432749509811 -0.014971204102039 1.1615145206451 0.00022289676417131 0.00025263513089158 -2.289249420166 1.3842869520886e-05
-0.10340425372124 -0.019000854343176 1.1529996395111 5.0284346798435e-05 0.00010328944335924 -2.2410080432892 -7.8555547133874e-07
-0.10834056138992 -0.023000299930573 1.1445511579514 2.437340299366e-06 -9.5681207312737e-05 -2.1930227279663 3.4479919122532e-05
-0.11328411102295 -0.027022060006857 1.1359910964966 -0.0001802781916922 -0.00026353576686233 -2.1449093818665 -1.720633918012e-05
-0.11823248118162 -0.03102270513773 1.1275653839111 -0.000210114827496 -0.00033597776200622 -2.0971155166626 1.7708482118906e-05
-0.12319979816675 -0.035048797726631 1.118994474411 -6.3181389123201e-05 -0.00017175221000798 -2.0492672920227 5.948720354354e-05
-0.12814593315125 -0.039052926003933 1.1105887889862 7.7654614869971e-05 0.00036611524410546 -2.0006904602051 -1.2362038432912e-06
-0.13309136033058 -0.043066546320915 1.1020836830139 0.00044901904766448 0.0011334980372339 -1.9529093503952 7.4583258538041e-05
-0.13804279267788 -0.047087345272303 1.0935717821121 0.00102045154199 0.0024371449835598 -1.904558300972 4.8740490456112e-05
-0.14300560951233 -0.051115587353706 1.0850702524185 0.0014685917412862 0.0038802977651358 -1.8567947149277 -4.6772012865404e-05
-0.1479454934597 -0.055132035166025 1.0766172409058 0.0014353670412675 0.0048618470318615 -1.8091341257095 5.8957652072422e-05
-0.15291708707809 -0.059122763574123 1.0680532455444 0.0017739542527124 0.0052278176881373 -1.7608162164688 -1.6684727597749e-05
-0.15785171091557 -0.063144356012344 1.0595704317093 0.0014796247705817 0.0048134680837393 -1.7132148742676 4.6227987695602e-06
-0.1628106534481 -0.067145325243473 1.0511479377747 0.00093227787874639 0.0042982813902199 -1.6649643182755 1.4542629287462e-05
-0.16776390373707 -0.07112093269825 1.0426512956619 0.00085403502453119 0.0037405323237181 -1.616407752037 1.9527669792296e-05
-0.17269985377789 -0.075186789035797 1.0341546535492 0.00042898449464701 0.0033600742463022 -1.5692299604416 -1.2434468771971e-05
-0.17767019569874 -0.079199552536011 1.0255936384201 0.00047007334069349 0.0030015611555427 -1.5210525989532 1.5821583474462e-06
-0.18262112140656 -0.083178974688053 1.0171684026718 0.00029200105927885 0.002932226518169 -1.4727513790131 3.6309505958343e-05
-0.18757547438145 -0.087203048169613 1.0086057186127 0.00013190078607295 0.002695303875953 -1.4243854284286 -5.2286548452685e-05
-0.19251137971878 -0.091243386268616 1.0002160072327 -5.6056556786643e-05 0.0029876150656492 -1.3772807121277 4.9857521844388e-06
-0.19746732711792 -0.095255583524704 0.99156051874161 -0.00016864082135726 0.0027816079091281 -1.3289068937302 5.9714402596001e-05
-0.2024242579937 -0.099231660366058 0.98317050933838 -0.00028992159059271 0.0030242432840168 -1.2811894416809 0.00010754978575278
-0.20735508203506 -0.1032836958766 0.97460961341858 -0.00026254128897563 0.0028697319794446 -1.2336214780807 -2.4215500161517e-05
-0.21233168244362 -0.10726721584797 0.96621298789978 -0.00060230860253796 0.0031281197443604 -1.1848425865173 1.3947267689218e-05
-0.21728232502937 -0.11127354949713 0.95768237113953 -0.00084416003664955 0.0032063731923699 -1.1369746923447 2.9388365874183e-05
-0.22061496973038 -0.11435915529728 0.9499346613884 0.00077406811760738 0.0010002730414271 -1.0932538509369 5.9550347941695e-05
-0.21116107702255 -0.10948811471462 0.94972938299179 0.0020659358706325 -0.004267452750355 -1.0909115076065 1.2256666195753e-05
-0.20156770944595 -0.10450316220522 0.94976383447647 0.0015671888832003 -0.0038421817589551 -1.0913190841675 2.8620808734559e-05
-0.19194713234901 -0.099519938230515 0.94978499412537 0.0014230156084523 -0.0033563198521733 -1.0916265249252 7.1813010436017e-06
-0.18235567212105 -0.094557583332062 0.94981682300568 0.0013874408323318 -0.0030020566191524 -1.0916420221329 7.8524408309022e-06
-0.17276388406754 -0.089559532701969 0.94985967874527 0.0011412262683734 -0.0027514337562025 -1.0914965867996 4.1252122173319e-05
-0.16317957639694 -0.084576390683651 0.94980883598328 0.00097847252618521 -0.0025902586057782 -1.0915129184723 8.2010235928465e-05
-0.15358379483223 -0.079611420631409 0.9498370885849 0.0010831378167495 -0.0024138297885656 -1.0910766124725 9.8310601970297e-07
-0.14396560192108 -0.074628211557865 0.94983971118927 0.00094860629178584 -0.0023587143514305 -1.091760635376 8.9518580352888e-05
-0.13437367975712 -0.069654539227486 0.94982957839966 0.00087232497753575 -0.0022170525044203 -1.0916118621826 3.9962401388038e-06
-0.12476655095816 -0.064686954021454 0.94984096288681 0.0009863399900496 -0.0021203740034252 -1.0919147729874 -3.9787435525795e-05
-0.11515982449055 -0.059704557061195 0.94982397556305 0.0009564101928845 -0.0021012029610574 -1.0922958850861 6.3092396885622e-05
-0.10557815432549 -0.054719280451536 0.94982463121414 0.00079030072083697 -0.0020400048233569 -1.0914446115494 8.8257758761756e-05
-0.095965035259724 -0.049747530370951 0.94984138011932 0.00076605268986896 -0.0019674936775118 -1.0921784639359 2.4964107069536e-05
-0.086385175585747 -0.044763427227736 0.94980835914612 0.00091368856374174 -0.0019732268992811 -1.0919184684753 3.6431556509342e-05
-0.07680893689394 -0.039811797440052 0.94992595911026 0.00071649439632893 -0.0017663735197857 -1.0920666456223 -1.666767639108e-05
-0.067179128527641 -0.0348284766078 0.94992697238922 0.00065757398260757 -0.0016354580875486 -1.0923053026199 1.0116734301846e-05
-0.057623654603958 -0.029837930575013 0.94993138313293 0.00053715007379651 -0.0016798194264993 -1.0916001796722 5.395445987233e-05
-0.048007883131504 -0.024873610585928 0.9499494433403 0.00052532326662913 -0.0017531770281494 -1.0917910337448 5.8753641496878e-05
-0.038407012820244 -0.019913511350751 0.94997882843018 0.00039102914161049 -0.0017634748946875 -1.0917835235596 -1.3198060514696e-05
-0.028820171952248 -0.01492734067142 0.94998562335968 0.00053934147581458 -0.0017292790580541 -1.0920305252075 -3.6035287394043e-06
-0.019203327596188 -0.0099645499140024 0.94997203350067 0.000446649704827 -0.0015514612896368 -1.0921587944031 6.2405248172581e-05
-0.009618952870369 -0.0049660559743643 0.94996017217636 0.00046703612315468 -0.0015027708141133 -1.0920107364655 5.4424079280579e-05
-7.7113509178162e-06 1.9995495676994e-05 0.9499437212944 0.00072827580152079 -0.0014904526760802 -1.0915372371674 -9.3907337941346e-06
0.0096107795834541 0.0049701277166605 0.94996601343155 0.00054463447304443 -0.0016810498200357 -1.09193110466 -3.6017133879795e-06
0.019215114414692 0.0099693965166807 0.94996690750122 0.00066037749638781 -0.0015562798362225 -1.0918855667114 3.0721304938197e-05
0.028815716505051 0.014952568337321 0.94994115829468 0.00063134339870885 -0.0015176432207227 -1.0919021368027 -2.2052356598579e-06
0.038414396345615 0.01993160136044 0.94993984699249 0.00077303929720074 -0.001724787405692 -1.0918264389038 -2.1704625396524e-05
0.047988146543503 0.024884471669793 0.94992816448212 0.00066783896181732 -0.0016156109049916 -1.0918197631836 0.00013746409968007
0.057605154812336 0.029872957617044 0.94996178150177 0.0006906904745847 -0.001810904010199 -1.0916404724121 7.7753447840223e-06
0.067221119999886 0.03484783321619 0.94994986057281 0.00055903207976371 -0.0018324475968257 -1.0924608707428 2.4818148176564e-06
0.076802894473076 0.039837721735239 0.94996631145477 0.00068787019699812 -0.0016735029639676 -1.0919306278229 4.7745859774295e-05
0.086410671472549 0.04480093345046 0.94994527101517 0.00071559078060091 -0.0016580779338256 -1.0921205282211 5.5139607866295e-05
0.096001707017422 0.049781076610088 0.9499523639679 0.00065049430122599 -0.0015292825410143 -1.0918411016464 5.1875849749194e-05
0.10559142380953 0.05476226657629 0.9499477148056 0.00089233292965218 -0.0017755308654159 -1.0923894643784 8.3187602285761e-05
0.11519322544336 0.059732958674431 0.94995951652527 0.00077419151784852 -0.0016102170338854 -1.0917006731033 7.1330076025333e-05
0.12479709088802 0.064725838601589 0.94995748996735 0.00073643442010507 -0.0016947750700638 -1.0918868780136 5.8160901517113e-07
0.13439387083054 0.069698624312878 0.9499716758728 0.0007644216530025 -0.0017309813993052 -1.0918937921524 1.3591232345789e-05
0.14398813247681 0.074669100344181 0.94996100664139 0.00075218640267849 -0.0017663962207735 -1.0916740894318 -1.2520447853603e-05
0.15359732508659 0.079643070697784 0.94995534420013 0.00075997749809176 -0.0016477344324812 -1.0919996500015 6.9510460889433e-06
0.16319879889488 0.084625601768494 0.94996666908264 0.00087919691577554 -0.0018236391479149 -1.0919100046158 7.8285820563906e-06
0.17279034852982 0.08958974480629 0.94997650384903 0.00093763117911294 -0.0018586782971397 -1.0919009447098 3.1259649404092e-05
0.18238358199596 0.094561845064163 0.94999182224274 0.00075618881965056 -0.0019612449686974 -1.09186398983 -2.7132375635119e-06
0.1919756680727 0.099535226821899 0.94998240470886 0.00079995469423011 -0.0017485249554738 -1.0920256376266 1.1125673154311e-05
0.2015780210495 0.10449609160423 0.94999903440475 0.00084310618694872 -0.002012220909819 -1.0917648077011 8.968282782007e-05
0.21117687225342 0.10947952419519 0.94998741149902 0.00090596301015466 -0.0019294909434393 -1.0923007726669 1.5913187780825e-06
