-0.063844352960587 0.19653841853142 -1.7389063835144 -1.6001906394958 -1.7171170711517 -0.00017813987506088 -2.6574705771054e-05
-0.097403913736343 0.17485663294792 -1.7432465553284 -1.5741949081421 -1.7989475727081 -0.00019697495736182 2.3702228645561e-05
-0.129180341959 0.15167042613029 -1.7457802295685 -1.5484170913696 -1.8787114620209 -0.00030688592232764 3.6349258152768e-05
-0.15914860367775 0.12697979807854 -1.746485710144 -1.5230479240417 -1.9567255973816 -0.00032429047860205 1.7105312508647e-05
-0.18740645051003 0.10091778635979 -1.7453575134277 -1.4982240200043 -2.0332748889923 -0.00046400376595557 8.8683002104517e-05
-0.21388712525368 0.073704689741135 -1.7423987388611 -1.4739110469818 -2.1081764698029 -0.00058798142708838 -2.9798668037984e-05
-0.2385222017765 0.0453881919384 -1.7377359867096 -1.4502964019775 -2.1808292865753 -0.00058178254403174 1.1103206816188e-05
-0.26135030388832 0.016185730695724 -1.7313392162323 -1.4274733066559 -2.2515287399292 -0.00079683610238135 7.1089656557888e-05
-0.28267374634743 -0.014004021883011 -1.7230949401855 -1.4055724143982 -2.3213074207306 -0.00070957490243018 -7.8213539381977e-05
-0.30241695046425 -0.044955760240555 -1.7131385803223 -1.3845846652985 -2.3893008232117 -0.00083379098214209 1.4651865967608e-05
-0.3205079138279 -0.0764379799366 -1.7015829086304 -1.3646810054779 -2.455216884613 -0.00084070512093604 0.00011480672401376
-0.33719459176064 -0.10862281918526 -1.6882975101471 -1.3458988666534 -2.520117521286 -0.0010974819306284 -1.4252742403187e-05
-0.35253420472145 -0.1412082016468 -1.6734457015991 -1.328076839447 -2.5835754871368 -0.0010192806366831 5.9534610045375e-05
-0.36650934815407 -0.17425134778023 -1.6570355892181 -1.3114590644836 -2.6455976963043 -0.0010300094727427 1.1569187336136e-05
-0.3792373239994 -0.20751908421516 -1.6391658782959 -1.2959578037262 -2.7062356472015 -0.00095824548043311 2.1612208001898e-05
-0.39084497094154 -0.24103835225105 -1.6196863651276 -1.2816982269287 -2.7661256790161 -0.00082210847176611 0.00011090068437625
-0.40130153298378 -0.27481177449226 -1.5988864898682 -1.2684831619263 -2.8246579170227 -0.00053290673531592 1.3842869520886e-05
-0.41075149178505 -0.30879071354866 -1.5766742229462 -1.2561900615692 -2.8824286460876 -2.8651440516114e-05 -7.8555547133874e-07
-0.41917195916176 -0.34249570965767 -1.5533502101898 -1.2447874546051 -2.9386529922485 0.00098963431082666 3.4479919122532e-05
-0.42666545510292 -0.37643936276436 -1.5289015769958 -1.2339279651642 -2.9939832687378 0.0023357456084341 -1.720633918012e-05
-0.43332186341286 -0.41001632809639 -1.5033295154572 -1.2235949039459 -3.0484743118286 0.004665095359087 1.7708482118906e-05
-0.43919077515602 -0.44374111294746 -1.4766683578491 -1.2132515907288 -3.1027653217316 0.0079857893288136 5.948720354354e-05
-0.44426026940346 -0.47693517804146 -1.4491188526154 -1.2032449245453 -3.1558179855347 0.012262541800737 -1.2362038432912e-06
-0.4486383497715 -0.51011252403259 -1.4205651283264 -1.1938745975494 -3.2082290649414 0.017036635428667 7.4583258538041e-05
-0.45233646035194 -0.54336714744568 -1.3907110691071 -1.1862859725952 -3.2598729133606 0.021158892661333 4.8740490456112e-05
-0.45540753006935 -0.57704472541809 -1.3590517044067 -1.181939125061 -3.3110089302063 0.023531157523394 -4.6772012865404e-05
-0.45791211724281 -0.61116909980774 -1.3254163265228 -1.181813955307 -3.3615479469299 0.023028571158648 5.8957652072422e-05
-0.45989242196083 -0.64620304107666 -1.289799451828 -1.1855430603027 -3.4113059043884 0.020049769431353 -1.6684727597749e-05
-0.46131864190102 -0.68153715133667 -1.2524304389954 -1.1918668746948 -3.4608504772186 0.01577015593648 4.6227987695602e-06
-0.46230259537697 -0.71678781509399 -1.21408867836 -1.1988427639008 -3.5097267627716 0.01172037795186 1.4542629287462e-05
-0.46284881234169 -0.75203704833984 -1.1748330593109 -1.205837726593 -3.558144569397 0.0088016577064991 1.9527669792296e-05
-0.46295753121376 -0.78709602355957 -1.1347005367279 -1.2125527858734 -3.6062841415405 0.0069791860878468 -1.2434468771971e-05
-0.4626924097538 -0.82248997688293 -1.0933468341827 -1.2198004722595 -3.6541285514832 0.0058724470436573 1.5821583474462e-06
-0.46207919716835 -0.85768365859985 -1.0508530139923 -1.2278203964233 -3.7015616893768 0.0050293989479542 3.6309505958343e-05
-0.46112528443336 -0.89333581924438 -1.0069861412048 -1.2366862297058 -3.748539686203 0.0045191831886768 -5.2286548452685e-05
-0.45988765358925 -0.92884826660156 -0.96170020103455 -1.2464394569397 -3.7952928543091 0.0041086263954639 4.9857521844388e-06
-0.45836797356606 -0.96555256843567 -0.91448378562927 -1.2575068473816 -3.841756105423 0.0037438459694386 5.9714402596001e-05
-0.45661130547523 -1.0021817684174 -0.86556077003479 -1.2697780132294 -3.8879787921906 0.0036561079323292 0.00010754978575278
-0.45459261536598 -1.0398561954498 -0.81435966491699 -1.2835555076599 -3.9337034225464 0.0033137388527393 -2.4215500161517e-05
-0.4523586332798 -1.0780718326569 -0.76067018508911 -1.2987222671509 -3.9795875549316 0.0033924169838428 1.3947267689218e-05
-0.44993582367897 -1.1177487373352 -0.70383501052856 -1.3158097267151 -4.025176525116 0.0033170767128468 2.9388365874183e-05
-0.4465095102787 -1.1523826122284 -0.65517640113831 -1.3332436084747 -4.0655078887939 0.0017144270241261 5.9550347941695e-05
-0.43776431679726 -1.1224489212036 -0.71805906295776 -1.3070864677429 -4.0591597557068 -0.003783505409956 1.2256666195753e-05
-0.42902603745461 -1.0906434059143 -0.78176689147949 -1.2745499610901 -4.0502419471741 -0.0035567693412304 2.8620808734559e-05
-0.42006483674049 -1.0611379146576 -0.84067058563232 -1.2446360588074 -4.0411067008972 -0.0032511167228222 7.1813010436017e-06
-0.4109243452549 -1.0333456993103 -0.89576363563538 -1.2168395519257 -4.0315661430359 -0.0029747895896435 7.8524408309022e-06
-0.40149202942848 -1.0074691772461 -0.94730663299561 -1.1908891201019 -4.0222744941711 -0.0028529576957226 4.1252122173319e-05
-0.39188614487648 -0.98275876045227 -0.99635553359985 -1.1663424968719 -4.0124287605286 -0.0026977472007275 8.2010235928465e-05
-0.38194289803505 -0.95918035507202 -1.0428636074066 -1.1430921554565 -4.0027956962585 -0.0025692395865917 9.8310601970297e-07
-0.37183514237404 -0.93649339675903 -1.0875446796417 -1.120968580246 -3.9922580718994 -0.0024063996970654 8.9518580352888e-05
-0.36145463585854 -0.91485023498535 -1.1303224563599 -1.0998513698578 -3.9819159507751 -0.0024085454642773 3.9962401388038e-06
-0.3507687151432 -0.89387106895447 -1.1714520454407 -1.0796058177948 -3.9711902141571 -0.0023129396140575 -3.9787435525795e-05
-0.33983555436134 -0.87357020378113 -1.2111687660217 -1.0600471496582 -3.9602003097534 -0.0022983960807323 6.3092396885622e-05
-0.3285736143589 -0.85398578643799 -1.2493677139282 -1.0413837432861 -3.9493634700775 -0.0023219995200634 8.8257758761756e-05
-0.31709161400795 -0.83484578132629 -1.2865791320801 -1.0233135223389 -3.9376242160797 -0.0023901872336864 2.4964107069536e-05
-0.30529275536537 -0.81634593009949 -1.3225529193878 -1.0057871341705 -3.9258472919464 -0.0022535733878613 3.6431556509342e-05
-0.29317989945412 -0.79801154136658 -1.3576073646545 -0.98881864547729 -3.9135549068451 -0.0022526197135448 -1.666767639108e-05
-0.28075185418129 -0.78030061721802 -1.3917286396027 -0.97236013412476 -3.9008305072784 -0.0022461824119091 1.0116734301846e-05
-0.26793685555458 -0.76313519477844 -1.424656867981 -0.95650887489319 -3.8884174823761 -0.0022311620414257 5.395445987233e-05
-0.25480571389198 -0.74632716178894 -1.4568245410919 -0.94119071960449 -3.8753573894501 -0.0022824220359325 5.8753641496878e-05
-0.24136939644814 -0.72979807853699 -1.4882204532623 -0.92623138427734 -3.8616693019867 -0.0023167543113232 -1.3198060514696e-05
-0.22755280137062 -0.71372699737549 -1.5188462734222 -0.91155600547791 -3.8481092453003 -0.0021601133048534 -3.6035287394043e-06
-0.21335926651955 -0.69802522659302 -1.5486466884613 -0.89754104614258 -3.8338389396667 -0.0022728852927685 6.2405248172581e-05
-0.19875708222389 -0.68262362480164 -1.5777342319489 -0.88378930091858 -3.8195264339447 -0.002238791435957 5.4424079280579e-05
-0.18377295136452 -0.66758751869202 -1.6061065196991 -0.8707582950592 -3.8044009208679 -0.0023997239768505 -9.3907337941346e-06
-0.16838493943214 -0.65282130241394 -1.6338088512421 -0.85786771774292 -3.7889020442963 -0.0025194101035595 -3.6017133879795e-06
-0.15263357758522 -0.63831686973572 -1.6608734130859 -0.84541845321655 -3.7732090950012 -0.0026584081351757 3.0721304938197e-05
-0.13640084862709 -0.62417578697205 -1.6872756481171 -0.83332562446594 -3.7568252086639 -0.0027683191001415 -2.2052356598579e-06
-0.11976113915443 -0.61023235321045 -1.7131547927856 -0.82153224945068 -3.7399706840515 -0.0028739385306835 -2.1704625396524e-05
-0.10264220833778 -0.59670424461365 -1.7381734848022 -0.81004214286804 -3.7233519554138 -0.002931397408247 0.00013746409968007
-0.085060030221939 -0.58337450027466 -1.7626123428345 -0.79933595657349 -3.70574426651 -0.0034041814506054 7.7753447840223e-06
-0.067094951868057 -0.57020831108093 -1.7868251800537 -0.78830480575562 -3.6872248649597 -0.0033886842429638 2.4818148176564e-06
-0.048587948083878 -0.55740690231323 -1.8101005554199 -0.77791357040405 -3.6690008640289 -0.0034692697227001 4.7745859774295e-05
-0.029601007699966 -0.54485416412354 -1.8329310417175 -0.76762843132019 -3.6499500274658 -0.0034294538199902 5.5139607866295e-05
-0.010138660669327 -0.53254675865173 -1.8551306724548 -0.75782680511475 -3.6304566860199 -0.0035827569663525 5.1875849749194e-05
0.0098596513271332 -0.52076745033264 -1.8764843940735 -0.74913501739502 -3.6106173992157 -0.0043735913932323 8.3187602285761e-05
0.030387490987778 -0.50894117355347 -1.8975467681885 -0.73966336250305 -3.5901291370392 -0.0043151788413525 7.1330076025333e-05
0.051378339529037 -0.49753379821777 -1.917959690094 -0.73090529441833 -3.5691294670105 -0.0045514516532421 5.8160901517113e-07
0.072903245687485 -0.48637890815735 -1.937730550766 -0.72259545326233 -3.54758644104 -0.0048597268760204 1.3591232345789e-05
0.094956487417221 -0.47556376457214 -1.9568202495575 -0.71467256546021 -3.5255854129791 -0.0051992349326611 -1.2520447853603e-05
0.1175180375576 -0.46497535705566 -1.9754021167755 -0.70702171325684 -3.5028741359711 -0.0056157521903515 6.9510460889433e-06
0.14063128829002 -0.45483350753784 -1.9932200908661 -0.69990110397339 -3.4798996448517 -0.0061283521354198 7.8285820563906e-06
0.16421899199486 -0.44494962692261 -2.0104405879974 -0.69315361976624 -3.4562876224518 -0.0066342763602734 3.1259649404092e-05
0.1884089410305 -0.43538928031921 -2.027010679245 -0.68668794631958 -3.4322884082794 -0.0073523931205273 -2.7132375635119e-06
0.2130089700222 -0.42615628242493 -2.0429320335388 -0.68065142631531 -3.4076607227325 -0.0079605989158154 1.1125673154311e-05
0.23819026350975 -0.41731071472168 -2.0581159591675 -0.67523860931396 -3.3824574947357 -0.0089033059775829 8.968282782007e-05
0.26373586058617 -0.40880727767944 -2.0726382732391 -0.67038488388062 -3.3566384315491 -0.010056298226118 1.5913187780825e-06
