-1.6913149636366e-07 1.7762576476343e-07 0.91483891010284
-2.2596049120693e-07 -1.344028675021e-07 0.91483867168427
-3.900433682702e-07 -2.806238796893e-07 0.91483879089355
-2.7029537363887e-07 -1.7241288219338e-07 0.91483896970749
-5.0269028406547e-07 2.8526815754049e-07 0.91483891010284
-5.6784153912304e-07 4.3556852347137e-07 0.91483914852142
-5.7575641676522e-07 5.5959128530958e-07 0.91483944654465
-1.1009615441537e-08 6.3502392322334e-07 0.91483956575394
-5.9901594795519e-08 5.5995423053901e-07 0.91483956575394
-8.7481033972381e-08 5.1055320682281e-07 0.91483968496323
1.0383559612137e-07 -8.276185781142e-08 0.91483956575394
-1.8175941818299e-07 -4.2384110088278e-07 0.91483944654465
-1.96557614629e-08 -3.0771815318076e-07 0.91483938694
1.3795197162381e-07 -4.7833492544669e-07 0.91483950614929
-2.1504048675069e-07 -4.6833014266667e-07 0.91483962535858
1.5206575554316e-08 -9.1770050403284e-07 0.91483968496323
-2.9633017106789e-07 -8.8981420276468e-07 0.91483986377716
-2.5437864792366e-07 -1.1471046263978e-06 0.91483968496323
-1.6458855611745e-07 -1.1734648523998e-06 0.91483980417252
-1.3025034206748e-07 -9.5955624601629e-07 0.91483980417252
-1.4490775868126e-07 -9.5247457920777e-07 0.91483986377716
-4.0916867760643e-07 -9.6818962447287e-07 0.91483992338181
-5.4355615475288e-07 -7.4587450171748e-07 0.91483986377716
-7.4969642582801e-07 -6.1473173218474e-07 0.91483992338181
-1.1613032029345e-06 -2.070518689834e-07 0.91484016180038
-1.0930209555227e-06 -2.3819147543236e-07 0.91483986377716
-8.024997555367e-07 7.1651425059827e-07 0.91483986377716
-3.9483370528615e-07 6.2514197907149e-07 0.91484010219574
-4.3914769776165e-07 5.1596981620605e-07 0.91484022140503
-2.9895797837298e-08 7.8826712979208e-07 0.91484040021896
-2.512971093438e-07 1.2052839792887e-06 0.91484051942825
5.6430664585605e-08 8.0484403497394e-07 0.91484063863754
3.9869419765637e-07 1.0626293942551e-06 0.91484087705612
2.6417305321047e-07 6.847316171843e-07 0.91484087705612
8.2844792359538e-08 7.7726963354507e-07 0.91484081745148
8.9904892774939e-07 1.0181687457589e-06 0.91484069824219
9.9695523658738e-07 1.4816992006672e-06 0.91484075784683
9.1229952658978e-07 1.6945945162661e-06 0.91484075784683
7.7662724606853e-07 1.6366252566513e-06 0.91484081745148
1.1453679462647e-06 1.7328154626739e-06 0.91484075784683
1.049359298122e-06 1.7225390820386e-06 0.91484075784683
8.8622965677132e-07 1.6491118230988e-06 0.91484075784683
8.0732871765576e-07 1.6940124396569e-06 0.91484075784683
5.0861990530393e-07 1.86198656138e-06 0.91484099626541
9.0300267174825e-07 1.7756829038262e-06 0.91484105587006
1.0564795047685e-06 1.9259919099568e-06 0.91484117507935
1.2516467222667e-06 1.9333522232046e-06 0.91484117507935
6.5286076278426e-07 1.9196168068447e-06 0.91484129428864
6.2212831153374e-07 2.1132398160262e-06 0.91484147310257
8.3740729905912e-07 2.4537068838981e-06 0.91484153270721
5.3574348157781e-07 2.6777433959069e-06 0.91484159231186
4.5554466510112e-07 2.879579369619e-06 0.9148416519165
4.9623514541963e-07 3.2697892038414e-06 0.91484183073044
3.5956981037089e-07 3.449339828876e-06 0.91484206914902
7.1943037482924e-07 3.4649140161491e-06 0.91484206914902
5.7700839306563e-07 3.26533313455e-06 0.91484218835831
0.0027679726481438 0.00061871076468378 0.91487497091293
0.013614053837955 0.0031562324147671 0.91492772102356
0.024386530742049 0.0058618597686291 0.91501766443253
0.035153310745955 0.0086244875565171 0.91517698764801
0.045993331819773 0.011233935132623 0.91532278060913
0.055731177330017 0.016017008572817 0.91535168886185
0.065345726907253 0.020888455212116 0.91537797451019
0.074907504022121 0.025956701487303 0.91541177034378
0.084548309445381 0.030880007892847 0.91553038358688
0.094245716929436 0.03579419106245 0.91555321216583
0.10372216254473 0.040954388678074 0.91561394929886
0.11338937282562 0.045844119042158 0.91556614637375
0.123036198318 0.050667013972998 0.91559702157974
0.13249292969704 0.055953208357096 0.91560286283493
0.14218558371067 0.060836605727673 0.91574847698212
0.15181125700474 0.065751731395721 0.91573220491409
0.16132561862469 0.070842623710632 0.91572046279907
0.17091017961502 0.07583175599575 0.91564416885376
0.18048794567585 0.080858618021011 0.91558635234833
0.19015891849995 0.085686773061752 0.9156197309494
0.19970862567425 0.090759418904781 0.91559380292892
0.20943941175938 0.095657967031002 0.91553068161011
0.21884965896606 0.10085790604353 0.91551113128662
0.22845733165741 0.10581398010254 0.91550004482269
0.23808977007866 0.11073261499405 0.91546761989594
0.24757900834084 0.11585906893015 0.91544616222382
0.25721696019173 0.120765671134 0.91544914245605
0.2668816447258 0.12565039098263 0.91534209251404
0.27635291218758 0.13065192103386 0.9153778553009
0.28616482019424 0.13536937534809 0.91542190313339
0.29580909013748 0.14026275277138 0.91547298431396
