-0.0085256099700928 0.047635823488235 1.3022086620331 0.00081557157682255 -8.5514882812276e-05 3.0580415725708 8.4810912085231e-05
-0.007696870714426 0.042759239673615 1.2963701486588 0.00079147558426484 -9.0805187937804e-05 3.0105845928192 2.1538701275858e-06
-0.0068813003599644 0.037888646125793 1.2905428409576 0.00079171557445079 -0.00010896522144321 2.9626533985138 -2.5539289794096e-08
-0.0060852915048599 0.033006370067596 1.2846904993057 0.00080882583279163 -0.00020371333812363 2.9141774177551 3.2459876820212e-05
-0.0052799805998802 0.028152361512184 1.2788760662079 0.00072297808947042 -0.0002554738894105 2.8662557601929 0.00010120024671778
-0.0044800639152527 0.023243188858032 1.2730125188828 0.00095937005244195 -0.00024663531803526 2.8178844451904 3.1156690965872e-05
-0.0036644376814365 0.018396526575089 1.2671933174133 0.00069356901803985 -0.0002920487022493 2.7700164318085 4.2961117287632e-05
-0.002869687974453 0.013483732938766 1.2613377571106 0.00074459635652602 -0.00035244936589152 2.7218780517578 2.1578229279839e-05
-0.0020658858120441 0.0086019933223724 1.2554957866669 0.0007048468105495 -0.00042299367487431 2.6733953952789 -5.9593558034976e-06
-0.0012641102075577 0.0037367641925812 1.2496528625488 0.00066761823836714 -0.00052296771900728 2.6254861354828 2.6365771645942e-06
-0.00047193467617035 -0.00113545358181 1.2438313961029 0.00080588518176228 -0.00038028426934034 2.57750415802 1.7950593246496e-05
0.00033159554004669 -0.0060187056660652 1.2380061149597 0.00069815968163311 -0.0003924116899725 2.5291085243225 -4.1768657865759e-06
0.0011524707078934 -0.010897174477577 1.2321375608444 0.00076141330646351 -0.00048306767712347 2.4812159538269 1.1159833775309e-05
0.0019704699516296 -0.01577165722847 1.2263162136078 0.00051432359032333 -0.00051524594891816 2.4333856105804 3.8893689634278e-05
0.0027487874031067 -0.020654603838921 1.2204749584198 0.00061951810494065 -0.00051790312863886 2.3850309848785 2.7042440706282e-05
0.0035829693078995 -0.025539107620716 1.214617729187 0.00066871283343062 -0.00048758706543595 2.3372054100037 5.8673620515037e-05
0.004375159740448 -0.030404265969992 1.2088114023209 0.00057241250760853 -0.00035139519604854 2.288685798645 -1.9374010662432e-06
0.0051725655794144 -0.03528019413352 1.2029806375504 0.00049692019820213 -0.00041879387572408 2.2409424781799 4.6564080548706e-05
0.0059805288910866 -0.040156722068787 1.1971485614777 0.00030722070368938 -0.00046057690633461 2.1932001113892 7.5573327194434e-05
0.0067729651927948 -0.045033488422632 1.1912841796875 0.00029377319151536 -0.00035277966526337 2.1443381309509 4.7760797315277e-05
0.0075888782739639 -0.04992825165391 1.1854438781738 0.00031106834649108 -0.00019020300533157 2.0969715118408 -4.823874860449e-06
0.0084102973341942 -0.054844878613949 1.1795575618744 0.00024220415798482 -2.4446424504276e-05 2.0488111972809 3.8374833820853e-05
0.0092122554779053 -0.05968639627099 1.173751115799 6.4234802266583e-05 2.9041808375041e-05 2.0008463859558 3.7106630770722e-05
0.0099896714091301 -0.064575731754303 1.1678905487061 0.00022962300863583 0.00023520414833911 1.9521156549454 0.00012339382374194
0.010802868753672 -0.069433517754078 1.1620644330978 9.9342185421847e-05 0.00021154464047868 1.9045428037643 3.0308172426885e-05
0.01159480586648 -0.074287116527557 1.1562753915787 2.980191129609e-05 -4.8007495934144e-05 1.8560627698898 1.6348913050024e-05
0.012413263320923 -0.079221978783607 1.1503894329071 0.00022192043252289 -0.00034874211996794 1.8083063364029 -3.4462158509996e-05
0.013222388923168 -0.084096342325211 1.1445688009262 0.00039759377250448 -0.0011599096469581 1.7609705924988 3.967138036387e-05
0.014022495597601 -0.08898139744997 1.1386806964874 0.0005783112719655 -0.0021807965822518 1.7122300863266 4.5521836000262e-05
0.014831991866231 -0.093841433525085 1.1328663825989 0.00057385885156691 -0.0031455813441426 1.6647737026215 -7.9788003404246e-07
0.015638042241335 -0.098748721182346 1.1270016431808 0.00077989255078137 -0.0038463154342026 1.6168932914734 2.8838730941061e-05
0.016440328210592 -0.1035888120532 1.1212408542633 0.00036005338188261 -0.0041098571382463 1.5685361623764 1.360726855637e-05
0.017251756042242 -0.10848201811314 1.1153426170349 0.00039434153586626 -0.003688428318128 1.5208892822266 8.2422731793486e-05
0.018046773970127 -0.11336797475815 1.1094976663589 0.00027377397054806 -0.0032643284648657 1.4729654788971 -3.3371081826772e-06
0.018852520734072 -0.11822314560413 1.1036909818649 -1.6227777450695e-05 -0.0027992655523121 1.4247397184372 2.236958789581e-05
0.019651371985674 -0.12308983504772 1.097828745842 0.00011590031499509 -0.0025154270697385 1.3766646385193 2.5740244382177e-05
0.02047510817647 -0.12801212072372 1.0919317007065 8.3772829384543e-05 -0.002431235043332 1.3287599086761 7.1049675170798e-05
0.021267414093018 -0.1328561604023 1.0861555337906 -0.00010646383452695 -0.0022853713016957 1.2804427146912 1.785506537999e-05
0.022074926644564 -0.13775964081287 1.0803136825562 -0.0003731053438969 -0.0021022316068411 1.2332723140717 -7.7369750215439e-06
0.02287369966507 -0.14263464510441 1.0743888616562 -0.00014262118202168 -0.0020794458687305 1.1847627162933 1.2651081306103e-05
0.023679859936237 -0.14749318361282 1.0686150789261 -0.00029885146068409 -0.0019685833249241 1.1368302106857 -1.2816906746593e-05
0.02448932826519 -0.15236046910286 1.06276512146 -0.00044406089000404 -0.0020946897566319 1.088658452034 -1.7089936363845e-06
0.025285966694355 -0.15723477303982 1.0569417476654 -0.00068254757206887 -0.001928188605234 1.0406712293625 -5.6737885643088e-06
0.026097409427166 -0.16210904717445 1.0511273145676 -0.00083124754019082 -0.0018793840426952 0.99244576692581 -1.5280616935343e-05
0.026913560926914 -0.16699716448784 1.0452476739883 -0.0008183685131371 -0.001907603465952 0.94462490081787 2.5215042114723e-05
0.027702614665031 -0.17186969518661 1.0394872426987 -0.00092677836073563 -0.0018677252810448 0.89677995443344 1.4554259905708e-05
0.028494358062744 -0.17676416039467 1.033586025238 -0.00090787222143263 -0.0018801593687385 0.8495802283287 9.2363014118746e-05
0.029301643371582 -0.18165722489357 1.0276612043381 -0.0010862939525396 -0.0017095088260248 0.80133157968521 1.975074337679e-05
0.030099108815193 -0.18651819229126 1.0218714475632 -0.0013851246330887 -0.0018621918279678 0.75342416763306 3.4356431569904e-05
0.030919209122658 -0.19139212369919 1.0160726308823 -0.0015824891161174 -0.0019540276844054 0.70523256063461 1.5945255654515e-05
0.031730875372887 -0.19627657532692 1.0101145505905 -0.0018115363782272 -0.0020334627479315 0.65736305713654 6.0305941588013e-05
0.032524801790714 -0.201171875 1.0042788982391 -0.002205083379522 -0.0022196345962584 0.61005014181137 6.0089456383139e-05
0.033348716795444 -0.206040173769 0.99845731258392 -0.0028651237953454 -0.0023340273182839 0.5619410276413 6.4375353758805e-06
0.034134261310101 -0.21091559529305 0.99266612529755 -0.0040845503099263 -0.0026740836910903 0.5144590139389 3.064090560656e-05
0.034948244690895 -0.21577560901642 0.98687428236008 -0.0057302014902234 -0.0035282650496811 0.46709993481636 -1.4635322258982e-05
0.035743117332458 -0.22065806388855 0.98101252317429 -0.0094893369823694 -0.0045417500659823 0.42174151539803 5.5078147852328e-05
0.036566115915775 -0.22551983594894 0.97502112388611 -0.019627913832664 -0.0081809777766466 0.37889561057091 8.5578234575223e-05
0.037354052066803 -0.23038256168365 0.96931499242783 -0.052247732877731 -0.018949741497636 0.34826338291168 6.9252205321391e-06
0.038158595561981 -0.2351798415184 0.96348369121552 -0.10409656912088 -0.035153742879629 0.32328042387962 5.4438634833787e-05
0.038975387811661 -0.24000850319862 0.95760190486908 -0.15809325873852 -0.048191472887993 0.29119467735291 1.3793920516036e-05
0.039776295423508 -0.24483639001846 0.95178633928299 -0.21221402287483 -0.055964406579733 0.25158733129501 7.8249373473227e-05
0.039041787385941 -0.24014690518379 0.94971060752869 -0.17935630679131 -0.040840487927198 0.21882982552052 -0.005803796928376
0.037425696849823 -0.23065713047981 0.9496306180954 -0.095315515995026 -0.018986467272043 0.19219841063023 -0.011831092648208
0.035887721925974 -0.22116217017174 0.94965308904648 -0.00046361706336029 -0.00025023423950188 0.16178327798843 -0.017774080857635
0.034319493919611 -0.21167492866516 0.94966149330139 0.052048467099667 0.0077972961589694 0.14595593512058 -0.024219384416938
0.032744273543358 -0.20197668671608 0.94967842102051 0.010422460734844 0.0017445958219469 0.15871648490429 -0.030523829162121
0.031220395117998 -0.19236490130424 0.94970154762268 0.0056777186691761 0.00084663694724441 0.16011144220829 -0.036976970732212
0.029667381197214 -0.18275925517082 0.94976419210434 0.0041148671880364 0.00060465972637758 0.16005888581276 -0.043484624475241
0.028107088059187 -0.17316710948944 0.94981813430786 0.0032150000333786 0.00065651728073135 0.16046823561192 -0.049989692866802
0.026547886431217 -0.16355511546135 0.94979530572891 0.0028738458640873 0.00039124296745285 0.16040635108948 -0.056418769061565
0.024989228695631 -0.1539668738842 0.94980323314667 0.0023281059693545 0.00048087822506204 0.16043411195278 -0.062826320528984
0.023434337228537 -0.14434310793877 0.9497549533844 0.002246145857498 0.00051165430340916 0.16053147614002 -0.069188587367535
0.02188877761364 -0.1347616314888 0.9498039484024 0.0019438357558101 0.00042601182940416 0.16043780744076 -0.075485475361347
0.020326238125563 -0.12516161799431 0.94985032081604 0.0017385022947565 0.00024955387925729 0.16051258146763 -0.081767380237579
0.01880244910717 -0.11554956436157 0.94989275932312 0.0019728355109692 0.00042558886343613 0.16025538742542 -0.087536342442036
0.017214246094227 -0.10595865547657 0.94987905025482 0.0015594848664477 0.00017282433691435 0.16040775179863 -0.092459753155708
0.015667222440243 -0.096357852220535 0.94986963272095 0.0013956163311377 6.7673827288672e-05 0.16107381880283 -0.09758547693491
0.014443669468164 -0.088858872652054 0.95793610811234 -0.00035419382038526 0.00012534070992842 0.16103374958038 -0.10143202543259
0.01443238556385 -0.08885832130909 1.0057661533356 -0.0016361126909032 -0.00029083003755659 0.16108818352222 -0.10219159722328
0.014415204524994 -0.088891014456749 1.0537286996841 -0.0021676565520465 -0.00053691514767706 0.16204737126827 -0.10293435305357
0.014429520815611 -0.088950365781784 1.1017513275146 -0.0014848301652819 -0.00035414687590674 0.16180299222469 -0.1041949018836
0.014431346207857 -0.088899254798889 1.1498482227325 -0.0021708530839533 -0.00049880135338753 0.16179396212101 -0.10537941753864
0.014438513666391 -0.088909074664116 1.1978938579559 -0.002530591096729 -0.0004910146817565 0.16175083816051 -0.10678824037313
0.014457084238529 -0.089038968086243 1.2455775737762 -0.003267889842391 -0.00075273314723745 0.16197437047958 -0.10804515331984
