0.039599273353815 0.22040221095085 -1.7449867725372 -1.6178472042084 -1.447681427002 0.00013275795208756 8.4810912085231e-05
0.061111781746149 0.21264407038689 -1.7539355754852 -1.6010527610779 -1.3784883022308 0.0001852100394899 2.1538701275858e-06
0.08184227347374 0.2033619582653 -1.7615976333618 -1.5841481685638 -1.3097577095032 0.00022764853201807 -2.5539289794096e-08
0.10166534781456 0.19259163737297 -1.768057346344 -1.5669796466827 -1.241580247879 0.00028868368826807 3.2459876820212e-05
0.12045606970787 0.18046566843987 -1.7732005119324 -1.5496203899384 -1.1746747493744 0.00035162619315088 0.00010120024671778
0.13814195990562 0.16677948832512 -1.7770051956177 -1.5322575569153 -1.1089005470276 0.00048132590018213 3.1156690965872e-05
0.15469297766685 0.15185543894768 -1.7795395851135 -1.5147132873535 -1.0444893836975 0.00050659826956689 4.2961117287632e-05
0.1701463162899 0.13536116480827 -1.7805778980255 -1.4973366260529 -0.98079442977905 0.00052710226736963 2.1578229279839e-05
0.18448957800865 0.11768910288811 -1.780282497406 -1.479975938797 -0.91797828674316 0.00065870932303369 -5.9593558034976e-06
0.19760927557945 0.098874539136887 -1.7786672115326 -1.4627823829651 -0.85695195198059 0.00071116141043603 2.6365771645942e-06
0.20955929160118 0.078945130109787 -1.7755906581879 -1.4459881782532 -0.79715609550476 0.00078888586722314 1.7950593246496e-05
0.22053655982018 0.057837456464767 -1.7710561752319 -1.4294557571411 -0.73779726028442 0.00082321814261377 -4.1768657865759e-06
0.23030266165733 0.035790413618088 -1.7652332782745 -1.4133133888245 -0.6801905632019 0.00090332678519189 1.1159833775309e-05
0.23908075690269 0.0127954185009 -1.7579364776611 -1.3976104259491 -0.62321305274963 0.0010096614714712 3.8893689634278e-05
0.24680361151695 -0.011122494935989 -1.7492291927338 -1.3824644088745 -0.56721043586731 0.0010940616484731 2.7042440706282e-05
0.25354704260826 -0.035756856203079 -1.7391917705536 -1.3680121898651 -0.51249027252197 0.0011188571806997 5.8673620515037e-05
0.2593534886837 -0.060949593782425 -1.7277648448944 -1.3541419506073 -0.45859384536743 0.0011331622954458 -1.9374010662432e-06
0.26422962546349 -0.086828023195267 -1.7150585651398 -1.3409094810486 -0.40572929382324 0.0011183803435415 4.6564080548706e-05
0.26830753684044 -0.11325147747993 -1.7010126113892 -1.3284771442413 -0.3536205291748 0.0010854785796255 7.5573327194434e-05
0.27155384421349 -0.14027860760689 -1.6856303215027 -1.3166933059692 -0.30200505256653 0.00094528845511377 4.7760797315277e-05
0.27402195334435 -0.16755774617195 -1.6691172122955 -1.3056890964508 -0.25183033943176 0.00068302801810205 -4.823874860449e-06
0.27580341696739 -0.19534853100777 -1.6513350009918 -1.2952735424042 -0.20197057723999 0.00028057745657861 3.8374833820853e-05
0.27687868475914 -0.22312238812447 -1.6324927806854 -1.2854368686676 -0.15303897857666 -0.0005605632904917 3.7106630770722e-05
0.27729591727257 -0.25131633877754 -1.6124029159546 -1.2759368419647 -0.10394930839539 -0.0019915516022593 0.00012339382374194
0.27716144919395 -0.2792549431324 -1.5916953086853 -1.2667276859283 -0.056718587875366 -0.0038769657257944 3.0308172426885e-05
0.27640375494957 -0.30741646885872 -1.5696849822998 -1.2577147483826 -0.0090937614440918 -0.0067162923514843 1.6348913050024e-05
0.27515730261803 -0.33569958806038 -1.5468766689301 -1.2490422725677 0.037473678588867 -0.0099323205649853 -3.4462158509996e-05
0.27340206503868 -0.36394265294075 -1.5229172706604 -1.2412564754486 0.083809852600098 -0.013389866799116 3.967138036387e-05
0.27119955420494 -0.39254263043404 -1.4977850914001 -1.2350296974182 0.12938737869263 -0.016298335045576 4.5521836000262e-05
0.26856026053429 -0.42138603329659 -1.4712450504303 -1.2312657833099 0.17482042312622 -0.017648976296186 -7.9788003404246e-07
0.26550468802452 -0.45082023739815 -1.4430637359619 -1.2305548191071 0.21964025497437 -0.017028849571943 2.8838730941061e-05
0.26207908987999 -0.48064520955086 -1.4133350849152 -1.2325644493103 0.26443099975586 -0.014725726097822 1.360726855637e-05
0.2583301961422 -0.51091861724854 -1.3825700283051 -1.2363245487213 0.30838680267334 -0.011652272194624 8.2422731793486e-05
0.25419887900352 -0.54120397567749 -1.3507933616638 -1.2404942512512 0.35240602493286 -0.0090234689414501 -3.3371081826772e-06
0.24980816245079 -0.57131910324097 -1.3182187080383 -1.244961977005 0.39603471755981 -0.0067863874137402 2.236958789581e-05
0.24513754248619 -0.60143899917603 -1.2849764823914 -1.2495641708374 0.43919610977173 -0.0054436139762402 2.5740244382177e-05
0.24019464850426 -0.63161039352417 -1.2507200241089 -1.25457072258 0.48240327835083 -0.004546444863081 7.1049675170798e-05
0.23502716422081 -0.66162037849426 -1.2156732082367 -1.2601442337036 0.52522468566895 -0.0040049962699413 1.785506537999e-05
0.22965511679649 -0.69176578521729 -1.1797389984131 -1.2663493156433 0.56752824783325 -0.003407996147871 -7.7369750215439e-06
0.22403559088707 -0.72228050231934 -1.1426002979279 -1.2734367847443 0.61015510559082 -0.0031660012900829 1.2651081306103e-05
0.21826300024986 -0.75264143943787 -1.1045351028442 -1.2813320159912 0.6523609161377 -0.0028851442039013 -1.2816906746593e-05
0.2123096883297 -0.78321218490601 -1.0654740333557 -1.2899396419525 0.69452619552612 -0.0027356557548046 -1.7089936363845e-06
0.20624527335167 -0.81400036811829 -1.025205373764 -1.299604177475 0.73619508743286 -0.002342265099287 -5.6737885643088e-06
0.19997724890709 -0.84525394439697 -0.98359417915344 -1.3101224899292 0.77810382843018 -0.0021670274436474 -1.5280616935343e-05
0.19364055991173 -0.8765971660614 -0.94094967842102 -1.3214085102081 0.81968832015991 -0.0021715573966503 2.5215042114723e-05
0.18718656897545 -0.90839910507202 -0.89658260345459 -1.3339993953705 0.86114168167114 -0.0020325593650341 1.4554259905708e-05
0.18065437674522 -0.94078779220581 -0.85093069076538 -1.3473334312439 0.90231323242188 -0.0020270757377148 9.2363014118746e-05
0.17402109503746 -0.97400593757629 -0.80320072174072 -1.3620536327362 0.94367504119873 -0.001811545342207 1.975074337679e-05
0.16733679175377 -1.007577419281 -0.75354838371277 -1.3778929710388 0.98491954803467 -0.0017509870231152 3.4356431569904e-05
0.16058430075645 -1.0420908927917 -0.70143938064575 -1.3953464031219 1.0261330604553 -0.0017002038657665 1.5945255654515e-05
0.15377840399742 -1.078113079071 -0.64633584022522 -1.4143152236938 1.0673542022705 -0.0017340593039989 6.0305941588013e-05
0.14701828360558 -1.1152954101562 -0.58781504631042 -1.4352717399597 1.1078524589539 -0.0018475465476513 6.0089456383139e-05
0.14013323187828 -1.1546032428741 -0.5242063999176 -1.4587814807892 1.1492514610291 -0.0019781999289989 6.4375353758805e-06
0.13336119055748 -1.1965491771698 -0.45452499389648 -1.4854366779327 1.1897072792053 -0.0021036081016064 3.064090560656e-05
0.12658628821373 -1.2428307533264 -0.37540507316589 -1.5164618492126 1.2300934791565 -0.0026812963187695 -1.4635322258982e-05
0.12004026770592 -1.2954170703888 -0.28183770179749 -1.5533766746521 1.2693839073181 -0.0035367421805859 5.5078147852328e-05
0.11403784155846 -1.3580436706543 -0.16524744033813 -1.5962417125702 1.3055415153503 -0.0059330873191357 8.5578234575223e-05
0.10974583029747 -1.4195702075958 -0.041925430297852 -1.6228795051575 1.3322434425354 -0.013456862419844 6.9252205321391e-06
0.10644564032555 -1.4402122497559 0.0020613670349121 -1.5909686088562 1.3534007072449 -0.024357836693525 5.4438634833787e-05
0.10216364264488 -1.4404046535492 0.0032010078430176 -1.5361247062683 1.3805265426636 -0.032213490456343 1.3793920516036e-05
0.096829265356064 -1.4402725696564 0.0023336410522461 -1.4817278385162 1.4137873649597 -0.035733979195356 7.8249373473227e-05
0.09156545996666 -1.4444043636322 -0.0036795139312744 -1.5080871582031 1.4414200782776 -0.024552147835493 -0.005803796928376
0.086375564336777 -1.4542579650879 -0.0077171325683594 -1.5820438861847 1.4649348258972 -0.010623019188643 -0.011831092648208
0.080794662237167 -1.4593019485474 -0.026999473571777 -1.6548171043396 1.4899401664734 -0.00023321434855461 -0.017774080857635
0.077377170324326 -1.3750863075256 -0.21893930435181 -1.6004223823547 1.5022869110107 0.003841120749712 -0.024219384416938
0.078369945287704 -1.2690625190735 -0.42253494262695 -1.4606034755707 1.4903531074524 0.0011331625282764 -0.030523829162121
0.077502101659775 -1.2172429561615 -0.52661776542664 -1.4034841060638 1.48868227005 0.00050707533955574 -0.036976970732212
0.076526492834091 -1.1754202842712 -0.61094665527344 -1.3594629764557 1.4872889518738 0.00041886046528816 -0.043484624475241
0.075500339269638 -1.1385862827301 -0.68482446670532 -1.3215882778168 1.4860472679138 0.0004098005592823 -0.049989692866802
0.07441458106041 -1.1054096221924 -0.75152969360352 -1.2875497341156 1.4848675727844 0.0003783293068409 -0.056418769061565
0.073302119970322 -1.0747017860413 -0.8129186630249 -1.2564435005188 1.4836812019348 0.00029583647847176 -0.062826320528984
0.072157710790634 -1.0461366176605 -0.87014603614807 -1.2276334762573 1.4824461936951 0.00033207610249519 -0.069188587367535
0.070991367101669 -1.0190858840942 -0.92390394210815 -1.2006270885468 1.4812340736389 0.00027485564351082 -0.075485475361347
0.069779247045517 -0.99326276779175 -0.97493124008179 -1.175149679184 1.4799904823303 0.00027008727192879 -0.081767380237579
0.068590492010117 -0.96868968009949 -1.0237376689911 -1.1507699489594 1.4787058830261 0.00019045546650887 -0.087536342442036
0.067229121923447 -0.94495344161987 -1.0704607963562 -1.1270158290863 1.4776349067688 0.00013061240315437 -0.092459753155708
0.065928310155869 -0.92239332199097 -1.1150262355804 -1.1053733825684 1.4762892723083 5.5033713579178e-05 -0.09758547693491
0.064920753240585 -0.89489483833313 -1.1449368000031 -1.1012895107269 1.4748368263245 0.00025578215718269 -0.10143202543259
0.064946979284286 -0.84321928024292 -1.1093912124634 -1.1877219676971 1.4747624397278 -0.0002615861594677 -0.10219159722328
0.065017074346542 -0.80120038986206 -1.0571310520172 -1.2817070484161 1.4743165969849 -0.00020984932780266 -0.10293435305357
0.0650494992733 -0.77032995223999 -0.98639249801636 -1.3836379051208 1.4741749763489 -0.00023488327860832 -0.1041949018836
0.065031379461288 -0.75181126594543 -0.89505100250244 -1.4930474758148 1.4742746353149 -0.00043086335062981 -0.10537941753864
0.065094798803329 -0.74934387207031 -0.7766330242157 -1.613566160202 1.4740147590637 -0.00031570717692375 -0.10678824037313
0.065162032842636 -0.76938652992249 -0.61886644363403 -1.7506902217865 1.4737515449524 -0.00034360215067863 -0.10804515331984
