-1.1791951237683e-07 6.2901982289532e-08 0.91483920812607
-1.6160164761914e-07 -4.0432304615479e-08 0.91483950614929
-5.6736996612017e-07 -4.4045489744349e-07 0.91483944654465
-6.6471892523623e-07 -4.2551369006105e-07 0.91483950614929
-8.5922903281244e-07 -3.5511425267032e-07 0.91483968496323
-7.6941449833612e-07 -5.185193572288e-07 0.91483956575394
-1.921133474525e-07 -3.7859069834667e-07 0.91483962535858
-5.6892275779319e-07 -4.4948322397431e-07 0.91483992338181
-5.5090833939175e-07 -5.7160605138051e-08 0.91483992338181
-6.4131944554902e-07 -5.2481431112028e-07 0.91484034061432
-4.8596393753542e-07 -1.00305601336e-06 0.91484045982361
-2.6454094381734e-07 -1.1494782938826e-06 0.91484045982361
-7.5752529937745e-07 -1.0148638693863e-06 0.91484040021896
-1.3561168543674e-06 -1.0811205584105e-06 0.91484045982361
-1.6535358327019e-06 -1.015050429487e-06 0.91484045982361
-1.676643933024e-06 -9.2157074504939e-07 0.91484069824219
-1.8508706034481e-06 -7.6686649208568e-07 0.91484075784683
-1.6288979622914e-06 -5.8033094774146e-07 0.91484081745148
-1.5595828699588e-06 -5.8942617897628e-07 0.91484081745148
-1.2735149539367e-06 -5.8689892057373e-07 0.91484081745148
-1.6669256410751e-06 -6.2263887912195e-07 0.91484081745148
-1.4416042404264e-06 -6.5555212813706e-07 0.91484081745148
-1.2352551266304e-06 -6.7690746163862e-07 0.91484081745148
-1.2970650686839e-06 -1.2427534556991e-07 0.91484087705612
-1.4153703205011e-06 4.1863845012813e-07 0.91484081745148
-8.0269705904357e-07 5.5516807151434e-07 0.91484093666077
-7.2198270117951e-07 6.5864793441506e-07 0.91484099626541
-8.2159647263325e-07 4.8981399913828e-07 0.91484081745148
-3.7464332081072e-07 8.0884609587883e-07 0.91484069824219
-3.3414667655052e-07 1.0245436214973e-06 0.91484075784683
-4.375951050406e-07 9.1625281584129e-07 0.91484099626541
-6.6135612541984e-07 9.336436050944e-07 0.91484099626541
-4.3807736460622e-07 8.64550145252e-07 0.9148411154747
-5.5658944120296e-07 1.2820687516069e-06 0.91484117507935
-4.942679083797e-07 1.2530390449683e-06 0.91484141349792
-5.7412910337007e-07 1.4013942291058e-06 0.91484129428864
-7.4071203925996e-07 1.5242583231156e-06 0.91484147310257
-6.1729599565297e-07 1.7447687241656e-06 0.91484129428864
-1.1158884944962e-06 1.9389144654269e-06 0.91484129428864
-1.5793888223925e-06 1.8091951687893e-06 0.91484153270721
-1.3809561778544e-06 1.5967084436852e-06 0.91484159231186
-1.6776347138148e-06 1.6019396298361e-06 0.91484183073044
-1.7563907022122e-06 1.4109828043729e-06 0.91484183073044
-1.6582625903538e-06 1.1313187542328e-06 0.91484183073044
-1.9555993731046e-06 7.1809529345046e-07 0.9148416519165
-1.764882426869e-06 6.1119544625399e-07 0.91484177112579
-1.7855977603176e-06 7.2246467652803e-07 0.91484183073044
-1.831904228311e-06 2.4455624725306e-07 0.91484177112579
-2.1561052108154e-06 9.8047678420699e-08 0.91484159231186
-1.7875684079627e-06 -3.0907884251974e-07 0.91484189033508
-1.6150545434357e-06 -4.6139373921505e-07 0.91484194993973
-1.3202476338847e-06 -8.7652682623229e-07 0.91484218835831
-1.3010493375987e-06 -1.0251128514938e-06 0.91484218835831
-1.1373374491086e-06 -1.1606971384026e-06 0.91484242677689
-1.1471211109892e-06 -1.6324102034559e-06 0.91484248638153
-9.171187116408e-07 -2.0271331777622e-06 0.91484260559082
-6.5233086843364e-07 -1.9592118860601e-06 0.91484260559082
-7.5153383249926e-07 -1.8130283478968e-06 0.91484266519547
-8.8655428953643e-07 -1.9368703760847e-06 0.91484278440475
-1.1280056924079e-06 -2.536822194088e-06 0.91484308242798
-8.4823199131279e-07 -2.9830605399184e-06 0.91484326124191
-1.1612189609878e-06 -2.6677676032705e-06 0.91484326124191
-1.3374000218391e-06 -3.0121709642117e-06 0.91484332084656
-1.3957243254481e-06 -3.0791979952483e-06 0.91484314203262
-1.8448384935255e-06 -3.0787289233558e-06 0.91484349966049
-1.7918232515512e-06 -3.359971287864e-06 0.91484349966049
-2.0130935354246e-06 -3.5563562050811e-06 0.91484349966049
-2.2393865037884e-06 -3.3810110835475e-06 0.91484367847443
-2.0839211174462e-06 -3.6339001781016e-06 0.91484344005585
-1.7601118997845e-06 -3.7011895983596e-06 0.91484355926514
-1.7190773178299e-06 -3.7425973005156e-06 0.91484373807907
-1.8851495724448e-06 -3.4112435969291e-06 0.91484367847443
-1.6753959926064e-06 -3.6867602375423e-06 0.91484361886978
-1.2413952390489e-06 -3.7438626350195e-06 0.91484373807907
-0.00015101754979696 0.00095979205798358 0.91533559560776
-0.00050340068992227 0.003861952573061 0.91686111688614
-0.00084511947352439 0.0066198059357703 0.91828060150146
-0.0014575000386685 0.0092127239331603 0.92594963312149
-0.0015148177044466 0.008858603425324 0.97287201881409
-0.0016393413534388 0.0085217403247952 1.0198299884796
-0.0015018394915387 0.0075056399218738 1.0670341253281
-0.0015411438653246 0.0068974602036178 1.1139290332794
-0.0014273254200816 0.006031408905983 1.1610357761383
-0.0012338251108304 0.0057818642817438 1.2073185443878
