0.0053771566599607 0.054466530680656 1.2915409803391 0.0017579654231668 -0.000272882549325 3.0599665641785 9.2456975835375e-05
0.013659745454788 0.053283050656319 1.2799210548401 0.0017165734898299 -0.00031414866680279 3.0120899677277 -8.7877078840393e-06
0.022000201046467 0.05205574631691 1.2682648897171 0.0018028961494565 -0.00032980635296553 2.9640598297119 2.3195545963972e-06
0.030284773558378 0.050879925489426 1.2566422224045 0.0017196101834998 -0.00043587840627879 2.9155223369598 -1.874633198895e-06
0.038576439023018 0.049689963459969 1.2450172901154 0.0017685972852632 -0.00066291412804276 2.8673169612885 1.1138195077365e-05
0.046904042363167 0.048496544361115 1.2333691120148 0.0018047933699563 -0.00090901227667928 2.8193137645721 1.8681919755181e-05
0.055211432278156 0.047287806868553 1.2217336893082 0.0019952366128564 -0.0010153284529224 2.7709717750549 -8.474452442897e-06
0.06352960318327 0.046081587672234 1.2101093530655 0.002011239528656 -0.0011593083618209 2.722963809967 -2.3308872187044e-05
0.071817934513092 0.044908076524734 1.198474407196 0.0022313639055938 -0.0012719804653898 2.6742515563965 8.8933695224114e-05
0.080152556300163 0.043702200055122 1.1868243217468 0.0023009206634015 -0.0016161821549758 2.626039981842 -3.4847205824917e-05
0.088425695896149 0.042491421103477 1.1751884222031 0.0024831790942699 -0.0019087949767709 2.5772635936737 8.6424697656184e-05
0.096765652298927 0.041294664144516 1.1635619401932 0.0026285585481673 -0.0020689724478871 2.5301971435547 4.2574433791742e-06
0.10506175458431 0.0401221960783 1.1519159078598 0.0027534544933587 -0.0024858915712684 2.4812898635864 8.7873188022058e-05
0.11334711313248 0.038900032639503 1.1402888298035 0.002868466777727 -0.002625766210258 2.4334993362427 3.9863254642114e-05
0.12165759503841 0.037708267569542 1.1286435127258 0.0028377014677972 -0.002793500199914 2.3849453926086 3.8272446545307e-05
0.12994261085987 0.036525756120682 1.117015838623 0.0024936753325164 -0.002653033239767 2.336519241333 9.6460162239964e-06
0.13827699422836 0.035301938652992 1.1053740978241 0.0017554317601025 -0.0017436521593481 2.2889807224274 4.702580099547e-06
0.14656344056129 0.034125782549381 1.0937525033951 0.00023676491400693 -0.00021191441919655 2.2405796051025 -3.1205650884658e-05
0.15486599504948 0.032929360866547 1.0821025371552 -0.0015434799715877 0.0024141639005393 2.1925044059753 3.0349621738424e-05
0.16318599879742 0.0317292958498 1.070472240448 -0.0036455360241234 0.0053279586136341 2.1453049182892 2.9077926228638e-05
0.17150628566742 0.030530445277691 1.058825969696 -0.0050645167939365 0.0072554615326226 2.097003698349 4.6175144234439e-05
0.17979872226715 0.029314391314983 1.0472011566162 -0.0048623709008098 0.0071860109455884 2.048992395401 -2.6613446607371e-05
0.18809035420418 0.028149776160717 1.0355495214462 -0.00321333296597 0.0054003056138754 1.9998975992203 2.9144726795494e-05
0.19642236828804 0.026934906840324 1.0239366292953 -0.0016845928039402 0.0029070256277919 1.9525487422943 2.5968097361329e-06
0.2047141045332 0.025749079883099 1.0122913122177 -0.00067996268626302 0.0011301264166832 1.9041491746902 6.5193017917409e-07
0.21302491426468 0.024566598236561 1.0006594657898 -2.5600997105357e-05 0.0002955712552648 1.8561687469482 1.9719018382602e-05
0.22132757306099 0.023368179798126 0.98900812864304 9.5578201580793e-05 -4.5194654376246e-05 1.8078969717026 4.7365858335979e-05
0.22964061796665 0.022160578519106 0.97736591100693 0.0001734178949846 -0.00025920936604962 1.7603884935379 0.00010429664689582
0.23793464899063 0.020936902612448 0.96570688486099 0.00030202144989744 -0.00051945500308648 1.7121000289917 8.4686718764715e-05
0.24624186754227 0.019740793853998 0.95408594608307 0.00030953032546677 -0.00047577053192072 1.664214849472 -1.7597209080122e-05
0.24283336102962 0.018808178603649 0.9499135017395 0.00045696398592554 0.0012875854736194 1.6464657783508 -2.6016314222943e-05
0.23324197530746 0.018080271780491 0.94994783401489 0.00011926009028684 0.0016369963996112 1.6466844081879 9.9063901870977e-05
0.22362321615219 0.017346531152725 0.94993013143539 -1.139823871199e-05 0.0016218314412981 1.6467620134354 9.4551389338449e-05
0.21404486894608 0.016578711569309 0.94997078180313 -0.00025200951495208 0.0014233870897442 1.646853685379 -9.7809434009832e-06
0.20444411039352 0.015837967395782 0.94995075464249 -6.2494902522303e-05 0.0015613063005731 1.6462768316269 2.2804026230006e-05
0.19483955204487 0.015099428594112 0.94995725154877 -3.8116108044051e-05 0.0015400476986542 1.6468799114227 4.6620032662759e-05
0.18524089455605 0.01435980387032 0.949966609478 -7.2523333074059e-05 0.0014779606135562 1.6469256877899 6.07527581451e-05
0.17565004527569 0.013606242835522 0.94994461536407 -1.2421527628703e-07 0.0014427127316594 1.6468251943588 9.7199845185969e-05
0.16604265570641 0.012903083115816 0.94994884729385 2.6203137167613e-05 0.0014799406053498 1.6456973552704 -1.9511746359058e-05
0.15644058585167 0.012129239737988 0.94993031024933 9.4099770649336e-05 0.0014705894282088 1.6462424993515 -2.3391010017804e-06
0.1468605697155 0.011360472068191 0.94993501901627 7.7503333159257e-05 0.0012897289125249 1.6467237472534 2.3283023438125e-06
0.1372475028038 0.010630764067173 0.94995301961899 0.00013591769675259 0.001387347932905 1.6466697454453 7.0727444835939e-05
0.12763747572899 0.0098790638148785 0.94994938373566 4.6703993575647e-05 0.0011071288026869 1.6470799446106 4.3061947508249e-05
0.1180577352643 0.0091516748070717 0.94994676113129 -2.4026157916524e-05 0.0011053578928113 1.6471228599548 3.9512979128631e-05
0.10845054686069 0.0084148738533258 0.9499489068985 5.6469667470083e-05 0.0010524021927267 1.6467570066452 9.0622030256782e-05
0.098838418722153 0.0076874140650034 0.94993752241135 0.00013050579582341 0.00093996128998697 1.6459400653839 9.5112145572784e-06
0.089240111410618 0.0069043654948473 0.94995284080505 -8.6171276052482e-05 0.0010171208996326 1.6467343568802 -1.6680720364093e-05
0.079687245190144 0.0061614643782377 0.94997078180313 0.00011562197323656 0.00088122294982895 1.6474064588547 -2.080242302327e-05
0.070069819688797 0.0054516978561878 0.94996464252472 0.00018383936549071 0.00087902531959116 1.6469829082489 3.8991220208118e-05
0.060466889292002 0.0047011971473694 0.9499648809433 3.2590334740235e-05 0.00073417363455519 1.6460510492325 3.2378109608544e-05
0.05086761713028 0.0039602061733603 0.94996958971024 2.0200972983275e-07 0.00068259541876614 1.6460455656052 -3.2528001611354e-05
0.041292622685432 0.0032078567892313 0.94996708631516 -1.7548449022797e-06 0.00058016605908051 1.6467456817627 9.278397919843e-05
0.031680479645729 0.0024785147979856 0.94996589422226 0.00011179572175024 0.00038855744060129 1.6472669839859 5.4988886404317e-06
0.022074637934566 0.0017386507242918 0.94995874166489 6.1957478465047e-05 0.00040767766768113 1.6456612348557 8.2971244410146e-05
0.012485118582845 0.0009691147133708 0.94996696710587 0.00020258319273125 0.0002809788857121 1.6472885608673 1.1774761333072e-05
0.0028988551348448 0.00021905917674303 0.94996756315231 0.00031510187545791 0.00024842543643899 1.6475752592087 3.5403350921115e-05
-0.0067131519317627 -0.00052085798233747 0.94995200634003 0.00018213407020085 5.1474620704539e-05 1.6473739147186 1.879778028524e-05
-0.0163230355829 -0.0012370645999908 0.94995564222336 3.1590047001373e-05 -7.5692099926528e-05 1.6465263366699 -2.7728808618122e-06
-0.02593756839633 -0.00201166421175 0.94994401931763 4.4250380597077e-05 -0.00019432358385529 1.6463613510132 1.6341036825906e-05
-0.035513803362846 -0.0027431426569819 0.94994974136353 0.00033972522942349 -0.00022065656958148 1.6470839977264 -5.8433943195269e-06
-0.045122966170311 -0.003476825542748 0.94994479417801 0.00010673036013031 -0.00035374710569158 1.6464782953262 3.0911503472453e-06
-0.054711528122425 -0.0042239036411047 0.94996064901352 0.00023316832084674 -0.00034189454163425 1.6470631361008 2.058162499452e-05
-0.064314126968384 -0.0049527199007571 0.9499591588974 0.00011893060582224 -0.00047255636309274 1.6465874910355 0.00015880180581007
-0.073936924338341 -0.0056980359368026 0.94993996620178 -5.2841792239633e-06 -0.00053285679314286 1.6467020511627 9.3444623416872e-06
-0.083513170480728 -0.0064632776193321 0.94994050264359 0.00016115796461236 -0.00027506865444593 1.6468020677567 0.0001061459624907
-0.093123987317085 -0.0071622338145971 0.94995713233948 -9.9916660474264e-06 -0.00032703531906009 1.6461032629013 -2.5319682208647e-06
-0.10271781682968 -0.0079448577016592 0.94996213912964 0.0001223993167514 -2.8928388928762e-05 1.6466532945633 -1.9742063159356e-05
-0.11234450340271 -0.0086621455848217 0.94992691278458 0.00010613480117172 0.00031970720738173 1.6463747024536 4.0238031942863e-05
-0.12191165983677 -0.0094444397836924 0.94992655515671 0.00013824513007421 0.00076621939660981 1.6473088264465 0.00010554784967098
-0.13150346279144 -0.010175329633057 0.94994419813156 -0.00016336937551387 0.0013340574223548 1.6467890739441 3.6067573091714e-05
-0.1410994976759 -0.010839207097888 0.95000767707825 0.0001796146389097 0.0022740722633898 1.6468187570572 6.4377469243482e-05
-0.15071441233158 -0.011660287156701 0.94995588064194 0.00027190434047952 0.0028417254798114 1.6475948095322 6.728277367074e-05
-0.16030898690224 -0.012383028864861 0.94994610548019 0.0001472635922255 0.003238960634917 1.6474719047546 -1.4616129192291e-05
-0.16992254555225 -0.013162691146135 0.9499563574791 0.00017467989528086 0.0037962847854942 1.6479206085205 2.4028327061387e-06
-0.17951980233192 -0.013892447575927 0.94993996620178 0.00012170833360869 0.0040536508895457 1.6480139493942 2.1867861505598e-05
-0.1891243904829 -0.014612623490393 0.94994646310806 0.00011563794396352 0.0041035362519324 1.6477926969528 -3.0868603062117e-05
-0.19871646165848 -0.015330435708165 0.94994902610779 0.00017259326705243 0.0041676806285977 1.6472264528275 7.1620583184995e-05
-0.2083231061697 -0.016105886548758 0.94992333650589 0.00028329706401564 0.0039683897048235 1.6477370262146 -2.4735467377468e-05
-0.21789339184761 -0.01687053963542 0.9499214887619 2.110845525749e-05 0.0037194120232016 1.6483818292618 1.8261011064169e-05
-0.22751522064209 -0.017607696354389 0.94992703199387 0.00037992076249793 0.0034600114449859 1.6476894617081 6.2658175011165e-05
-0.23710082471371 -0.018337961286306 0.9498804807663 0.0004374653508421 0.0030481768772006 1.6478917598724 2.9360204280238e-05
-0.24671410024166 -0.019087929278612 0.94990754127502 0.00012673372111749 0.0028185278642923 1.64768409729 5.1467682169459e-06
