0.087633460760117 0.24807688593864 -1.7926452159882 -1.59872174263 -1.4013469219208 0.00046392134390771 9.2456975835375e-05
0.13633951544762 0.25319144129753 -1.826025724411 -1.5704491138458 -1.3048355579376 0.00055118254385889 -8.7877078840393e-06
0.18454250693321 0.25489470362663 -1.8569431304932 -1.5413928031921 -1.2084920406342 0.00080199888907373 2.3195545963972e-06
0.23156771063805 0.25334212183952 -1.8855121135712 -1.5112690925598 -1.1133120059967 0.00096030882559717 -1.874633198895e-06
0.27724155783653 0.2482518851757 -1.9114699363708 -1.480450630188 -1.019195318222 0.0013775413390249 1.1138195077365e-05
0.32107481360435 0.23962208628654 -1.9349498748779 -1.448671579361 -0.927166223526 0.0017575805541128 1.8681919755181e-05
0.3627642095089 0.22746703028679 -1.9557945728302 -1.416121006012 -0.83732986450195 0.002161938464269 -8.474452442897e-06
0.40217956900597 0.21193453669548 -1.9740693569183 -1.3827803134918 -0.74970269203186 0.0026964729186147 -2.3308872187044e-05
0.43921026587486 0.19304606318474 -1.9896323680878 -1.3490047454834 -0.66420984268188 0.0034169738646597 8.8933695224114e-05
0.47370609641075 0.1708936393261 -2.0024728775024 -1.3149509429932 -0.58127045631409 0.0044450350105762 -3.4847205824917e-05
0.50555264949799 0.14576861262321 -2.0125815868378 -1.2810592651367 -0.50124430656433 0.0058140344917774 8.6424697656184e-05
0.53494346141815 0.11793133616447 -2.0200099945068 -1.2475941181183 -0.42405724525452 0.0076288767158985 4.2574433791742e-06
0.5619238615036 0.087352722883224 -2.0245468616486 -1.2149429321289 -0.34853672981262 0.010220486670732 8.7873188022058e-05
0.58647382259369 0.054461449384689 -2.0262742042542 -1.1837890148163 -0.27593541145325 0.013695199042559 3.9863254642114e-05
0.608851313591 0.019264668226242 -2.0251288414001 -1.1547431945801 -0.20531177520752 0.01870771124959 3.8272446545307e-05
0.62908732891083 -0.017896205186844 -2.02112865448 -1.1281933784485 -0.13687825202942 0.025480706244707 9.6460162239964e-06
0.64735591411591 -0.056912690401077 -2.0143232345581 -1.1046090126038 -0.070756912231445 0.034111458808184 4.702580099547e-06
0.66381061077118 -0.097339421510696 -2.0049958229065 -1.0832469463348 -0.0060193538665771 0.043991524726152 -3.1205650884658e-05
0.67856252193451 -0.13846233487129 -1.9938106536865 -1.0619654655457 0.056376218795776 0.052544075995684 3.0349621738424e-05
0.69172847270966 -0.17915895581245 -1.9815714359283 -1.0367934703827 0.11756777763367 0.055935818701982 2.9077926228638e-05
0.70347344875336 -0.21841266751289 -1.9690244197845 -1.0049171447754 0.17744135856628 0.050669629126787 4.6175144234439e-05
0.71387374401093 -0.25594714283943 -1.9561069011688 -0.96713066101074 0.23588109016418 0.037522275000811 -2.6613446607371e-05
0.72302043437958 -0.29285743832588 -1.9418287277222 -0.92893242835999 0.29348969459534 0.021952111274004 2.9144726795494e-05
0.73109376430511 -0.3303716480732 -1.9249908924103 -0.89630794525146 0.34977221488953 0.010144669562578 2.5968097361329e-06
0.73812282085419 -0.36906602978706 -1.9054102897644 -0.8707799911499 0.40481400489807 0.0036153383553028 6.5193017917409e-07
0.74428260326385 -0.40838721394539 -1.883504152298 -0.85068130493164 0.45896983146667 0.0009741373360157 1.9719018382602e-05
0.74960315227509 -0.44788625836372 -1.8598320484161 -0.83389663696289 0.51213192939758 5.0503760576248e-05 4.7365858335979e-05
0.75410497188568 -0.4871931374073 -1.8346691131592 -0.81924843788147 0.56472277641296 -0.00042800232768059 0.00010429664689582
0.7579311132431 -0.52621960639954 -1.8082427978516 -0.80649495124817 0.61654591560364 -0.00057820603251457 8.4686718764715e-05
0.76113069057465 -0.5648193359375 -1.7806286811829 -0.79542994499207 0.66771817207336 -0.00062994286417961 -1.7597209080122e-05
0.75228440761566 -0.57449078559875 -1.7787630558014 -0.79038000106812 0.67662930488586 0.0011641569435596 -2.6016314222943e-05
0.7373765707016 -0.56723880767822 -1.7920250892639 -0.78511667251587 0.66168713569641 0.0020820684731007 9.9063901870977e-05
0.7221702337265 -0.56016874313354 -1.8049941062927 -0.77934813499451 0.64629626274109 0.002261359244585 9.4551389338449e-05
0.7066844701767 -0.55322456359863 -1.8174734115601 -0.77357316017151 0.63058972358704 0.0023266859352589 -9.7809434009832e-06
0.69074714183807 -0.54688572883606 -1.8290436267853 -0.76847910881042 0.61518788337708 0.0023471899330616 2.2804026230006e-05
0.67471969127655 -0.5404314994812 -1.8406529426575 -0.7631573677063 0.59837365150452 0.0022751875221729 4.6620032662759e-05
0.6582373380661 -0.5345721244812 -1.8512268066406 -0.75863099098206 0.58244156837463 0.0023562498390675 6.07527581451e-05
0.64151322841644 -0.52895879745483 -1.8614227771759 -0.75406002998352 0.56558108329773 0.0022904463112354 9.7199845185969e-05
0.62439811229706 -0.52373027801514 -1.8708295822144 -0.7500479221344 0.54917454719543 0.0025302954018116 -1.9511746359058e-05
0.60713756084442 -0.51859068870544 -1.8801188468933 -0.74590134620667 0.53140807151794 0.0025574751198292 -2.3391010017804e-06
0.58949506282806 -0.51383805274963 -1.8885805606842 -0.74208378791809 0.51398968696594 0.0025164671242237 2.3283023438125e-06
0.57164323329926 -0.50926685333252 -1.8966417312622 -0.73856854438782 0.49588799476624 0.0024869032204151 7.0727444835939e-05
0.55352962017059 -0.50502991676331 -1.9042418003082 -0.73509383201599 0.47731423377991 0.0023958273231983 4.3061947508249e-05
0.53510320186615 -0.50115275382996 -1.9111044406891 -0.7321035861969 0.45894980430603 0.0024826116859913 3.9512979128631e-05
0.51639831066132 -0.49766683578491 -1.9172945022583 -0.72939705848694 0.44045662879944 0.0024535246193409 9.0622030256782e-05
0.49738824367523 -0.49455404281616 -1.9228239059448 -0.72693634033203 0.42208456993103 0.0024301595985889 9.5112145572784e-06
0.47829616069794 -0.49149203300476 -1.9281706809998 -0.72463250160217 0.40212464332581 0.0025059767067432 -1.6680720364093e-05
0.45891559123993 -0.48891067504883 -1.9327220916748 -0.72256064414978 0.38259434700012 0.0023848600685596 -2.080242302327e-05
0.43926084041595 -0.48666548728943 -1.936669588089 -0.720871925354 0.36306405067444 0.0023772306740284 3.8991220208118e-05
0.41937243938446 -0.48489451408386 -1.9397714138031 -0.71934723854065 0.34398531913757 0.002197939902544 3.2378109608544e-05
0.3993729352951 -0.48330950737 -1.942535161972 -0.71802043914795 0.32400870323181 0.002165038138628 -3.2528001611354e-05
0.37929141521454 -0.48192143440247 -1.9449784755707 -0.71689462661743 0.30310893058777 0.0020334310829639 9.278397919843e-05
0.3589323759079 -0.48098397254944 -1.9465794563293 -0.71608448028564 0.28271174430847 0.001946646720171 5.4988886404317e-06
0.33838975429535 -0.48055815696716 -1.9472863674164 -0.71555304527283 0.26322102546692 0.0017735548317432 8.2971244410146e-05
0.31786811351776 -0.48013639450073 -1.9479625225067 -0.71509218215942 0.24185347557068 0.0015151090919971 1.1774761333072e-05
0.29724729061127 -0.48010683059692 -1.9479913711548 -0.71489930152893 0.22064137458801 0.0011922903358936 3.5403350921115e-05
0.27641141414642 -0.48053622245789 -1.9472467899323 -0.71477890014648 0.19981408119202 0.00080891326069832 1.879778028524e-05
0.25553166866302 -0.48128628730774 -1.9458255767822 -0.71479988098145 0.17954516410828 0.00026961043477058 -2.7728808618122e-06
0.234583735466 -0.48238062858582 -1.9438562393188 -0.71491503715515 0.15890049934387 -0.00049642845988274 1.6341036825906e-05
0.21370160579681 -0.48361158370972 -1.9416060447693 -0.71519923210144 0.13769459724426 -0.0013251714408398 -5.8433943195269e-06
0.19269692897797 -0.48531627655029 -1.9385480880737 -0.71542549133301 0.11711812019348 -0.0023460797965527 3.0911503472453e-06
0.17179763317108 -0.48714351654053 -1.9352810382843 -0.71572136878967 0.095507860183716 -0.0035512857139111 2.058162499452e-05
0.15084779262543 -0.48941445350647 -1.9312417507172 -0.71592211723328 0.074887037277222 -0.0051289014518261 0.00015880180581007
0.12995231151581 -0.49199223518372 -1.9266631603241 -0.71608257293701 0.054268598556519 -0.006715577095747 9.3444623416872e-06
0.10915267467499 -0.49477887153625 -1.9217455387115 -0.71635270118713 0.033104658126831 -0.008682768791914 0.0001061459624907
0.08838164806366 -0.49796032905579 -1.9161326885223 -0.7164421081543 0.012941598892212 -0.010986369103193 -2.5319682208647e-06
0.067715048789978 -0.50132656097412 -1.9101974964142 -0.71658205986023 -0.0081171989440918 -0.013531964272261 -1.9742063159356e-05
0.047136664390564 -0.50515127182007 -1.9037857055664 -0.71666765213013 -0.029007911682129 -0.016042273491621 4.0238031942863e-05
0.026745200157166 -0.50920867919922 -1.8967549800873 -0.71692037582397 -0.049472332000732 -0.018752139061689 0.00010554784967098
0.0064448118209839 -0.51363492012024 -1.8890697956085 -0.71736192703247 -0.06943941116333 -0.021436732262373 3.6067573091714e-05
-0.013734221458435 -0.51825571060181 -1.8811187744141 -0.71871447563171 -0.090713262557983 -0.02351812645793 6.4377469243482e-05
-0.033734679222107 -0.52353262901306 -1.8719820976257 -0.72123646736145 -0.11088132858276 -0.024817984551191 6.728277367074e-05
-0.053532719612122 -0.52916431427002 -1.8621680736542 -0.7248854637146 -0.13072681427002 -0.025461714714766 -1.4616129192291e-05
-0.073145747184753 -0.53516006469727 -1.851503610611 -0.72966051101685 -0.1502673625946 -0.025282185524702 2.4028327061387e-06
-0.092553973197937 -0.54156613349915 -1.8400712013245 -0.73567271232605 -0.16957116127014 -0.024247210472822 2.1867861505598e-05
-0.11172330379486 -0.54823184013367 -1.8279838562012 -0.7428240776062 -0.18875527381897 -0.022593062371016 -3.0868603062117e-05
-0.13071978092194 -0.5553240776062 -1.8150629997253 -0.75072336196899 -0.20764350891113 -0.020448964089155 7.1620583184995e-05
-0.14946138858795 -0.56266045570374 -1.8016090393066 -0.75926113128662 -0.22648024559021 -0.018046658486128 -2.4735467377468e-05
-0.16795361042023 -0.57027006149292 -1.7876482009888 -0.76793098449707 -0.2450065612793 -0.015560906380415 1.8261011064169e-05
-0.18625700473785 -0.57802581787109 -1.7732825279236 -0.77670836448669 -0.26373815536499 -0.013556282967329 6.2658175011165e-05
-0.20425927639008 -0.58618330955505 -1.7583348751068 -0.7853479385376 -0.28143692016602 -0.011780302971601 2.9360204280238e-05
-0.22203004360199 -0.59448480606079 -1.7428705692291 -0.79399275779724 -0.29901790618896 -0.010180991142988 5.1467682169459e-06
