2.4075792026679e-08 -1.9451633193057e-08 0.91483902931213
-4.8012219622251e-07 -2.5842237505458e-07 0.91483873128891
-3.875370566675e-07 -2.1238048475425e-07 0.9148388504982
5.2821729212837e-08 -1.4515583757202e-07 0.91483920812607
1.5646324413865e-07 -4.9934566703769e-08 0.91483932733536
5.2479566647889e-07 -3.3917419273166e-07 0.91483926773071
2.8330654799902e-07 -2.6754810278362e-07 0.91483944654465
1.6207820863201e-07 -2.598220589789e-07 0.91483944654465
4.8983736178343e-07 -4.1957815710703e-07 0.91483950614929
7.0745954872109e-07 -8.0763783216753e-07 0.91483950614929
5.1346745522096e-07 -9.8949465154874e-07 0.91483962535858
1.156859866569e-06 -1.3404429637376e-06 0.91483968496323
1.3224190524852e-06 -1.8141397504223e-06 0.91483968496323
1.1789453537858e-06 -1.6953108570306e-06 0.91483992338181
1.0857319239221e-06 -1.7803046148401e-06 0.91483992338181
1.1842273579532e-06 -1.5276692693078e-06 0.91483992338181
1.3669018699147e-06 -1.4364138678502e-06 0.91483998298645
1.4431386716751e-06 -1.3336178881218e-06 0.91483998298645
8.3993489852219e-07 -1.2467560281948e-06 0.91483998298645
6.9053925244589e-07 -9.3774718834538e-07 0.91484010219574
5.1319142357897e-07 -8.1062432855106e-07 0.91484010219574
6.3790128024266e-07 -6.1420882957464e-07 0.91483992338181
6.0726142692147e-07 -6.7844263185179e-07 0.91483998298645
5.3602667549058e-07 -6.6260503217563e-07 0.91483980417252
8.196548151318e-07 -5.2546647566487e-07 0.91483986377716
8.5248109371605e-07 -1.4457313568528e-07 0.91483998298645
4.1047445620279e-07 -1.7113484318543e-07 0.91484010219574
7.670051900277e-07 -3.0006114570824e-07 0.91484004259109
7.7812507015551e-07 -4.1905448711077e-07 0.91483992338181
8.2160380543428e-07 -3.9394279838234e-07 0.91483992338181
9.715133728605e-07 -4.712696295428e-07 0.91483986377716
1.1768992180805e-06 -8.687984518474e-07 0.91483998298645
1.1388725624784e-06 -9.1522775846897e-07 0.91484010219574
1.6230820847341e-06 -1.5604745158271e-06 0.91483998298645
1.5287920405171e-06 -1.6152072248588e-06 0.91484004259109
1.586293251421e-06 -1.6248415022346e-06 0.91484040021896
1.5922784086797e-06 -1.4165302673064e-06 0.9148405790329
1.4375771115738e-06 -1.3374317404669e-06 0.9148405790329
1.0937681054202e-06 -1.2618374967133e-06 0.91484069824219
1.0668497907318e-06 -1.5962851875884e-06 0.91484075784683
1.1633740086836e-06 -1.5177423620116e-06 0.91484081745148
1.5750554211991e-06 -1.708421677904e-06 0.91484081745148
1.369330561829e-06 -1.8342014982409e-06 0.91484093666077
1.0109037020811e-06 -1.6334364545401e-06 0.91484087705612
1.1947122402489e-06 -1.8381446125204e-06 0.91484087705612
9.4734775757388e-07 -1.6466100305479e-06 0.91484099626541
1.0192238732998e-06 -1.2418976211848e-06 0.91484099626541
-0.0093219885602593 -0.00020580524869729 0.91487789154053
-0.018968211486936 -0.00042431661859155 0.91492110490799
-0.028593741357327 -0.00073790980968624 0.91502892971039
-0.038229074329138 -0.0010287123732269 0.9151628613472
-0.047835912555456 -0.0013539982028306 0.91528433561325
-0.057506572455168 -0.001630250713788 0.91537803411484
-0.067167386412621 -0.001645041978918 0.91516554355621
-0.076785393059254 -0.0019264724105597 0.91519892215729
-0.086411312222481 -0.0021774512715638 0.91521084308624
-0.096065551042557 -0.002394113689661 0.91521388292313
-0.10569902509451 -0.0026009739376605 0.91522598266602
-0.11534021794796 -0.0028685065917671 0.9152467250824
-0.12495922297239 -0.0031435873825103 0.91527384519577
-0.13460732996464 -0.0033228865358979 0.91526681184769
-0.14421309530735 -0.0036304511595517 0.91530168056488
-0.15386410057545 -0.0038110511377454 0.91527861356735
-0.16350707411766 -0.0040860488079488 0.91528075933456
-0.17315283417702 -0.0044082319363952 0.91529387235641
-0.18280752003193 -0.0047018597833812 0.9152592420578
-0.19243216514587 -0.0049965884536505 0.91519975662231
-0.20207363367081 -0.0053454488515854 0.9151765704155
-0.21170465648174 -0.0056869620457292 0.91514551639557
-0.22135564684868 -0.0060859615914524 0.91513121128082
-0.2309899777174 -0.0064441803842783 0.91509222984314
-0.24069353938103 -0.0069546778686345 0.91526049375534
-0.25044390559196 -0.0073863524012268 0.91541963815689
-0.2601945400238 -0.0078459149226546 0.91560572385788
-0.26997947692871 -0.0082638626918197 0.91572576761246
-0.27987605333328 -0.0085927965119481 0.91577649116516
-0.28963643312454 -0.0090659810230136 0.91579270362854
-0.29948970675468 -0.0094966143369675 0.9158793091774
-0.30923512578011 -0.0099679017439485 0.91585057973862
-0.31909963488579 -0.010480183176696 0.91581225395203
-0.32895493507385 -0.0108592659235 0.91577786207199
-0.33870956301689 -0.011289520189166 0.91584259271622
