0.0026762308552861 0.051279619336128 1.294939994812 0.0014633851824328 -2.4929333449109e-05 3.0594654083252 1.6538751879125e-05
0.009543351829052 0.048376530408859 1.2851663827896 0.0015097515424713 -0.00020189245697111 3.0115311145782 7.1603772084927e-06
0.016404025256634 0.045476973056793 1.2753939628601 0.0015016025863588 -0.0003067254438065 2.9631669521332 8.8983557361644e-05
0.023288309574127 0.042567640542984 1.2656208276749 0.0013194291386753 -0.00029313791310415 2.9153635501862 3.6457899113884e-05
0.030132964253426 0.039657831192017 1.2558281421661 0.0014919977402315 -0.00052845606114715 2.8667976856232 2.458691233187e-05
0.036969400942326 0.036762490868568 1.2460715770721 0.0013256669044495 -0.00071237713564187 2.8186891078949 -4.0260252717417e-05
0.043876007199287 0.03383994102478 1.2362736463547 0.0014828601852059 -0.00066260801395401 2.7711586952209 2.1054158423794e-05
0.050710365176201 0.030941113829613 1.2264964580536 0.0015718593494967 -0.00082305172691122 2.7222368717194 4.3769869080279e-06
0.057536087930202 0.028022035956383 1.2167158126831 0.0015886712353677 -0.0009982013143599 2.6740307807922 1.9408860680414e-05
0.064382806420326 0.025114461779594 1.2069441080093 0.0016537067713216 -0.0011932147899643 2.6249487400055 6.2942926888354e-05
0.071268439292908 0.022215202450752 1.1971652507782 0.0017016070196405 -0.0012919397559017 2.5777916908264 3.9064543670975e-05
0.07814747095108 0.019293606281281 1.1873788833618 0.001787944114767 -0.0014739719917998 2.5297062397003 5.0340971938567e-05
0.084998846054077 0.016392707824707 1.1775976419449 0.0018289025174454 -0.0016555062029511 2.4811606407166 -1.0303328963346e-05
0.091864734888077 0.013467043638229 1.1678042411804 0.0018706365954131 -0.0019044568762183 2.4326596260071 1.7709759049467e-05
0.098711609840393 0.010577648878098 1.1580410003662 0.0018625498050824 -0.0020017107017338 2.3846423625946 8.0783604062162e-05
0.1055701225996 0.007664829492569 1.1482598781586 0.0018067160854116 -0.0019810260273516 2.3369674682617 4.9371146815247e-06
0.11241449415684 0.0047509744763374 1.1384627819061 0.0017287130467594 -0.0019509823760018 2.2885568141937 -1.6199648598558e-05
0.11928288638592 0.0018657892942429 1.1286939382553 0.0015306016430259 -0.001759109320119 2.2407989501953 9.7906886367127e-05
0.1261579990387 -0.0010706707835197 1.1189314126968 0.00089219631627202 -0.0010626029688865 2.193067073822 4.7752673708601e-06
0.13300776481628 -0.0039532035589218 1.109145283699 4.9373556976207e-06 0.00018175889272243 2.1447355747223 -1.1285064829281e-05
0.13983923196793 -0.0068873763084412 1.0993645191193 -0.0010313895763829 0.001722346409224 2.0963048934937 -2.714250513236e-05
0.14672555029392 -0.0098088905215263 1.0895894765854 -0.0018993481062353 0.0034047679509968 2.0490884780884 -1.0647905583028e-05
0.15358206629753 -0.012691125273705 1.0797870159149 -0.0024387435987592 0.0045096077956259 2.0004549026489 -5.6062308431137e-06
0.16042827069759 -0.015595450997353 1.0700330734253 -0.0021830764599144 0.0042175129055977 1.9523347616196 2.078061515931e-05
0.16728927195072 -0.018531261011958 1.0602124929428 -0.0014058040687814 0.0028405375778675 1.904433131218 1.1266624824202e-05
0.17414399981499 -0.021425910294056 1.0504592657089 -0.00064033723901957 0.0013175442581996 1.8562439680099 -4.4853409235657e-06
0.1810194849968 -0.024334777146578 1.0406873226166 -0.00023148632317316 0.00018582708435133 1.8088335990906 -6.2404760683421e-06
0.18786211311817 -0.027219261974096 1.0308611392975 0.00019306660396978 -0.00040523716597818 1.7602188587189 9.3263792223297e-05
0.19471761584282 -0.03014518506825 1.0211170911789 0.00021993798145559 -0.00074903963832185 1.7125159502029 -1.1268093658146e-05
0.20158177614212 -0.033047128468752 1.0113242864609 0.00043008400825784 -0.00074910401599482 1.664696931839 2.6582772989059e-05
0.20842581987381 -0.035948246717453 1.0015206336975 0.00040224639815278 -0.0008286249358207 1.616418838501 6.4567797153359e-07
0.21529206633568 -0.038877598941326 0.99174058437347 0.00039726795512252 -0.00086182926315814 1.5686250925064 3.2285825000145e-05
0.22216193377972 -0.041793823242188 0.98195910453796 0.0001681751164142 -0.00085606519132853 1.5210641622543 8.9530360128265e-05
0.22899925708771 -0.044677641242743 0.97218871116638 7.2382143116556e-05 -0.0010782065801322 1.4725878238678 -7.4363924795762e-06
0.23586128652096 -0.047588177025318 0.96235352754593 0.00014330593694467 -0.00093743664911017 1.4248269796371 3.8688256609021e-05
0.2427181750536 -0.050473898649216 0.95263743400574 -4.7802277549636e-05 -0.00096589553868398 1.3758931159973 7.6989199442323e-05
0.23738902807236 -0.049778133630753 0.94986093044281 0.00046092373668216 0.0015989087987691 1.3630670309067 0.00012201465870021
0.22777830064297 -0.047778367996216 0.9498707652092 0.00040256086504087 0.0016716184327379 1.3631730079651 -8.3188660937594e-06
0.21818590164185 -0.045758925378323 0.9499226808548 0.00036934041418135 0.0016259020194411 1.3629469871521 8.1934987974819e-05
0.20858237147331 -0.043750002980232 0.94989895820618 0.00051175197586417 0.001670086174272 1.3629987239838 4.1884024540195e-05
0.19897951185703 -0.041735783219337 0.94992530345917 0.00043265527347103 0.00171169557143 1.3630933761597 7.8989578469191e-05
0.18939496576786 -0.039736248552799 0.94990903139114 0.00048097257968038 0.0016629225574434 1.3633311986923 0.00010439823381603
0.17978812754154 -0.03770350664854 0.94993394613266 0.00026552643976174 0.0016475811135024 1.3630088567734 6.9540306867566e-05
0.17017540335655 -0.035691998898983 0.94991236925125 0.00030806494760327 0.0016121150692925 1.3628479242325 5.6881890486693e-05
0.16059535741806 -0.033675134181976 0.94991064071655 0.00053706206381321 0.001663034199737 1.3629670143127 2.4512995878467e-05
0.15098115801811 -0.031651392579079 0.94989067316055 0.00054683617781848 0.0015763039700687 1.362598657608 6.0519746512e-06
0.14139281213284 -0.029653947800398 0.94993585348129 0.00032249916694127 0.0015813249628991 1.3633495569229 2.3759481337038e-05
0.13178578019142 -0.027636520564556 0.94993251562119 0.00043494303827174 0.0016098017804325 1.3631131649017 1.879165210994e-05
0.12219831347466 -0.02562152966857 0.94992828369141 0.00061591877602041 0.0016124121611938 1.3624876737595 7.5824362284038e-05
0.11259806156158 -0.023626275360584 0.94992673397064 0.00023583274742123 0.0016739481361583 1.3632386922836 6.6004700784106e-05
0.10298971831799 -0.021605283021927 0.94990825653076 0.00037476400029846 0.0016126681584865 1.3629695177078 2.7071013391833e-05
0.093385867774487 -0.019570112228394 0.94991588592529 0.00054189667571336 0.0015317052602768 1.3626841306686 -1.4330680642161e-05
0.083822764456272 -0.017586290836334 0.94996190071106 0.00050218909746036 0.0015906901098788 1.3627043962479 -2.9358096071519e-05
0.074231088161469 -0.015563428401947 0.94994175434113 0.00039861156255938 0.0014514385256916 1.3632776737213 8.5293075244408e-05
0.064626187086105 -0.013550888746977 0.94997435808182 0.00038866631803103 0.0016062844078988 1.3624147176743 4.8947863433568e-06
0.055036835372448 -0.011546581983566 0.94995367527008 0.00046638035564683 0.0015201637288556 1.3625551462173 1.3683767065231e-05
0.045417588204145 -0.0095411203801632 0.94995975494385 0.00033755030017346 0.0013976346235722 1.3624948263168 1.5841751519474e-05
0.035821206867695 -0.0075176171958447 0.94996750354767 0.00030131565290503 0.0014327028766274 1.3625859022141 1.1885489584529e-05
0.026233483105898 -0.0054916329681873 0.94995927810669 0.00041320890886709 0.0013122459640726 1.3629941940308 4.3525964429136e-05
0.016621541231871 -0.0034849047660828 0.94996201992035 0.00029582498245873 0.0013215725775808 1.3631222248077 3.2014824682847e-05
0.0070241764187813 -0.0014800541102886 0.94996678829193 0.00030576789868064 0.0013004787033424 1.3624536991119 6.5415397330071e-06
-0.0025717206299305 0.00054127909243107 0.94994509220123 0.00044501954107545 0.0012169727124274 1.3627169132233 5.2774583309656e-05
-0.012159258127213 0.0025379788130522 0.94997501373291 0.00030370763852261 0.0012056409614161 1.3624286651611 8.070062904153e-05
-0.021791581064463 0.0045853778719902 0.94996750354767 0.00025928480317816 0.0011630927911028 1.3620227575302 -2.1745765479864e-05
-0.031342849135399 0.0065661482512951 0.94997888803482 0.00016761482402217 0.0011001294478774 1.3629717826843 3.5064356779912e-05
-0.040951684117317 0.0085737109184265 0.94998514652252 0.00026577056269161 0.0011816393816844 1.3624294996262 -3.130204640911e-05
-0.050538569688797 0.010582644492388 0.94997042417526 7.6337491918821e-05 0.00099578313529491 1.3631585836411 0.0001257355324924
-0.060130171477795 0.012598544359207 0.9499773979187 0.00021938564896118 0.00097729521803558 1.3634785413742 4.5098928239895e-05
-0.069768458604813 0.014609796926379 0.94996309280396 0.0002960356650874 0.00096828042296693 1.3627990484238 -1.6197849618038e-05
-0.079348340630531 0.016619887202978 0.94997680187225 8.2947946793865e-05 0.00067079678410664 1.3628981113434 1.7919399397215e-05
-0.088967949151993 0.018631882965565 0.94996976852417 0.00014367775293067 0.00070294638862833 1.3631362915039 -2.016589496634e-05
-0.098583109676838 0.02067207172513 0.9499517083168 0.00027130910893902 0.00059135828632861 1.3621309995651 6.9214409450069e-05
-0.10813852399588 0.022660031914711 0.9499626159668 0.00035156580270268 0.00052052061073482 1.3629065752029 2.5719213226694e-05
-0.11774160712957 0.0247219838202 0.94997310638428 7.6512682426255e-05 0.00037390214856714 1.362661242485 -2.411488458165e-05
-0.12736923992634 0.026723023504019 0.94996732473373 0.00027843867428601 0.00037656421773136 1.362133026123 0.00011891411850229
-0.13695174455643 0.028712764382362 0.94994211196899 0.00017971680790652 0.00010468869731994 1.3633714914322 5.4872296459507e-05
-0.14657025039196 0.030751515179873 0.94995939731598 6.6700464230962e-05 2.7136080461787e-05 1.3623428344727 7.1580754593015e-05
-0.15614676475525 0.032741159200668 0.94994711875916 0.00017540229600854 -1.1263175110798e-05 1.3633935451508 0.00014606289914809
-0.16573910415173 0.034746386110783 0.94996267557144 4.4729134970112e-05 -0.000130623797304 1.3623094558716 0.0001072850136552
-0.17534293234348 0.036746025085449 0.94995164871216 -0.00012943860201631 -0.00024402454437222 1.362310051918 -6.9521556724794e-05
-0.18496024608612 0.038800805807114 0.94994908571243 -3.2532700515731e-06 -0.00034134066663682 1.3625460863113 -1.4340781717692e-07
-0.19456297159195 0.040819212794304 0.94996535778046 -8.351950236829e-05 -0.00045991319348104 1.3625968694687 3.1088125979295e-05
-0.20414587855339 0.042800903320312 0.94996845722198 -0.00011607744090725 -0.00047246032045223 1.3630564212799 8.5562998719979e-05
-0.2137493789196 0.044822029769421 0.94994580745697 -0.00010098134953296 -0.00035803660284728 1.362541437149 7.7398952271324e-05
-0.22335660457611 0.046826273202896 0.94993883371353 -0.00016680413682479 -0.00030042667640373 1.3624446392059 5.2572526328731e-05
-0.23293261229992 0.048868555575609 0.94992899894714 0.00010418973397464 -4.9974987632595e-06 1.3625526428223 0.00010998728976119
-0.2425209581852 0.050847515463829 0.94991815090179 0.00012607853568625 0.00012804102152586 1.3628756999969 2.3553295250167e-05
