0.077635377645493 0.23816534876823 -1.7767226696014 -1.6044039726257 -1.4110758304596 0.00022502592764795 1.6538751879125e-05
0.12023743987083 0.23835656046867 -1.8017919063568 -1.5796484947205 -1.320464849472 0.00042768171988428 7.1603772084927e-06
0.16183242201805 0.23574778437614 -1.8247811794281 -1.5540688037872 -1.2305748462677 0.00056405714713037 8.8983557361644e-05
0.20196780562401 0.23029801249504 -1.8456273078918 -1.5277576446533 -1.1424617767334 0.00071378401480615 3.6457899113884e-05
0.24056825041771 0.2219485938549 -1.8642868995667 -1.5009334087372 -1.0555994510651 0.00095124891959131 2.458691233187e-05
0.27729567885399 0.21073147654533 -1.8806900978088 -1.4734208583832 -0.97057604789734 0.0012521331664175 -4.0260252717417e-05
0.31202992796898 0.19672581553459 -1.8948678970337 -1.4454851150513 -0.88783383369446 0.0014719550963491 2.1054158423794e-05
0.34468898177147 0.18002745509148 -1.906720161438 -1.41725730896 -0.80682253837585 0.0017513816710562 4.3769869080279e-06
0.37516078352928 0.16072890162468 -1.9163243770599 -1.3887386322021 -0.72808241844177 0.0023111884947866 1.9408860680414e-05
0.4035402238369 0.13895937800407 -1.9235126972198 -1.3603179454803 -0.65113663673401 0.0028132980223745 6.2942926888354e-05
0.42964896559715 0.11505600810051 -1.9285442829132 -1.331939458847 -0.57708930969238 0.0034513061400503 3.9064543670975e-05
0.45364388823509 0.089002579450607 -1.931215763092 -1.3040294647217 -0.5051155090332 0.0042633600533009 5.0340971938567e-05
0.4756051003933 0.061041802167892 -1.9315321445465 -1.2768247127533 -0.43484902381897 0.005411583930254 -1.0303328963346e-05
0.49564704298973 0.031308621168137 -1.9295899868011 -1.2504048347473 -0.36654138565063 0.0068358965218067 1.7709759049467e-05
0.51377356052399 0.00018736720085144 -1.9254238605499 -1.225284576416 -0.30038189888 0.0087322778999805 8.0783604062162e-05
0.53013384342194 -0.032443076372147 -1.9188933372498 -1.2017183303833 -0.23580288887024 0.011282879859209 4.9371146815247e-06
0.54481661319733 -0.066250592470169 -1.9102244377136 -1.1799809932709 -0.17330813407898 0.014609295874834 -1.6199648598558e-05
0.55800688266754 -0.1012080013752 -1.8992471694946 -1.1603207588196 -0.11188220977783 0.019010979682207 9.7906886367127e-05
0.56975615024567 -0.13692691922188 -1.8862850666046 -1.1426231861115 -0.052387952804565 0.024154145270586 4.7752673708601e-06
0.58017933368683 -0.17343166470528 -1.8714172840118 -1.1262793540955 0.006385326385498 0.02948709204793 -1.1285064829281e-05
0.58934366703033 -0.21005538105965 -1.8551454544067 -1.109778881073 0.063549041748047 0.033360440284014 -2.714250513236e-05
0.59738266468048 -0.24623158574104 -1.8380074501038 -1.0912058353424 0.11956644058228 0.033812005072832 -1.0647905583028e-05
0.60439121723175 -0.28159382939339 -1.8203012943268 -1.0692100524902 0.17487287521362 0.02954288199544 -5.6062308431137e-06
0.61039650440216 -0.31595447659492 -1.8019638061523 -1.0448527336121 0.22896957397461 0.021175820380449 2.078061515931e-05
0.61553490161896 -0.35011914372444 -1.7824561595917 -1.0210099220276 0.28200483322144 0.011960942298174 1.1266624824202e-05
0.61987936496735 -0.38444116711617 -1.7610504627228 -1.0008652210236 0.33434820175171 0.0048050470650196 -4.4853409235657e-06
0.62349045276642 -0.41940334439278 -1.7377307415009 -0.9852991104126 0.38569021224976 0.00089212134480476 -6.2404760683421e-06
0.62635910511017 -0.45491102337837 -1.7124962806702 -0.97343301773071 0.43683671951294 -0.00079516693949699 9.3263792223297e-05
0.62862265110016 -0.49026826024055 -1.6859726905823 -0.96399617195129 0.4869532585144 -0.0012567453086376 -1.1268093658146e-05
0.63033831119537 -0.52563953399658 -1.6582825183868 -0.95628523826599 0.53659725189209 -0.0013676099479198 2.6582772989059e-05
0.63146412372589 -0.56092524528503 -1.6294348239899 -0.94987154006958 0.58591651916504 -0.0012700967490673 6.4567797153359e-07
0.63214123249054 -0.59580659866333 -1.5996882915497 -0.94474983215332 0.63472175598145 -0.0012407712638378 3.2285825000145e-05
0.63241446018219 -0.63050532341003 -1.5691163539886 -0.94071412086487 0.68286418914795 -0.001123946160078 8.9530360128265e-05
0.63224709033966 -0.66489386558533 -1.5377008914948 -0.93768048286438 0.73085641860962 -0.0011163167655468 -7.4363924795762e-06
0.6317812204361 -0.69918131828308 -1.505508184433 -0.93573188781738 0.77821254730225 -0.00099901482462883 3.8688256609021e-05
0.63093101978302 -0.73299217224121 -1.4724912643433 -0.93488454818726 0.82548379898071 -0.00092295929789543 7.6989199442323e-05
0.62236177921295 -0.73492455482483 -1.478723526001 -0.93026828765869 0.83028554916382 0.0015184469521046 0.00012201465870021
0.61116135120392 -0.72380495071411 -1.4999938011169 -0.92033815383911 0.81904792785645 0.0018050260841846 -8.3188660937594e-06
0.59971582889557 -0.71276640892029 -1.5207691192627 -0.9105486869812 0.80767011642456 0.0017911978065968 8.1934987974819e-05
0.58804094791412 -0.70217609405518 -1.5409495830536 -0.9011070728302 0.79586458206177 0.0018765516579151 4.1884024540195e-05
0.57607662677765 -0.69174575805664 -1.5605440139771 -0.89185953140259 0.78398036956787 0.0019242353737354 7.8989578469191e-05
0.56389343738556 -0.68171834945679 -1.5795474052429 -0.88292145729065 0.77167940139771 0.0018980093300343 0.00010439823381603
0.55140602588654 -0.67189264297485 -1.5980241298676 -0.87421131134033 0.75918006896973 0.0019371099770069 6.9540306867566e-05
0.53860247135162 -0.6624321937561 -1.6158344745636 -0.86581563949585 0.74673938751221 0.0018355436623096 5.6881890486693e-05
0.5256267786026 -0.6531994342804 -1.6331794261932 -0.8578155040741 0.73351955413818 0.0019356794655323 2.4512995878467e-05
0.51228535175323 -0.64435791969299 -1.6498141288757 -0.85019755363464 0.7203516960144 0.0020191259682178 6.0519746512e-06
0.49875795841217 -0.63547277450562 -1.6661417484283 -0.8424973487854 0.70657587051392 0.0019714422523975 2.3759481337038e-05
0.48485577106476 -0.6271288394928 -1.6817045211792 -0.83534812927246 0.69283485412598 0.00204773619771 1.879165210994e-05
0.47064507007599 -0.61926198005676 -1.6964507102966 -0.82883262634277 0.67907857894897 0.0021893568336964 7.5824362284038e-05
0.45627510547638 -0.61123299598694 -1.7112417221069 -0.82192420959473 0.66423368453979 0.0023099966347218 6.6004700784106e-05
0.44153845310211 -0.60375809669495 -1.7251780033112 -0.81554079055786 0.64955759048462 0.0022723264992237 2.7071013391833e-05
0.4265228509903 -0.59642672538757 -1.7385928630829 -0.80934190750122 0.63459444046021 0.0021974630653858 -1.4330680642161e-05
0.41115629673004 -0.5895631313324 -1.7512118816376 -0.80381417274475 0.61965227127075 0.0023209638893604 -2.9358096071519e-05
0.39566481113434 -0.58272171020508 -1.7637848854065 -0.79791235923767 0.6034779548645 0.0023204870522022 8.5293075244408e-05
0.37968027591705 -0.57647442817688 -1.7751750946045 -0.79296207427979 0.58838272094727 0.0025298185646534 4.8947863433568e-06
0.36357748508453 -0.57030892372131 -1.7864935398102 -0.78777980804443 0.57189035415649 0.0024201460182667 1.3683767065231e-05
0.3470960855484 -0.56444525718689 -1.7971065044403 -0.78288316726685 0.5554780960083 0.0024969168007374 1.5841751519474e-05
0.33042824268341 -0.55888080596924 -1.8072464466095 -0.77837944030762 0.53844356536865 0.0025169439613819 1.1885489584529e-05
0.31343472003937 -0.55363965034485 -1.8167409896851 -0.77408027648926 0.52146577835083 0.0024759359657764 4.3525964429136e-05
0.29615557193756 -0.54872965812683 -1.8256380558014 -0.77017784118652 0.50410842895508 0.0025646276772022 3.2014824682847e-05
0.27857267856598 -0.54421067237854 -1.8337807655334 -0.7665684223175 0.48688983917236 0.0026285238564014 6.5415397330071e-06
0.26069366931915 -0.54006028175354 -1.8413813114166 -0.76316165924072 0.46966934204102 0.0026604719460011 5.2774583309656e-05
0.24265205860138 -0.53607726097107 -1.8485081195831 -0.76007127761841 0.45166969299316 0.0027038641273975 8.070062904153e-05
0.22435772418976 -0.53231763839722 -1.855192899704 -0.75699234008789 0.43313121795654 0.0026332922279835 -2.1745765479864e-05
0.20596373081207 -0.5288827419281 -1.8613955974579 -0.75424885749817 0.41396903991699 0.0027825422585011 3.5064356779912e-05
0.18720304965973 -0.52595806121826 -1.8666687011719 -0.75201535224915 0.39534568786621 0.0027606077492237 -3.130204640911e-05
0.16820299625397 -0.52332830429077 -1.8713750839233 -0.7498505115509 0.37672710418701 0.0028025694191456 0.0001257355324924
0.1490865945816 -0.52090263366699 -1.8756830692291 -0.74805879592896 0.3571629524231 0.0028817243874073 4.5098928239895e-05
0.12962162494659 -0.51900768280029 -1.8790893554688 -0.74652528762817 0.33836030960083 0.0028192587196827 -1.6197849618038e-05
0.11011850833893 -0.51729273796082 -1.8820738792419 -0.7450544834137 0.31890773773193 0.0026943273842335 1.7919399397215e-05
0.090439438819885 -0.51579403877258 -1.8847024440765 -0.74385070800781 0.29858303070068 0.0026142187416553 -2.016589496634e-05
0.070541501045227 -0.51484489440918 -1.8864691257477 -0.74303007125854 0.27887010574341 0.0025450773537159 6.9214409450069e-05
0.050621628761292 -0.51413869857788 -1.8876857757568 -0.74234223365784 0.25882005691528 0.002320010215044 2.5719213226694e-05
0.030473828315735 -0.51372146606445 -1.8883171081543 -0.74180483818054 0.23900604248047 0.0021473951637745 -2.411488458165e-05
0.010233521461487 -0.51376032829285 -1.8882129192352 -0.74153113365173 0.21900081634521 0.0017797537147999 0.00011891411850229
-0.010063529014587 -0.51404619216919 -1.8877093791962 -0.74136877059937 0.19863986968994 0.0013858862221241 5.4872296459507e-05
-0.030398964881897 -0.51456737518311 -1.8866658210754 -0.74139499664307 0.17811059951782 0.00094958022236824 7.1580754593015e-05
-0.050780415534973 -0.51543521881104 -1.8850934505463 -0.7415771484375 0.15722179412842 0.00036545470356941 0.00014606289914809
-0.07118546962738 -0.51669812202454 -1.8826932907104 -0.74174737930298 0.1373348236084 -0.00046662613749504 0.0001072850136552
-0.091660857200623 -0.51827812194824 -1.8798506259918 -0.74198627471924 0.11710214614868 -0.0014443807303905 -6.9521556724794e-05
-0.11215245723724 -0.52005577087402 -1.8766317367554 -0.74230647087097 0.096237659454346 -0.0026441030204296 -1.4340781717692e-07
-0.13266479969025 -0.52224802970886 -1.8725981712341 -0.74256825447083 0.076230525970459 -0.004147332161665 3.1088125979295e-05
-0.15299880504608 -0.52458500862122 -1.8684041500092 -0.74290704727173 0.05518102645874 -0.0057292394340038 8.5562998719979e-05
-0.17337191104889 -0.52743196487427 -1.8634233474731 -0.74310612678528 0.03508472442627 -0.0076425485312939 7.7398952271324e-05
-0.19368636608124 -0.53052544593811 -1.8578917980194 -0.74326491355896 0.015084266662598 -0.0097706727683544 5.2572526328731e-05
-0.2138580083847 -0.53378582000732 -1.8521702289581 -0.74353575706482 -0.0056939125061035 -0.012229721993208 0.00010998728976119
-0.23392713069916 -0.53746891021729 -1.845686674118 -0.74369263648987 -0.025791168212891 -0.014847081154585 2.3553295250167e-05
