-2.3601000975759e-07 1.0656599158665e-07 0.91483891010284
-2.6386459239802e-07 -3.7771279437493e-09 0.9148388504982
1.2841985608247e-07 -3.0722979715847e-08 0.91483914852142
3.2416096473753e-07 3.118505560451e-07 0.91483932733536
-7.6126767112328e-09 5.1282192714552e-08 0.91483908891678
1.2260539961062e-07 -2.9888602171013e-07 0.91483891010284
3.2681808193047e-07 -3.2417057127532e-07 0.91483896970749
4.3230116375526e-07 -8.5418790263248e-08 0.91483920812607
3.6284959037403e-07 1.3043120361544e-07 0.91483914852142
4.2147249246227e-07 2.537723844398e-07 0.91483908891678
1.5549291276784e-07 3.9746396396367e-07 0.91483896970749
2.2393070508997e-08 4.6615048177046e-07 0.91483914852142
2.3303215357373e-08 5.6042671303658e-07 0.91483938694
-2.6705248501457e-07 7.2620787250344e-07 0.91483956575394
-1.7367815985381e-07 6.9632085342164e-07 0.91483968496323
2.6712876888269e-07 8.0458380580239e-07 0.91483998298645
3.6538895642479e-07 5.4782736924608e-07 0.91483998298645
1.4397298286895e-07 8.776434583524e-07 0.91483998298645
3.152779015636e-07 9.9941348707944e-07 0.91483986377716
1.4205218690222e-07 1.1228006542296e-06 0.91483956575394
-1.5779972883934e-08 9.5095396090983e-07 0.91483962535858
-2.2600173110732e-07 1.4883100902807e-06 0.91483974456787
1.8246146282763e-07 1.3864375887351e-06 0.91483968496323
-1.4041191320757e-07 9.6499104529357e-07 0.91483974456787
-1.1271939115431e-07 7.6235500046096e-07 0.91483980417252
-2.0800098354812e-07 7.9505372241329e-07 0.91483986377716
-5.745445150751e-07 1.3789060631098e-06 0.91483992338181
-1.7791751361074e-07 1.2269089211259e-06 0.91483974456787
2.6469652425476e-07 1.0852963896468e-06 0.91483992338181
2.9804138534928e-07 9.4377696768788e-07 0.91483998298645
2.4025121092563e-07 1.1688190397763e-06 0.91484004259109
6.5958391815002e-07 1.2218467873026e-06 0.91483998298645
8.8030475353662e-08 1.1345260872986e-06 0.91484010219574
-1.1842125502426e-07 5.8184485851598e-07 0.91484004259109
-2.9440559501381e-07 5.1100119691228e-09 0.91484010219574
-1.5973895983734e-07 2.6712967837739e-07 0.91484010219574
-4.0828484770827e-07 2.3387505621031e-07 0.91484034061432
9.1561126680517e-08 4.300563034576e-07 0.91484028100967
3.5828796285386e-07 -2.1679090522753e-08 0.91484010219574
5.3026443680437e-08 -1.2501109836194e-07 0.91484022140503
-1.5503939465589e-08 -5.2990662879893e-07 0.91484040021896
3.5428769251666e-07 -4.3473167465891e-07 0.91484016180038
2.1325470811462e-07 -5.5600418136237e-07 0.91484040021896
1.8765194909065e-07 -7.6786130875917e-07 0.91484040021896
2.3571961094149e-07 -6.9466847207877e-07 0.91484016180038
3.568420368083e-07 -5.6886813126766e-07 0.91484022140503
3.3094065088335e-07 -9.9322669200319e-08 0.91484034061432
-1.8793826939145e-07 -6.5358754852696e-08 0.91484040021896
-3.5980789903078e-07 2.7858402518177e-07 0.91484022140503
-9.738970163653e-08 1.3904836748679e-07 0.91484045982361
-1.0806178352141e-07 1.402224256708e-07 0.91484063863754
-1.1018826739928e-08 -1.7539289842716e-07 0.91484087705612
-0.0036050979979336 0.00035802606726065 0.91484647989273
-0.013439217582345 0.0012655979953706 0.91486531496048
-0.023266049101949 0.0022690009791404 0.91493904590607
-0.033053852617741 0.0032628928311169 0.91505897045135
-0.042861998081207 0.004291879478842 0.915218770504
-0.052680317312479 0.0053239981643856 0.91525757312775
-0.062519654631615 0.0062590269371867 0.91524600982666
-0.072345577180386 0.007177438121289 0.91513460874557
-0.082178175449371 0.0081728491932154 0.91509413719177
-0.091969698667526 0.0091719226911664 0.91491407155991
-0.10180160403252 0.010098752565682 0.91498535871506
-0.11203822493553 0.011182233691216 0.91528409719467
-0.12144958227873 0.013036059215665 0.91535329818726
-0.1311963647604 0.01497701741755 0.91548764705658
-0.14076043665409 0.017100967466831 0.91558176279068
-0.1502380669117 0.019238499924541 0.91568011045456
-0.16003552079201 0.021177608519793 0.91576164960861
-0.16970378160477 0.023080945014954 0.91584503650665
-0.17908626794815 0.02531299367547 0.91586738824844
-0.18870773911476 0.027337109670043 0.91593879461288
-0.19831424951553 0.029283476993442 0.91595107316971
-0.20803171396255 0.031261790543795 0.91598862409592
-0.21752558648586 0.033393912017345 0.91600930690765
-0.22707825899124 0.035407140851021 0.91603249311447
-0.23667871952057 0.037431985139847 0.9160168170929
-0.24621784687042 0.039433095604181 0.91602891683578
-0.25580695271492 0.041454870253801 0.91604685783386
-0.26546639204025 0.043476242572069 0.91605854034424
-0.2750638127327 0.045465175062418 0.91605848073959
-0.28469741344452 0.047502893954515 0.91606020927429
-0.29420927166939 0.049494229257107 0.91607022285461
-0.30414107441902 0.051230646669865 0.91608101129532
-0.31341633200645 0.053577892482281 0.91605269908905
-0.32305109500885 0.0555355027318 0.91604900360107
-0.33260026574135 0.057568594813347 0.91604697704315
