0.0053517073392868 0.054391413927078 1.291635632515 0.0017314513679594 -8.2241000200156e-05 3.0603530406952 5.5659023928456e-05
0.013602897524834 0.053158730268478 1.280038356781 0.001645568292588 -0.00024324006517418 3.0123109817505 2.1695492250728e-05
0.021879568696022 0.051914602518082 1.2684414386749 0.0016830787062645 -0.00039398821536452 2.9641461372375 2.3211581719806e-05
0.030137460678816 0.050684496760368 1.2568590641022 0.0017804749077186 -0.00061853748047724 2.9156019687653 4.4467160478234e-05
0.038419835269451 0.049430146813393 1.2452560663223 0.0018533429829404 -0.00065675616497174 2.8671138286591 4.7445129894186e-05
0.046689108014107 0.048203930258751 1.2336630821228 0.0018515017582104 -0.00085144478362054 2.8187701702118 9.0161542175338e-05
0.054977506399155 0.046958014369011 1.2220733165741 0.0019381074234843 -0.00098636525217444 2.7708578109741 -7.2925877248053e-06
0.06326899677515 0.045715495944023 1.2104830741882 0.0020430365111679 -0.001212689676322 2.7226359844208 -9.3083472165745e-06
0.071532413363457 0.044482931494713 1.1988861560822 0.0022352740634233 -0.0013482122449204 2.6743950843811 -2.2096375687397e-05
0.07983011007309 0.043246656656265 1.1873035430908 0.0022921664640307 -0.0016956940526143 2.626158952713 -4.6733002818655e-06
0.088110446929932 0.042008921504021 1.1757019758224 0.0024802864063531 -0.0017922213301063 2.57759141922 4.5127293560654e-05
0.096374660730362 0.040776878595352 1.1641155481339 0.0026475472841412 -0.0021342462860048 2.5294647216797 2.5008761440404e-05
0.10466377437115 0.039518594741821 1.1525111198425 0.0028284965083003 -0.0023833909071982 2.4809775352478 -8.0441702721146e-07
0.1129398047924 0.038291111588478 1.1409342288971 0.0029384416993707 -0.0025677615776658 2.4333953857422 0.00015819325926714
0.12121473252773 0.037073060870171 1.1293581724167 0.0027722690720111 -0.0027657970786095 2.3851914405823 3.58171746484e-05
0.12948259711266 0.035816177725792 1.117756485939 0.0024366243742406 -0.0025603887625039 2.3363027572632 -2.1458561150212e-06
0.13777829706669 0.034580826759338 1.1061633825302 0.0018015628447756 -0.0018431619973853 2.2887301445007 -2.1400690002338e-06
0.14604109525681 0.033357731997967 1.0945727825165 0.00047977708163671 -0.00022775262186769 2.2410361766815 0.00013386394130066
0.15433330833912 0.032112680375576 1.0829651355743 -0.0014443973777816 0.0022639562375844 2.1930208206177 9.4506664026994e-05
0.16261604428291 0.030878826975822 1.0714070796967 -0.0037025238852948 0.0051113897934556 2.1452560424805 4.4190470362082e-05
0.17088553309441 0.029642924666405 1.0597839355469 -0.004873220808804 0.0072863064706326 2.0970554351807 3.5691791708814e-05
0.17915326356888 0.028398059308529 1.0482003688812 -0.0047640833072364 0.0072531742043793 2.0485897064209 0.0001172206539195
0.18744041025639 0.027150332927704 1.0366139411926 -0.0034735691733658 0.0053243832662702 2.0005135536194 2.6511279429542e-05
0.19571851193905 0.025917731225491 1.0250096321106 -0.0018196216551587 0.0029764268547297 1.9523726701736 1.2623358998098e-05
0.20398764312267 0.02467630058527 1.0134218931198 -0.00065568287391216 0.0012467160122469 1.9042729139328 -2.1362959159887e-05
0.21226762235165 0.02344361692667 1.0018116235733 -0.00020201472216286 0.00040306893060915 1.8562595844269 -7.3330479608558e-06
0.22054094076157 0.022207759320736 0.9902281165123 0.00017823235248215 -0.00012444407911971 1.8078641891479 3.3704294764902e-05
0.22881604731083 0.020976580679417 0.97863703966141 0.00011057403025916 -0.00039328841376118 1.7594465017319 -1.6351468730136e-05
0.23711639642715 0.019712753593922 0.96702986955643 0.00016208112356253 -0.00044880452333018 1.7130762338638 3.2242576708086e-05
0.24539664387703 0.018472760915756 0.95544099807739 0.00038631091592833 -0.00051474967040122 1.6649385690689 -2.5423576516914e-05
0.24382795393467 0.017468659207225 0.94991320371628 0.0003714443591889 0.00094754772726446 1.6420232057571 1.1508154784678e-05
0.23422469198704 0.016815887764096 0.94994759559631 -7.1993767051026e-05 0.0015967052895576 1.6413470506668 -2.133020416295e-06
0.2246173620224 0.01611659489572 0.94992035627365 0.00017469470913056 0.0016924868104979 1.6401674747467 7.8276725616888e-06
0.21502910554409 0.015426497906446 0.94995224475861 -5.7536608437658e-06 0.0016952879959717 1.6415872573853 5.0791250032489e-06
0.20541688799858 0.014762526378036 0.94993412494659 -1.8126935174223e-05 0.0015728261787444 1.640687584877 3.6170778912492e-05
0.19582366943359 0.014065891504288 0.94994246959686 -0.0001160983229056 0.0014176046242937 1.6412087678909 -2.7414127998782e-06
0.18623629212379 0.013341343030334 0.94991970062256 0.00017227351781912 0.0015237189363688 1.6409608125687 7.5464733527042e-05
0.1766262948513 0.012653796002269 0.94995981454849 1.5755724234623e-05 0.0014767599059269 1.6418993473053 3.8160828808032e-06
0.16702301800251 0.01200426928699 0.94993591308594 1.5154087122937e-05 0.0013272560900077 1.6412855386734 7.2419345087837e-05
0.15743292868137 0.011299792677164 0.94994240999222 0.00010629061580403 0.0014189034700394 1.6412478685379 6.3701577346365e-06
0.14784173667431 0.010587226599455 0.94994354248047 0.00012139535101596 0.0014399464707822 1.641909122467 1.4748515241081e-05
0.13822883367538 0.0099239032715559 0.94993901252747 0.0001167034934042 0.001329026883468 1.640814781189 3.0892264476279e-05
0.12861521542072 0.0092380810528994 0.94994938373566 0.0001303536555497 0.0012293459149078 1.640340089798 1.512484777777e-05
0.11903633922338 0.0085421316325665 0.94995486736298 0.00019710556080099 0.0012726653367281 1.6414350271225 3.0435307053267e-05
0.10942213237286 0.0078581254929304 0.9499260187149 3.736183498404e-05 0.0012176950694993 1.64080119133 -1.3522843801184e-05
0.09982793033123 0.0072027798742056 0.94994062185287 0.00016264406440314 0.0010798395378515 1.640861749649 -1.9819715362246e-06
0.090234965085983 0.0064747221767902 0.94994002580643 0.00014388795534614 0.0009865346364677 1.6414016485214 -1.5919815268717e-05
0.080659069120884 0.0057711433619261 0.94997620582581 4.0808274206938e-05 0.00099525065161288 1.6413934230804 5.9653728385456e-05
0.071055769920349 0.0050895139575005 0.94997096061707 0.00016081253124867 0.00089359388221055 1.6409765481949 7.3304225225002e-05
0.061451949179173 0.0044048000127077 0.94996446371078 0.00011932435154449 0.00085260823834687 1.6413620710373 3.343864591443e-05
0.051852468401194 0.0037391586229205 0.94997078180313 4.3999036279274e-05 0.0007290790672414 1.6413027048111 9.9256227258593e-05
0.042247280478477 0.0030409703031182 0.94996690750122 0.0002740302006714 0.00060817721532658 1.6412531137466 0.00010418603051221
0.032658308744431 0.0023467931896448 0.94995623826981 0.00030199927277863 0.00052739167585969 1.6417940855026 1.4707123227709e-05
0.023042788729072 0.0016613071784377 0.94995361566544 0.00016641410184093 0.00033075685496442 1.6411519050598 0.00013632126501761
0.013450007885695 0.00097211450338364 0.9499539732933 0.00016513206355739 0.00030154737760313 1.6413723230362 0.00014871265739202
0.003863375633955 0.00026871636509895 0.94994211196899 0.00033937804982997 0.00029579040710814 1.6420067548752 3.2721086427046e-06
-0.0057521611452103 -0.00040586199611425 0.94995582103729 0.00030478675034828 0.00019121111836284 1.6413251161575 0.00013694530935027
-0.015331223607063 -0.0010937508195639 0.94996398687363 0.0001596984511707 -4.4133921619505e-06 1.6417256593704 6.5580556110945e-05
-0.024949969723821 -0.0017660465091467 0.94997185468674 0.00022328108025249 -9.5626746769994e-05 1.6408400535583 8.5363652033266e-05
-0.034534804522991 -0.0024711890146136 0.94995903968811 0.00016541818331461 -0.00020761176710948 1.6412031650543 0.00012252524902578
-0.044141922146082 -0.003172124736011 0.9499551653862 0.00019575620535761 -0.00043208588613197 1.6411874294281 2.1084375475766e-05
-0.053747467696667 -0.0038207452744246 0.94996416568756 5.1997823902639e-05 -0.00041298949508928 1.6408135890961 -1.272417648579e-05
-0.063348062336445 -0.0045143808238208 0.94996702671051 2.3982724087546e-05 -0.00043223256943747 1.6405650377274 3.6327197449282e-05
-0.072938024997711 -0.005210286937654 0.94996249675751 0.0001524231483927 -0.0004320576263126 1.6410939693451 4.3238342186669e-05
-0.08254136890173 -0.0059087169356644 0.94993448257446 0.00025077318423428 -0.00048965966561809 1.6404234170914 5.7875411584973e-05
-0.0921311378479 -0.0065894983708858 0.94994980096817 -1.6954089005594e-05 -0.000362484366633 1.6412689685822 8.040923421504e-05
-0.1017243117094 -0.0072878762148321 0.94995379447937 0.00016485559171997 -2.4015338567551e-05 1.641143321991 7.1901493356563e-05
-0.1113390699029 -0.0079765189439058 0.94992470741272 -1.8364837160334e-05 0.0002039339451585 1.6412703990936 1.4035590538697e-05
-0.12094086408615 -0.0086739137768745 0.94993489980698 -6.1714192270301e-05 0.00059905293164775 1.6407963037491 5.7116660173051e-05
-0.13054206967354 -0.0093410164117813 0.94994473457336 2.769644925138e-05 0.0012222666991875 1.6413117647171 8.2989608927164e-05
-0.14013382792473 -0.010035451501608 0.94994175434113 0.00010158058285015 0.001890413928777 1.6419043540955 1.2265517398191e-05
-0.14973294734955 -0.010722378268838 0.94991034269333 8.8482876890339e-05 0.0023563979193568 1.6420319080353 5.3330142691266e-05
-0.15933154523373 -0.011386310681701 0.94994270801544 -1.4354536688188e-05 0.0029209754429758 1.6418993473053 -1.4411668416869e-05
-0.16893875598907 -0.012083042412996 0.94984436035156 -0.00089480995666236 0.0021759809460491 1.6419472694397 5.1215858547948e-05
-0.1785579174757 -0.012771895155311 0.94994550943375 0.00016866590885911 0.0040910332463682 1.6412296295166 8.990600326797e-05
-0.18813508749008 -0.013450161553919 0.94996649026871 0.00023465006961487 0.004308660980314 1.641496181488 3.9190726965899e-05
-0.19772520661354 -0.014136611483991 0.94991540908813 0.00033372692996636 0.0041298824362457 1.6421645879745 1.1527145034052e-06
-0.20734094083309 -0.014816568233073 0.9499174952507 0.00011614696995821 0.0039676483720541 1.6419614553452 -1.9878395960404e-06
-0.21693176031113 -0.015535119920969 0.94989669322968 0.00034363780287094 0.0038539275992662 1.6422213315964 6.2508202972822e-05
-0.22652386128902 -0.016236498951912 0.94991433620453 0.00038841628702357 0.0035857816692442 1.6423726081848 1.4489733075607e-05
-0.23612900078297 -0.016904216259718 0.94993370771408 0.00026827485999092 0.0031524649821222 1.6420389413834 1.4929961253074e-05
-0.24572479724884 -0.017608687281609 0.94987320899963 0.00031439345912077 0.0028787867631763 1.6423839330673 3.9745478716213e-05
