0.087330430746078 0.24786183238029 -1.7922570705414 -1.5988647937775 -1.4020621776581 0.00030322722159326 5.5659023928456e-05
0.1360579431057 0.25282523036003 -1.8254506587982 -1.57066655159 -1.3051474094391 0.00049396208487451 2.1695492250728e-05
0.18408355116844 0.25448033213615 -1.8562295436859 -1.5416195392609 -1.2088465690613 0.00078626326285303 2.3211581719806e-05
0.23103246092796 0.25280663371086 -1.8845343589783 -1.5117516517639 -1.1136221885681 0.0010499542113394 4.4467160478234e-05
0.27649411559105 0.24754139780998 -1.9103462696075 -1.4809508323669 -1.0199472904205 0.0012840812560171 4.7445129894186e-05
0.32011613249779 0.23890873789787 -1.9336919784546 -1.4492230415344 -0.92812776565552 0.0017060821410269 9.0161542175338e-05
0.36172303557396 0.22673889994621 -1.9543831348419 -1.4167518615723 -0.83825755119324 0.0021338050719351 -7.2925877248053e-06
0.40096721053123 0.2111277282238 -1.9724535942078 -1.3835623264313 -0.75064253807068 0.0028118675108999 -9.3083472165745e-06
0.43778762221336 0.1922444999218 -1.9878988265991 -1.349967956543 -0.6657247543335 0.0035180633421987 -2.2096375687397e-05
0.47209653258324 0.1701326072216 -2.0006012916565 -1.316091299057 -0.58301496505737 0.0044817514717579 -4.6733002818655e-06
0.50389015674591 0.14510628581047 -2.0106692314148 -1.2822327613831 -0.50305223464966 0.0057181902229786 4.5127293560654e-05
0.5331164598465 0.11722609400749 -2.0179193019867 -1.248911857605 -0.42564582824707 0.0076131410896778 2.5008761440404e-05
0.56000864505768 0.086689919233322 -2.0223114490509 -1.2164735794067 -0.35038471221924 0.010095078498125 -8.0441702721146e-07
0.58443510532379 0.053964585065842 -2.0240325927734 -1.1853816509247 -0.2780020236969 0.013538796454668 0.00015819325926714
0.6067191362381 0.0189308822155 -2.0228037834167 -1.1563456058502 -0.20744562149048 0.018363434821367 3.58171746484e-05
0.62686598300934 -0.018120318651199 -2.018750667572 -1.1298501491547 -0.13912487030029 0.024996716529131 -2.1458561150212e-06
0.64508211612701 -0.057024985551834 -2.0119087696075 -1.106353521347 -0.072939157485962 0.033511597663164 -2.1400690002338e-06
0.6614648103714 -0.097256451845169 -2.0026128292084 -1.0851137638092 -0.0086715221405029 0.043237645179033 0.00013386394130066
0.67609894275665 -0.1383595764637 -1.9912660121918 -1.0639555454254 0.053961753845215 0.051736313849688 9.4506664026994e-05
0.6892477273941 -0.17888453602791 -1.9789395332336 -1.039205789566 0.11521005630493 0.055412251502275 4.4190470362082e-05
0.70088684558868 -0.21816423535347 -1.966283082962 -1.0077836513519 0.17496967315674 0.050489861518145 3.5691791708814e-05
0.71122610569 -0.25569131970406 -1.9532337188721 -0.97047281265259 0.23372983932495 0.037764508277178 0.0001172206539195
0.72034513950348 -0.29245737195015 -1.9389452934265 -0.93260025978088 0.29081630706787 0.022411305457354 2.6511279429542e-05
0.7283798456192 -0.32988956570625 -1.9222049713135 -0.89996695518494 0.3469123840332 0.010471303015947 1.2623358998098e-05
0.73539793491364 -0.36837938427925 -1.9026970863342 -0.87433648109436 0.40187168121338 0.0037536211311817 -2.1362959159887e-05
0.74142134189606 -0.40771177411079 -1.8806743621826 -0.854243516922 0.45641279220581 0.0010513849556446 -7.3330479608558e-06
0.74673902988434 -0.44692757725716 -1.8570976257324 -0.83748078346252 0.50928735733032 5.074217915535e-05 3.3704294764902e-05
0.75116503238678 -0.48624327778816 -1.8317942619324 -0.82297730445862 0.56227397918701 -0.00048975273966789 -1.6351468730136e-05
0.75507986545563 -0.52506589889526 -1.8056132793427 -0.81029629707336 0.61329555511475 -0.0005824975669384 3.2242576708086e-05
0.75817310810089 -0.56365180015564 -1.7779071331024 -0.79924869537354 0.66482353210449 -0.00073770806193352 -2.5423576516914e-05
0.75111353397369 -0.57826948165894 -1.7717444896698 -0.79329752922058 0.68063020706177 0.00099940970540047 1.1508154784678e-05
0.73624193668365 -0.57114672660828 -1.7849469184875 -0.78821325302124 0.66630220413208 0.0022043772041798 -2.133020416295e-06
0.72109138965607 -0.56414270401001 -1.7978417873383 -0.78253078460693 0.65149211883545 0.0021781511604786 7.8276725616888e-06
0.70582830905914 -0.55696773529053 -1.8107476234436 -0.77664113044739 0.63529300689697 0.0021867342293262 5.0791250032489e-06
0.69006025791168 -0.55051445960999 -1.8225615024567 -0.77152180671692 0.62004041671753 0.0023250170052052 3.6170778912492e-05
0.67415583133698 -0.54398250579834 -1.8342976570129 -0.76601076126099 0.60353755950928 0.0022930689156055 -2.7414127998782e-06
0.65778601169586 -0.53811740875244 -1.8450331687927 -0.76132440567017 0.58761787414551 0.0022868700325489 7.5464733527042e-05
0.64122593402863 -0.53219389915466 -1.855592250824 -0.75667142868042 0.57068777084351 0.0023183412849903 3.8160828808032e-06
0.62433397769928 -0.52669978141785 -1.8654873371124 -0.7521984577179 0.55390739440918 0.0023936815559864 7.2419345087837e-05
0.60712873935699 -0.52157235145569 -1.874698638916 -0.74816179275513 0.5367603302002 0.002369362860918 6.3701577346365e-06
0.58964502811432 -0.516685962677 -1.8834257125854 -0.74435043334961 0.51943349838257 0.00239272788167 1.4748515241081e-05
0.57186996936798 -0.51218676567078 -1.8915038108826 -0.74083828926086 0.50169706344604 0.0024342127144337 3.0892264476279e-05
0.55378639698029 -0.50794959068298 -1.8990240097046 -0.73752498626709 0.4839243888855 0.0024723596870899 1.512484777777e-05
0.53554403781891 -0.50389385223389 -1.9062097072601 -0.73438191413879 0.46534872055054 0.0024900026619434 3.0435307053267e-05
0.51696598529816 -0.50033354759216 -1.9126868247986 -0.73153376579285 0.4467601776123 0.0026082582771778 -1.3522843801184e-05
0.49818432331085 -0.49696803092957 -1.9186170101166 -0.72900462150574 0.42789936065674 0.0025777406990528 -1.9819715362246e-06
0.47918331623077 -0.49380087852478 -1.9241614341736 -0.72636556625366 0.408278465271 0.0025209970772266 -1.5919815268717e-05
0.45985090732574 -0.49113893508911 -1.9287774562836 -0.72432017326355 0.38924312591553 0.0024632997810841 5.9653728385456e-05
0.44029581546783 -0.48885679244995 -1.9327557086945 -0.72246599197388 0.37035083770752 0.002324540168047 7.3304225225002e-05
0.42060339450836 -0.48678970336914 -1.936452627182 -0.7208559513092 0.35028791427612 0.002277810126543 3.343864591443e-05
0.40074360370636 -0.48503279685974 -1.9395062923431 -0.71942043304443 0.33023548126221 0.0021643228828907 9.9256227258593e-05
0.38065111637115 -0.48363780975342 -1.9418847560883 -0.71826481819153 0.31031703948975 0.0019793100655079 0.00010418603051221
0.3604770898819 -0.48252177238464 -1.9438886642456 -0.71733808517456 0.28955364227295 0.0019011087715626 1.4707123227709e-05
0.34003078937531 -0.48191046714783 -1.9449503421783 -0.71670413017273 0.26961183547974 0.0017528124153614 0.00013632126501761
0.31955921649933 -0.48147249221802 -1.9456658363342 -0.71622228622437 0.24893522262573 0.0015248842537403 0.00014871265739202
0.29897177219391 -0.48140382766724 -1.9458038806915 -0.71593904495239 0.22807788848877 0.0012883730232716 3.2721086427046e-06
0.27822840213776 -0.48166680335999 -1.9452035427094 -0.71575260162354 0.20772695541382 0.00079723075032234 0.00013694530935027
0.25742828845978 -0.48224067687988 -1.9440627098083 -0.71572327613831 0.18722534179688 0.00031467154622078 6.5580556110945e-05
0.23657238483429 -0.48311710357666 -1.942423582077 -0.71582889556885 0.16635990142822 -0.00027589127421379 8.5363652033266e-05
0.21570885181427 -0.48435044288635 -1.9402992725372 -0.71600866317749 0.1453914642334 -0.0010090284049511 0.00012252524902578
0.19477808475494 -0.48587822914124 -1.9375598430634 -0.71621513366699 0.12440252304077 -0.0019081048667431 2.1084375475766e-05
0.17388164997101 -0.48767590522766 -1.9343237876892 -0.71648216247559 0.10354614257812 -0.0031397752463818 -1.272417648579e-05
0.1529575586319 -0.48986315727234 -1.9303939342499 -0.71670293807983 0.083174705505371 -0.0045848302543163 3.6327197449282e-05
0.13211596012115 -0.49221730232239 -1.9262294769287 -0.71702265739441 0.061850547790527 -0.0061719827353954 4.3238342186669e-05
0.11129629611969 -0.49502992630005 -1.9213230609894 -0.71713447570801 0.041379451751709 -0.0081270150840282 5.7875411584973e-05
0.090590596199036 -0.49789190292358 -1.9162492752075 -0.7172520160675 0.020018100738525 -0.010153096169233 8.040923421504e-05
0.069928288459778 -0.50129699707031 -1.9102921485901 -0.71731781959534 -0.00011873245239258 -0.012587111443281 7.1901493356563e-05
0.049350380897522 -0.5049455165863 -1.9040441513062 -0.71744298934937 -0.020760774612427 -0.015185873955488 1.4035590538697e-05
0.028926491737366 -0.50893020629883 -1.8971631526947 -0.71755361557007 -0.041119813919067 -0.017837803810835 5.7116660173051e-05
0.0085946321487427 -0.51304531097412 -1.8899645805359 -0.71797704696655 -0.061870574951172 -0.020571034401655 8.2989608927164e-05
-0.01155412197113 -0.51762866973877 -1.8820638656616 -0.71882057189941 -0.082313776016235 -0.02308015152812 1.2265517398191e-05
-0.031568169593811 -0.52264809608459 -1.8734574317932 -0.72083139419556 -0.10276627540588 -0.024727147072554 5.3330142691266e-05
-0.05139434337616 -0.52808690071106 -1.8639578819275 -0.72390103340149 -0.12274241447449 -0.025780718773603 -1.4411668416869e-05
-0.071088910102844 -0.5339891910553 -1.8536269664764 -0.72822141647339 -0.14262104034424 -0.025670569390059 5.1215858547948e-05
-0.09053647518158 -0.54031586647034 -1.8423409461975 -0.73385739326477 -0.16154932975769 -0.02517394348979 8.990600326797e-05
-0.10974943637848 -0.5468327999115 -1.8305439949036 -0.74062466621399 -0.18107080459595 -0.023530047386885 3.9190726965899e-05
-0.12877452373505 -0.55376219749451 -1.8180260658264 -0.74841594696045 -0.20007944107056 -0.021488707512617 1.1527145034052e-06
-0.14760315418243 -0.56099629402161 -1.8047840595245 -0.75679230690002 -0.21909022331238 -0.018966715782881 -1.9878395960404e-06
-0.16615116596222 -0.56854128837585 -1.790979385376 -0.76545524597168 -0.23754096031189 -0.016617100685835 6.2508202972822e-05
-0.18449342250824 -0.57621192932129 -1.7766993045807 -0.77428650856018 -0.25595569610596 -0.014371912926435 1.4489733075607e-05
-0.20257794857025 -0.58409571647644 -1.7620213031769 -0.78296756744385 -0.27406644821167 -0.012443821877241 1.4929961253074e-05
-0.22041261196136 -0.59233593940735 -1.7468764781952 -0.79147434234619 -0.29197239875793 -0.010926049202681 3.9745478716213e-05
