-4.2623699414435e-07 -4.0806312995301e-07 0.91483908891678
-3.7701633459619e-07 8.0004838309833e-08 0.91483926773071
-3.115678453014e-07 3.014995400008e-07 0.91483932733536
3.1254538157555e-07 5.6389882274743e-07 0.91483908891678
1.9692242858582e-07 3.2174884267988e-07 0.91483914852142
2.4590329417151e-07 3.7543875919255e-07 0.91483932733536
1.353353269451e-07 4.7409989178959e-07 0.91483908891678
7.5680034683501e-08 8.0400934621139e-07 0.91483879089355
3.0220643765233e-08 5.1838992476405e-07 0.91483873128891
-2.0289029123433e-07 1.6332162999788e-07 0.91483867168427
-2.2096186569343e-07 2.6552390863799e-07 0.91483867168427
-2.7264792379356e-07 2.3576318142204e-07 0.91483879089355
-5.9897217852267e-07 3.7253721529851e-07 0.9148388504982
-1.206878209814e-06 5.4022348194849e-07 0.9148388504982
-1.2294672160351e-06 6.2449817050947e-07 0.91483914852142
-1.2886274589619e-06 6.6715932689476e-07 0.91483902931213
-8.8957216348717e-07 6.4859608528423e-07 0.91483908891678
-1.167413870462e-06 6.9293798787839e-07 0.9148388504982
-1.0587374390525e-06 7.8975949691085e-07 0.91483873128891
-8.4245482412371e-07 7.9123549312499e-07 0.91483879089355
-1.3801163731841e-06 6.5618684175206e-07 0.91483891010284
-1.1797651495726e-06 5.3849106507187e-07 0.91483891010284
-9.9012265764031e-07 5.5177196145451e-07 0.91483938694
-9.7077793270728e-07 7.5498485330172e-07 0.91483956575394
-8.2135113643744e-07 4.1134489947581e-07 0.91483986377716
-1.0082995913763e-06 3.8180070305316e-07 0.91483986377716
-1.4613290204579e-06 6.8866984292981e-07 0.91484004259109
-1.0685685083445e-06 5.6092818567777e-07 0.91484010219574
-8.7183673258551e-07 2.8516080874397e-07 0.91483980417252
-3.3828675327641e-07 9.3121151678588e-08 0.91484022140503
-4.3107215219607e-07 -1.7623055015292e-08 0.91484010219574
-3.8268038338174e-07 -1.4771012857295e-08 0.91484016180038
-4.874450354464e-08 3.9963245512808e-07 0.91484016180038
4.2056507254529e-07 4.924912673232e-07 0.91484010219574
8.8181258206532e-07 7.0422521503133e-07 0.91484028100967
1.1025325648006e-06 1.0469522067069e-06 0.91484040021896
8.57371787788e-07 7.0134524321475e-07 0.91484045982361
1.1022718808817e-06 8.1456812495162e-07 0.91484063863754
1.2162471421107e-06 1.0278830586685e-06 0.91484040021896
1.1150218597322e-06 2.0693464364285e-07 0.91484051942825
1.0202489875155e-06 -6.5630658241389e-08 0.91484045982361
1.1697160289259e-06 -2.2765497931232e-08 0.91484051942825
1.1312729384372e-06 3.8681076830471e-07 0.91484063863754
1.3681665222975e-06 3.6588369312085e-07 0.91484045982361
1.1459584356999e-06 5.4817456884848e-07 0.91484040021896
1.1577767509152e-06 8.8245650431418e-07 0.91484069824219
8.5756255430169e-07 7.6046342201153e-07 0.91484093666077
-0.0083702672272921 -0.00019014457939193 0.91486150026321
-0.018001101911068 -0.00039220345206559 0.91490334272385
-0.027650514617562 -0.00058518734294921 0.91497880220413
-0.03726789355278 -0.00082720414502546 0.91508388519287
-0.046923711895943 -0.0010877228341997 0.91522794961929
-0.056533474475145 -0.0013881686609238 0.91535139083862
-0.066187813878059 -0.0015904820756987 0.9153625369072
-0.075811751186848 -0.0018648764817044 0.91538143157959
-0.085421785712242 -0.0020645433105528 0.91533160209656
-0.095060050487518 -0.0022881310433149 0.91532599925995
-0.10468752682209 -0.0025362982414663 0.91532576084137
-0.11431945115328 -0.0027173780836165 0.91530299186707
-0.12395853549242 -0.0029166664462537 0.91505140066147
-0.13356852531433 -0.0031666641589254 0.91512620449066
-0.14318512380123 -0.0034284761641175 0.91520798206329
-0.15281192958355 -0.0036629822570831 0.91526699066162
-0.16244019567966 -0.0039259716868401 0.91531866788864
-0.17210979759693 -0.0041431877762079 0.91532456874847
-0.18171942234039 -0.0043744212016463 0.9153538942337
-0.19136497378349 -0.0044865370728076 0.91534167528152
-0.20101907849312 -0.0046801590360701 0.91528677940369
-0.21067628264427 -0.0049116630107164 0.91528862714767
-0.22032627463341 -0.0051469593308866 0.91525846719742
-0.22998608648777 -0.0054566096514463 0.91520237922668
-0.23971045017242 -0.0057868221774697 0.91516888141632
-0.24942190945148 -0.0062565156258643 0.91510319709778
-0.25896754860878 -0.0067117945291102 0.91531991958618
-0.26866787672043 -0.0071103810332716 0.91551411151886
-0.27835309505463 -0.0076021016575396 0.91572892665863
-0.2880240380764 -0.0081248749047518 0.91584891080856
-0.29785969853401 -0.0085017029196024 0.91585254669189
-0.30756428837776 -0.0089727258309722 0.91603404283524
-0.31750884652138 -0.0092491479590535 0.91592007875443
-0.32720816135406 -0.0096997609362006 0.9160840511322
-0.33708450198174 -0.010022801347077 0.91609865427017
