-0.019339419901371 0.049328953027725 1.2971969842911 0.0010449367109686 0.00019392697140574 -3.0593948364258 -1.2643057743844e-05
-0.024362966418266 0.045379906892776 1.2886548042297 0.00096051616128534 6.9010326114949e-05 -3.0108335018158 5.6475960263924e-06
-0.029386643320322 0.041415348649025 1.2800800800323 0.0010141717502847 0.00023711842368357 -2.9621353149414 1.9256278847024e-06
-0.03444442152977 0.037427470088005 1.2715258598328 0.00097940489649773 0.00031764362938702 -2.9146053791046 2.1601745174848e-05
-0.039495222270489 0.033480882644653 1.2629718780518 0.00099229079205543 0.00026614923262969 -2.866858959198 -7.5067991929245e-06
-0.04449237883091 0.029541611671448 1.2544223070145 0.00075484369881451 0.00049479026347399 -2.8183331489563 1.6944291928667e-05
-0.049541637301445 0.025555476546288 1.2458603382111 0.0008631739183329 0.00045860922546126 -2.7703094482422 3.8109951674414e-06
-0.05456966906786 0.021604284644127 1.2373214960098 0.00080567062832415 0.00040181580698118 -2.7217273712158 4.823210019822e-06
-0.059617072343826 0.017634749412537 1.2287766933441 0.00080562819493935 0.00049597345059738 -2.6736891269684 5.5841468565632e-05
-0.064663797616959 0.013671524822712 1.2201997041702 0.00087201758287847 0.00038224857416935 -2.6256563663483 2.181488343922e-05
-0.069675222039223 0.0097366645932198 1.2116421461105 0.00062276533572003 0.00064866687171161 -2.5770654678345 9.7905365691986e-05
-0.074732556939125 0.0057599544525146 1.2030827999115 0.00057116738753393 0.00049634790048003 -2.5298035144806 6.9049201556481e-05
-0.079737842082977 0.0018342807888985 1.1945935487747 0.00050206738524139 0.00056521774968132 -2.4806690216064 4.8441608669236e-05
-0.08478744328022 -0.0021586120128632 1.1859847307205 0.00048587570199743 0.00042553097591735 -2.4333438873291 3.5262914025225e-05
-0.089819237589836 -0.0061119943857193 1.1774388551712 0.00026093673659489 0.00051674951100722 -2.3849310874939 -7.3779715421551e-06
-0.094852834939957 -0.010098502039909 1.1688479185104 0.0003607883118093 0.00018917844863608 -2.3368406295776 7.1754300734028e-05
-0.099877059459686 -0.014045126736164 1.160320520401 0.00017321654013358 0.00022322667064145 -2.2891080379486 1.0637245395628e-05
-0.10493250191212 -0.018020674586296 1.1517572402954 6.9290486862883e-05 4.2576029954944e-05 -2.2411539554596 -1.3094442692818e-05
-0.10996106266975 -0.021992925554514 1.1431721448898 1.6460553524666e-05 -8.1712016253732e-05 -2.1932666301727 2.8119152375439e-06
-0.11498066782951 -0.025918427854776 1.1346772909164 -0.00024997384753078 -0.0002058265672531 -2.1450343132019 -8.3963877841597e-06
-0.12002486735582 -0.029884729534388 1.1260857582092 -0.00014379162166733 -0.000341320381267 -2.0966167449951 -6.4086543716257e-06
-0.12504240870476 -0.033838741481304 1.117548584938 -8.5708059486933e-05 -9.4453556812368e-05 -2.0487780570984 0.00011216221173527
-0.13009378314018 -0.037794232368469 1.1090115308762 -4.5557211706182e-05 0.00029700488084927 -2.001030921936 8.877832442522e-05
-0.13514658808708 -0.041770167648792 1.1003987789154 0.0005336431786418 0.0010636049555615 -1.9524837732315 5.6128610594897e-05
-0.14016216993332 -0.045704148709774 1.091922044754 0.00076532294042408 0.0025544054806232 -1.9045469760895 7.0042340666987e-05
-0.14518761634827 -0.049690242856741 1.0833139419556 0.0014416151680052 0.0037692142650485 -1.8571444749832 -8.5752453742316e-06
-0.15021811425686 -0.053672768175602 1.07473051548 0.001710684155114 0.0049162297509611 -1.809179186821 6.242013478186e-05
-0.15525463223457 -0.057608898729086 1.0662040710449 0.0015131931286305 0.0051371892914176 -1.7606152296066 -8.0159234130406e-06
-0.16029658913612 -0.061587926000357 1.057666182518 0.001304540084675 0.0048902267590165 -1.7129802703857 7.3553703259677e-05
-0.16532383859158 -0.065538220107555 1.0491091012955 0.00087459478527308 0.0040939003229141 -1.6651712656021 1.4614095562138e-05
-0.17036058008671 -0.069494619965553 1.0404943227768 0.00075280416058376 0.0036733800079674 -1.6169012784958 2.6311059627915e-05
-0.17539314925671 -0.073443032801151 1.0319435596466 0.00054868118604645 0.0033640481997281 -1.5689936876297 8.6937870946713e-05
-0.18042299151421 -0.077437296509743 1.0233911275864 0.00056173221673816 0.0030205356888473 -1.521205663681 1.0523869605095e-05
-0.18546010553837 -0.081365719437599 1.0147714614868 0.00024793433840387 0.0028567938134074 -1.4729015827179 0.00012226346007083
-0.19048576056957 -0.085324749350548 1.0063419342041 5.2091898396611e-05 0.0029878362547606 -1.4249787330627 1.3507512448996e-05
-0.19551020860672 -0.089286752045155 0.99765831232071 -6.6856067860499e-05 0.0028059622272849 -1.3770127296448 1.0464481420058e-05
-0.20055419206619 -0.093234188854694 0.98922556638718 -0.00016915710875764 0.0029874516185373 -1.3289023637772 3.7536407035077e-05
-0.2055743932724 -0.097211234271526 0.98068332672119 -0.00023104877618607 0.0029735977295786 -1.2813013792038 4.9409176426707e-05
-0.21060566604137 -0.10118471086025 0.97190952301025 -0.00026868653367274 0.0030376520007849 -1.2332265377045 -3.6262241337681e-05
-0.21565632522106 -0.10512099415064 0.96345221996307 -0.00068681075936183 0.0028568936977535 -1.1853189468384 8.6708951130277e-06
-0.22069124877453 -0.10908175259829 0.95489054918289 -0.00074986321851611 0.0031985102687031 -1.1365966796875 -2.9157341487007e-05
-0.21994568407536 -0.10960217565298 0.94982820749283 0.0015350867761299 -0.0025261028204113 -1.1077241897583 -0.0044959434308112
-0.21033072471619 -0.10483429580927 0.94970464706421 0.0016571704763919 -0.0039421734400094 -1.1075823307037 -0.010295176878572
-0.20074757933617 -0.10003033280373 0.94971168041229 0.0015367104206234 -0.003658113302663 -1.1073124408722 -0.016296830028296
-0.19113382697105 -0.095258094370365 0.94973576068878 0.0012954212725163 -0.0032574969809502 -1.1077634096146 -0.022530298680067
-0.18158009648323 -0.090457364916801 0.94978332519531 0.0013445636723191 -0.0028219539672136 -1.1071689128876 -0.028752129524946
-0.17197024822235 -0.085698843002319 0.9498205780983 0.00097081827698275 -0.0027742176316679 -1.107825756073 -0.035036403685808
-0.16234792768955 -0.080906316637993 0.94989669322968 0.00096657138783485 -0.002507173223421 -1.1077920198441 -0.041331809014082
-0.15276131033897 -0.076112367212772 0.9497971534729 0.00094254914438352 -0.0024166852235794 -1.107567191124 -0.047924987971783
-0.14315877854824 -0.071331165730953 0.94981914758682 0.0009689194848761 -0.0023851590231061 -1.107851266861 -0.054413251578808
-0.13357473909855 -0.066545374691486 0.94981336593628 0.0010834580752999 -0.0022217789664865 -1.1076791286469 -0.060806095600128
-0.12395504117012 -0.061770848929882 0.94983530044556 0.00085944891907275 -0.0021124701015651 -1.1077879667282 -0.067149519920349
-0.11436166614294 -0.056982398033142 0.94984543323517 0.00080755859380588 -0.0020067819859833 -1.1077969074249 -0.07347659766674
-0.10476221889257 -0.052215307950974 0.94981271028519 0.00091860059183091 -0.002006574999541 -1.1076903343201 -0.079863391816616
-0.095169179141521 -0.047398023307323 0.94983321428299 0.00086635461775586 -0.001870829379186 -1.1079888343811 -0.086241386830807
-0.085601858794689 -0.04261177778244 0.9499032497406 0.00051551481010392 -0.0016941897338256 -1.1078407764435 -0.090872198343277
-0.080556228756905 -0.040147308260202 0.97091823816299 -0.00046986457891762 0.0029748170636594 -1.1089781522751 -0.09255462884903
-0.080552689731121 -0.040140330791473 1.0189499855042 -0.00063549325568601 0.0041128620505333 -1.1094145774841 -0.091983243823051
-0.080550946295261 -0.040182396769524 1.0668766498566 -0.0014297693269327 0.0046376734972 -1.1092927455902 -0.091652549803257
-0.080564379692078 -0.040160730481148 1.1149743795395 -0.00091882201377302 0.005374894477427 -1.1094425916672 -0.091553993523121
-0.080579422414303 -0.040210362523794 1.162878036499 -0.0010683758882806 0.0058527127839625 -1.1100265979767 -0.090972073376179
-0.080565482378006 -0.040252756327391 1.2108947038651 -0.0011911933543161 0.0068541411310434 -1.11050593853 -0.089917846024036
