-0.064217001199722 0.19671055674553 -1.7393288612366 -1.5999267101288 -1.7171974182129 -0.00015763587725814 -1.2643057743844e-05
-0.098205476999283 0.1750096976757 -1.7438087463379 -1.57373046875 -1.7998275756836 -0.0001354629494017 5.6475960263924e-06
-0.13034644722939 0.15168043971062 -1.7464537620544 -1.5478355884552 -1.8803489208221 -0.00027374573983252 1.9256278847024e-06
-0.16044440865517 0.12707421183586 -1.7473707199097 -1.5222206115723 -1.9580302238464 -0.00032071419991553 2.1601745174848e-05
-0.18889012932777 0.10100457072258 -1.7463850975037 -1.4972319602966 -2.034720659256 -0.00050477334298193 -7.5067991929245e-06
-0.21551695466042 0.073747605085373 -1.7436265945435 -1.4727327823639 -2.1095955371857 -0.00062732049264014 1.6944291928667e-05
-0.24039164185524 0.045391052961349 -1.7390522956848 -1.4489436149597 -2.182582616806 -0.000727933133021 3.8109951674414e-06
-0.26357355713844 0.015965908765793 -1.7326169013977 -1.4260323047638 -2.2541224956512 -0.00076965638436377 4.823210019822e-06
-0.28504100441933 -0.014257937669754 -1.7244882583618 -1.4039514064789 -2.3236649036407 -0.0008354599121958 5.5841468565632e-05
-0.30486336350441 -0.045287638902664 -1.7146813869476 -1.3827836513519 -2.3914999961853 -0.00078753777779639 2.181488343922e-05
-0.32323351502419 -0.076952964067459 -1.703099489212 -1.3627016544342 -2.4582490921021 -0.0010233337525278 9.7905365691986e-05
-0.34005084633827 -0.10917571187019 -1.6899666786194 -1.3437166213989 -2.52303814888 -0.0010674411896616 6.9049201556481e-05
-0.35552158951759 -0.14173701405525 -1.6751234531403 -1.3257656097412 -2.5866889953613 -0.0011122638825327 4.8441608669236e-05
-0.36960378289223 -0.17485955357552 -1.6588456630707 -1.3090794086456 -2.6485688686371 -0.0011065418366343 3.5262914025225e-05
-0.38249579071999 -0.20832207798958 -1.6408994197845 -1.2934894561768 -2.7095358371735 -0.0011258537415415 -7.3779715421551e-06
-0.39418664574623 -0.2420714199543 -1.6214747428894 -1.2790505886078 -2.7693784236908 -0.00082449265755713 7.1754300734028e-05
-0.40475931763649 -0.27585557103157 -1.6006996631622 -1.265709400177 -2.8279569149017 -0.00062541314400733 1.0637245395628e-05
-0.4142931997776 -0.30974391102791 -1.5786385536194 -1.253267288208 -2.88538813591 -6.775208748877e-05 -1.3094442692818e-05
-0.42285361886024 -0.34389117360115 -1.5551519393921 -1.2417998313904 -2.9422528743744 0.00085039786063135 2.8119152375439e-06
-0.43045797944069 -0.37772396206856 -1.53058552742 -1.2309219837189 -2.9979803562164 0.0023653095122427 -8.3963877841597e-06
-0.43722715973854 -0.41159537434578 -1.5049741268158 -1.2204403877258 -3.0526962280273 0.0046531744301319 -6.4086543716257e-06
-0.44315639138222 -0.44520261883736 -1.4783916473389 -1.2101163864136 -3.1067726612091 0.0078894682228565 0.00011216221173527
-0.44833984971046 -0.47854188084602 -1.450944185257 -1.1999859809875 -3.1596534252167 0.012008387595415 8.877832442522e-05
-0.45279231667519 -0.51206994056702 -1.4221827983856 -1.1906356811523 -3.2125604152679 0.016776759177446 5.6128610594897e-05
-0.45656314492226 -0.54519438743591 -1.3923268318176 -1.1830415725708 -3.2642459869385 0.020881373435259 7.0042340666987e-05
-0.45972481369972 -0.57897281646729 -1.3606848716736 -1.1787891387939 -3.3151977062225 0.02309151366353 -8.5752453742316e-06
-0.46228805184364 -0.61335229873657 -1.3268892765045 -1.1787850856781 -3.3658132553101 0.02252646163106 6.242013478186e-05
-0.46432748436928 -0.64832282066345 -1.2911565303802 -1.1826248168945 -3.4159181118011 0.019280154258013 -8.0159234130406e-06
-0.46585550904274 -0.68365120887756 -1.2539250850677 -1.1887395381927 -3.4651279449463 0.015076357871294 7.3553703259677e-05
-0.46689763665199 -0.71911287307739 -1.2155196666718 -1.1955037117004 -3.5143828392029 0.011210162192583 1.4614095562138e-05
-0.46749559044838 -0.75450396537781 -1.176337480545 -1.2020983695984 -3.5628159046173 0.0085694380104542 2.6311059627915e-05
-0.46767726540565 -0.78960824012756 -1.1361584663391 -1.2087752819061 -3.6110525131226 0.0068175382912159 8.6937870946713e-05
-0.46749725937843 -0.82486152648926 -1.0949583053589 -1.2159786224365 -3.6586096286774 0.0056831426918507 1.0523869605095e-05
-0.46691885590553 -0.86030173301697 -1.0523436069489 -1.2237741947174 -3.7064945697784 0.0049554891884327 0.00012226346007083
-0.46604624390602 -0.8956880569458 -1.0085287094116 -1.2325026988983 -3.7535474300385 0.0044457502663136 1.3507512448996e-05
-0.46487322449684 -0.93169355392456 -0.96320748329163 -1.2423281669617 -3.8001458644867 0.0040199346840382 1.0464481420058e-05
-0.46340003609657 -0.96792531013489 -0.91604852676392 -1.2533588409424 -3.8468720912933 0.0037648268043995 3.7536407035077e-05
-0.46172299981117 -1.0047760009766 -0.86712884902954 -1.2656309604645 -3.8927216529846 0.0035483427345753 4.9409176426707e-05
-0.45971623063087 -1.0426771640778 -0.81582450866699 -1.2791950702667 -3.9390952587128 0.0033628530800343 -3.6262241337681e-05
-0.45759263634682 -1.0809905529022 -0.76209807395935 -1.2945425510406 -3.9847302436829 0.0032145567238331 8.6708951130277e-06
-0.45519581437111 -1.1206395626068 -0.70529818534851 -1.3115000724792 -4.0305075645447 0.0032102651894093 -2.9157341487007e-05
-0.45025745034218 -1.1354389190674 -0.69101071357727 -1.3190588951111 -4.0549187660217 -0.0022151879966259 -0.0044959434308112
-0.44151321053505 -1.1041829586029 -0.75474548339844 -1.2883350849152 -4.0466408729553 -0.0037537030875683 -0.010295176878572
-0.43264380097389 -1.0742082595825 -0.81481885910034 -1.2577936649323 -4.0376524925232 -0.0034087114036083 -0.016296830028296
-0.4235672056675 -1.04612159729 -0.87078976631165 -1.2293529510498 -4.0283741950989 -0.0031562261283398 -0.022530298680067
-0.41421714425087 -1.0196869373322 -0.92317295074463 -1.2028791904449 -4.0193943977356 -0.0027509145438671 -0.028752129524946
-0.40471902489662 -0.99458050727844 -0.97281765937805 -1.1780514717102 -4.0094127655029 -0.0028260163962841 -0.035036403685808
-0.3949216902256 -0.9707350730896 -1.0199100971222 -1.154618024826 -3.9997205734253 -0.0027268342673779 -0.041331809014082
-0.38489165902138 -0.94807553291321 -1.0648899078369 -1.1321659088135 -3.98961353302 -0.0025294236838818 -0.047924987971783
-0.37463703751564 -0.9261953830719 -1.1079552173615 -1.1109185218811 -3.979306936264 -0.0024657659232616 -0.054413251578808
-0.36411300301552 -0.90516901016235 -1.1493864059448 -1.090452671051 -3.9687023162842 -0.002353947609663 -0.060806095600128
-0.35328856110573 -0.88463020324707 -1.1893565654755 -1.0707972049713 -3.9578931331635 -0.0023236684501171 -0.067149519920349
-0.34222570061684 -0.8649640083313 -1.2278525829315 -1.051961183548 -3.9467570781708 -0.0023494176566601 -0.07347659766674
-0.33087030053139 -0.84593796730042 -1.2650942802429 -1.0337634086609 -3.9354515075684 -0.0023179464042187 -0.079863391816616
-0.31923499703407 -0.82719039916992 -1.3013429641724 -1.0160682201385 -3.9237544536591 -0.0022097043693066 -0.086241386830807
-0.30732122063637 -0.80884122848511 -1.3365733623505 -0.99864602088928 -3.9116389751434 -0.0021613053977489 -0.090872198343277
-0.30104532837868 -0.77041745185852 -1.344829082489 -1.0228986740112 -3.9045135974884 0.0032431669533253 -0.09255462884903
-0.30111542344093 -0.71425008773804 -1.3080477714539 -1.11394739151 -3.9041428565979 0.0051624365150928 -0.091983243823051
-0.3011020720005 -0.66794538497925 -1.2559447288513 -1.2115254402161 -3.9041345119476 0.0055481977760792 -0.091652549803257
-0.30112066864967 -0.63202118873596 -1.1880054473877 -1.3148205280304 -3.9039349555969 0.0062048025429249 -0.091553993523121
-0.30116477608681 -0.60799145698547 -1.1028306484222 -1.4233531951904 -3.9037096500397 0.0071703977882862 -0.090972073376179
-0.30119410157204 -0.59699106216431 -0.99730730056763 -1.5387604236603 -3.9035556316376 0.0081450529396534 -0.089917846024036
