-3.8101880761587e-08 4.4639264729085e-08 0.91483891010284
-3.3843207347672e-07 9.5513442488482e-08 0.91483902931213
-1.6164612759439e-07 1.7486757997176e-07 0.91483891010284
-1.8619205732762e-08 -1.7384195416525e-07 0.9148388504982
-2.3039113727918e-08 -2.961704694826e-07 0.91483908891678
-6.8784135009992e-07 6.0399472090467e-08 0.91483914852142
-7.2619462798684e-07 -1.5766089234148e-07 0.91483926773071
-1.0279242133038e-06 2.2531639842782e-07 0.91483944654465
-9.2312245669746e-07 4.7014324877637e-07 0.91483962535858
-8.0877026675807e-07 8.2582312188606e-07 0.91483980417252
-3.8044197481213e-07 5.850444040334e-07 0.91483986377716
-3.5566077372096e-07 6.204410283317e-07 0.91483974456787
-1.9036788501126e-07 5.3492237839237e-07 0.91483986377716
2.5217227062058e-07 4.7126530944297e-07 0.91484010219574
2.8380131311678e-07 4.3354316403565e-07 0.91484022140503
4.092213146123e-07 6.6088415451304e-07 0.91484010219574
4.7385944412781e-07 4.0008700352701e-07 0.91484016180038
2.5506673750897e-07 2.4858843516995e-07 0.91484004259109
4.142511329519e-07 3.4595782949509e-07 0.91484010219574
3.7917922668385e-07 2.1469635669291e-07 0.91484004259109
2.431618781884e-07 -3.8373784150281e-08 0.91484010219574
3.8461868712147e-07 -3.1475670425607e-07 0.91484004259109
7.2318078991884e-07 -4.6271432552203e-07 0.91484016180038
6.2475066897605e-07 -4.5972478801559e-07 0.91484028100967
4.834180913349e-07 -4.0504801290808e-07 0.91484022140503
8.0875594221652e-07 -2.9966358283673e-07 0.91484022140503
8.3074201029376e-07 -3.8239484467795e-08 0.91484004259109
9.7142935828742e-07 5.0487550140588e-08 0.91483986377716
1.0418788178868e-06 9.9999944325191e-08 0.91484004259109
1.0475400813448e-06 -1.021911089083e-07 0.91483998298645
6.8745868020414e-07 2.9197632755995e-08 0.91483998298645
1.3175128970033e-06 6.5021012574107e-08 0.91483992338181
9.6850544650806e-07 3.1521901178166e-07 0.91483992338181
3.8338416175066e-07 3.8370794186449e-07 0.91484004259109
6.7109419887856e-07 6.1126803529987e-07 0.91484016180038
8.1841790233739e-07 7.582644343529e-07 0.91484022140503
3.0802314654466e-07 6.8658948748634e-07 0.91484010219574
9.2889791858397e-07 7.3699169433894e-07 0.91483992338181
1.0642190773069e-06 1.0106892887052e-06 0.91483992338181
1.136950459113e-06 1.0675549901862e-06 0.91483974456787
3.5235044038018e-07 9.6786322956177e-07 0.91483992338181
2.9121807187948e-07 1.2364074564175e-06 0.91483998298645
-3.4365058354524e-08 1.0637903642419e-06 0.91483998298645
2.2514834441267e-09 1.0762063311631e-06 0.91484040021896
-2.9561689984803e-07 9.4230006197904e-07 0.91484016180038
-9.8430041362008e-07 9.8183227237314e-07 0.91484045982361
-1.0533275371927e-06 8.9114837464876e-07 0.9148405790329
-1.234779006154e-06 1.071916130968e-06 0.91484069824219
-1.4677850685985e-06 9.1523645551206e-07 0.91484087705612
-1.708581407911e-06 1.149454192273e-06 0.91484081745148
-1.6496418311363e-06 1.2869770671387e-06 0.91484087705612
-1.6107567262225e-06 9.6247151759599e-07 0.91484075784683
-1.7666903886493e-06 1.0768915217341e-06 0.91484075784683
-2.5605429527786e-06 1.3197349062466e-06 0.91484063863754
-3.3286551115452e-06 8.0748725395097e-07 0.91484040021896
0.0028537292964756 0.00150059198495 0.91660922765732
0.0083639975637197 0.0038038059137762 0.93315464258194
0.0087947230786085 0.0039237602613866 0.97954344749451
0.0093503901734948 0.0038693074602634 1.0261362791061
0.0090278377756476 0.003992292098701 1.0729306936264
0.0096413474529982 0.0037835363764316 1.119476556778
0.010486680082977 0.0041395612061024 1.1660010814667
