-0.027751170098782 0.071898341178894 1.2714587450027 0.0029703448526561 0.00036724473466165 -3.0656867027283 0.00010549525177339
-0.037358812987804 0.080138400197029 1.2487926483154 0.003124731592834 0.00051506387535483 -3.0207145214081 6.6404704739398e-06
-0.046969085931778 0.0883549451828 1.2261196374893 0.0031339824199677 0.00091740436619148 -2.9761369228363 1.6306710676872e-05
-0.056555382907391 0.096569865942001 1.2034350633621 0.0033231496345252 0.0011276754084975 -2.9301233291626 8.5386331193149e-05
-0.06616622954607 0.10480892658234 1.1807872056961 0.0033316800836474 0.0014226643834263 -2.8859913349152 -2.0091047190363e-05
-0.075740315020084 0.11302670836449 1.158091545105 0.0036496205721051 0.001667526550591 -2.8407399654388 6.0864691477036e-05
-0.085371673107147 0.1212355196476 1.1354413032532 0.0039678728207946 0.0019572121091187 -2.7960243225098 5.8535741118249e-05
-0.094949126243591 0.12948459386826 1.1127749681473 0.0043058884330094 0.0025661988183856 -2.7506647109985 5.462291665026e-05
-0.10456964373589 0.13769580423832 1.0901031494141 0.0046834941022098 0.00308697973378 -2.7053699493408 -1.8887025362346e-05
-0.11412961781025 0.14590774476528 1.0674271583557 0.0051599782891572 0.0035826957318932 -2.6606523990631 -2.8416283385013e-05
-0.12373448908329 0.1541451215744 1.044753074646 0.0055413567461073 0.0040348572656512 -2.6151938438416 2.7527359634405e-05
-0.13334922492504 0.16236615180969 1.0220810174942 0.0058526592329144 0.004591419827193 -2.5701184272766 2.6700767193688e-05
-0.14293791353703 0.17059995234013 0.99941539764404 0.0059324176982045 0.0049378392286599 -2.5247883796692 -1.9130953660351e-05
-0.152538433671 0.1788015216589 0.97673714160919 0.0055080759339035 0.0046380842104554 -2.4797399044037 3.3203858038178e-05
-0.1621420532465 0.18704007565975 0.95406627655029 0.0040094186551869 0.0033803354017437 -2.4344811439514 1.4229378393793e-05
-0.15692836046219 0.18052217364311 0.94994986057281 0.0046121031045914 0.0039379447698593 -2.4244339466095 8.5063902588445e-06
-0.14857524633408 0.17092069983482 0.94995474815369 0.0053511573933065 0.0049998550675809 -2.4244484901428 1.6273032088066e-05
-0.14023543894291 0.16131192445755 0.9499568939209 0.0054812836460769 0.0054121059365571 -2.4243323802948 -3.0459952540696e-05
-0.13189491629601 0.1517248749733 0.94997012615204 0.0051162182353437 0.0049771200865507 -2.424437046051 5.2433453674894e-05
-0.12354162335396 0.14213015139103 0.94996351003647 0.0041637355461717 0.004141176585108 -2.4247179031372 -2.1258014385239e-05
-0.11518737673759 0.13253325223923 0.9499648809433 0.0029142766725272 0.0030179745517671 -2.424565076828 5.3249292250257e-05
-0.10684628784657 0.12291818112135 0.94996356964111 0.0017942179692909 0.001855063252151 -2.4248361587524 2.6095534849446e-05
-0.098515421152115 0.11331667006016 0.94996130466461 0.001037058304064 0.0010627793380991 -2.4244933128357 4.403564526001e-05
-0.090170204639435 0.10369823873043 0.94995892047882 0.00059488991973922 0.00047101845848374 -2.4249911308289 7.9896824900061e-05
-0.081816092133522 0.094137489795685 0.94996678829193 3.9822320104577e-05 -1.0267440302414e-05 -2.423624753952 1.6299019989674e-05
-0.073475256562233 0.08452881872654 0.94995069503784 -7.857037417125e-05 -0.00021935693803243 -2.4240283966064 8.9653813120094e-06
-0.065106227993965 0.074938528239727 0.9499586224556 -0.00015203090151772 -0.00036354019539431 -2.4246001243591 -4.2443010897841e-05
-0.056792825460434 0.065340504050255 0.94998705387115 -0.00044708212953992 -0.00052419502753764 -2.4244723320007 1.5393652574858e-05
-0.048481106758118 0.055738061666489 0.94999313354492 -0.00047195033403113 -0.0006217077607289 -2.4245564937592 6.3780535128899e-06
-0.04012157022953 0.04614032804966 0.94997501373291 -0.00059366872301325 -0.00061545468633994 -2.424213886261 4.1600338590797e-05
-0.031759537756443 0.036552712321281 0.94996386766434 -0.00056959287030622 -0.0007526395493187 -2.4241545200348 6.3077182858251e-05
-0.023423783481121 0.02694234251976 0.94996923208237 -0.00071652606129646 -0.00075854995520785 -2.4244213104248 -2.3792030390268e-07
-0.015071660280228 0.01736307144165 0.94995695352554 -0.00069693964906037 -0.00084483105456457 -2.4243822097778 -2.397209937044e-05
-0.0067422240972519 0.0077523291110992 0.9499454498291 -0.00076165521750227 -0.00084895303007215 -2.4245958328247 9.3648937763646e-05
0.001619815826416 -0.0018770918250084 0.94994884729385 -0.00075186276808381 -0.0009962844196707 -2.4246740341187 4.0283637758876e-07
0.00993662327528 -0.011456668376923 0.94993472099304 -0.0007579960511066 -0.00084455159958452 -2.424845457077 -1.83984884643e-05
0.018291294574738 -0.021025434136391 0.94996380805969 -0.00081900914665312 -0.0010726498439908 -2.4244089126587 4.5515753299696e-05
0.026660420000553 -0.03065400570631 0.94995719194412 -0.00096620939439163 -0.00099960656370968 -2.4250960350037 6.9445864937734e-05
0.034990727901459 -0.040256477892399 0.94994628429413 -0.00074550596764311 -0.0011149770580232 -2.425092458725 3.1014449632494e-05
0.043349914252758 -0.049791887402534 0.94994825124741 -0.00093896040925756 -0.0011450204765424 -2.4245800971985 -3.2137570087798e-05
0.051686868071556 -0.059454202651978 0.949951171875 -0.00098059431184083 -0.0011829090071842 -2.4248332977295 -2.8870595997432e-05
0.060016315430403 -0.069063082337379 0.94988799095154 -0.00048181528109126 -0.00083404406905174 -2.4256253242493 2.0383171431604e-05
0.068380251526833 -0.078666552901268 0.94991785287857 -0.00080051511758938 -0.0012259464710951 -2.4254510402679 7.3688170232344e-06
0.076717905700207 -0.088243871927261 0.94992971420288 -0.0010510450229049 -0.0011564310407266 -2.4249267578125 -2.1612198906951e-05
0.085046492516994 -0.097861379384995 0.94991731643677 -0.00081656710244715 -0.0010158504592255 -2.4255194664001 1.2929544936924e-05
0.093415051698685 -0.10744147002697 0.94993221759796 -0.0011169411009178 -0.0011643428588286 -2.4252483844757 -2.3465228878194e-05
0.10174112766981 -0.11705236881971 0.94993424415588 -0.0009025918552652 -0.0012286378769204 -2.425488948822 4.2300984205212e-05
0.11008009314537 -0.12666249275208 0.94989913702011 -0.0010390918469056 -0.0012040082365274 -2.4254951477051 4.2740386561491e-05
0.11844700574875 -0.13624595105648 0.94988763332367 -0.00085233000572771 -0.0012355846120045 -2.4260532855988 5.2062172471778e-05
0.12678426504135 -0.14585195481777 0.94989717006683 -0.00078269810182974 -0.00095544091891497 -2.4256429672241 5.1628292567329e-05
0.13508474826813 -0.1554548740387 0.94996678829193 -0.00087002851068974 -0.0010520785581321 -2.4262299537659 8.6532629211433e-05
0.1434353441 -0.1650500446558 0.94994103908539 -0.00091202557086945 -0.0011392193846405 -2.4259662628174 3.9608435145055e-06
0.15177692472935 -0.17465928196907 0.94995415210724 -0.00090829201508313 -0.001121771056205 -2.4264221191406 2.6359342882643e-05
0.16013213992119 -0.18425147235394 0.94993025064468 -0.00069933535996825 -0.0010952714364976 -2.4259541034698 -2.1732261302532e-05
