-0.095689922571182 0.24084565043449 -1.838073015213 -1.5473873615265 -1.7424998283386 -0.00058774300850928 0.00010549525177339
-0.15078845620155 0.23692318797112 -1.8930611610413 -1.4886112213135 -1.8425962924957 -0.0010147506836802 6.6404704739398e-06
-0.20646920800209 0.2265839278698 -1.9435188770294 -1.4279947280884 -1.9428353309631 -0.0015340263489634 1.6306710676872e-05
-0.26237908005714 0.20947501063347 -1.9891881942749 -1.3656194210052 -2.044266462326 -0.002063554013148 8.5386331193149e-05
-0.31760731339455 0.185969799757 -2.0302519798279 -1.3014721870422 -2.1441130638123 -0.0027490074280649 -2.0091047190363e-05
-0.37203732132912 0.1555709540844 -2.0663013458252 -1.2358407974243 -2.243584394455 -0.0036416465882212 6.0864691477036e-05
-0.42518892884254 0.11869379878044 -2.0972380638123 -1.1690599918365 -2.3417770862579 -0.0047307424247265 5.8535741118249e-05
-0.47665753960609 0.075606316328049 -2.1229479312897 -1.1016807556152 -2.4384660720825 -0.0063367299735546 5.462291665026e-05
-0.52616536617279 0.02667710185051 -2.1432073116302 -1.0345134735107 -2.5329055786133 -0.0084746293723583 -1.8887025362346e-05
-0.57346785068512 -0.027566462755203 -2.157840013504 -0.96852612495422 -2.6253497600555 -0.011467259377241 -2.8416283385013e-05
-0.61859858036041 -0.086476594209671 -2.1666798591614 -0.90481185913086 -2.7155663967133 -0.015646021813154 2.7527359634405e-05
-0.66138303279877 -0.14940050244331 -2.1694822311401 -0.84494662284851 -2.8036255836487 -0.021527092903852 2.6700767193688e-05
-0.70178520679474 -0.21556404232979 -2.1662919521332 -0.79029989242554 -2.8890974521637 -0.030108015984297 -1.9130953660351e-05
-0.73985826969147 -0.28438094258308 -2.1569101810455 -0.74256587028503 -2.9724631309509 -0.041913311928511 3.3203858038178e-05
-0.77563369274139 -0.3552248775959 -2.1414670944214 -0.70272493362427 -3.0530598163605 -0.057555716484785 1.4229378393793e-05
-0.75406348705292 -0.36441710591316 -2.1435530185699 -0.69274830818176 -3.0415599346161 -0.058849614113569 8.5063902588445e-06
-0.72056424617767 -0.3596136868 -2.1506690979004 -0.68541574478149 -3.0082790851593 -0.053854506462812 1.6273032088066e-05
-0.68703639507294 -0.35523822903633 -2.1574733257294 -0.67478775978088 -2.9750525951385 -0.04563931748271 -3.0459952540696e-05
-0.65356171131134 -0.35135820508003 -2.1638989448547 -0.66199350357056 -2.9413461685181 -0.035376351326704 5.2433453674894e-05
-0.62021172046661 -0.34841707348824 -2.1692631244659 -0.64894676208496 -2.9078438282013 -0.024772685021162 -2.1258014385239e-05
-0.58702862262726 -0.34655836224556 -2.1731688976288 -0.63749670982361 -2.8744988441467 -0.01535515114665 5.3249292250257e-05
-0.55416023731232 -0.34580758213997 -2.1752262115479 -0.62907338142395 -2.8417048454285 -0.0082910470664501 2.6095534849446e-05
-0.52165281772614 -0.34618380665779 -2.1752254962921 -0.62433481216431 -2.8095660209656 -0.0040169171988964 4.403564526001e-05
-0.48953449726105 -0.34735801815987 -2.1737430095673 -0.62213253974915 -2.7772850990295 -0.001419585198164 7.9896824900061e-05
-0.45798552036285 -0.3494818508625 -2.1705660820007 -0.62152624130249 -2.7464184761047 5.4795295000076e-05 1.6299019989674e-05
-0.42689192295074 -0.35222437977791 -2.1662836074829 -0.62229609489441 -2.7151787281036 0.00087209418416023 8.9653813120094e-06
-0.39626753330231 -0.35554102063179 -2.1609129905701 -0.62397527694702 -2.6838810443878 0.0012034960091114 -4.2443010897841e-05
-0.36642920970917 -0.35984113812447 -2.153936624527 -0.62632656097412 -2.6545352935791 0.0014824457466602 1.5393652574858e-05
-0.33722507953644 -0.36470678448677 -2.1459677219391 -0.62932157516479 -2.6253535747528 0.0015468187630177 6.3780535128899e-06
-0.30878627300262 -0.37022021412849 -2.1369366645813 -0.63259792327881 -2.5969071388245 0.0016488619148731 4.1600338590797e-05
-0.28096830844879 -0.37635138630867 -2.1268064975739 -0.63650488853455 -2.5690820217133 0.0018138475716114 6.3077182858251e-05
-0.25395739078522 -0.38309958577156 -2.1155624389648 -0.64102482795715 -2.5419750213623 0.0016564913094044 -2.3792030390268e-07
-0.22778952121735 -0.3903925716877 -2.1032881736755 -0.6459047794342 -2.5158512592316 0.0017404146492481 -2.397209937044e-05
-0.20230805873871 -0.39830496907234 -2.0900514125824 -0.65121078491211 -2.4900846481323 0.001873929053545 9.3648937763646e-05
-0.17763650417328 -0.40677145123482 -2.0757279396057 -0.65694451332092 -2.4654035568237 0.0018643923103809 4.0283637758876e-07
-0.15371096134186 -0.41570189595222 -2.0605456829071 -0.66321635246277 -2.4408469200134 0.0017103739082813 -1.83984884643e-05
-0.13071811199188 -0.42524912953377 -2.044171333313 -0.66985440254211 -2.4184622764587 0.0019669122993946 4.5515753299696e-05
-0.10834348201752 -0.43525961041451 -2.0269548892975 -0.6770806312561 -2.395920753479 0.0019793100655079 6.9445864937734e-05
-0.086771130561829 -0.44575408101082 -2.0088164806366 -0.68489098548889 -2.374027967453 0.0018705911934376 3.1014449632494e-05
-0.066004633903503 -0.45664122700691 -1.9898412227631 -0.6929943561554 -2.3534281253815 0.0018567629158497 -3.2137570087798e-05
-0.045915722846985 -0.46809700131416 -1.9698095321655 -0.70142531394958 -2.3331851959229 0.0017480440437794 -2.8870595997432e-05
-0.026551842689514 -0.48000577092171 -1.9489715099335 -0.71043395996094 -2.3135201931 0.0017246790230274 2.0383171431604e-05
-0.007942795753479 -0.49223807454109 -1.9272348880768 -0.71999096870422 -2.2951047420502 0.001688439399004 7.3688170232344e-06
0.010000586509705 -0.50497078895569 -1.9046711921692 -0.72972083091736 -2.2773036956787 0.001697976142168 -2.1612198906951e-05
0.027331709861755 -0.51799559593201 -1.8812215328217 -0.74040341377258 -2.2596335411072 0.0015911646187305 1.2929544936924e-05
0.044031500816345 -0.53147912025452 -1.8570590019226 -0.75077939033508 -2.2430005073547 0.001662690192461 -2.3465228878194e-05
0.060078978538513 -0.54534101486206 -1.8319363594055 -0.76221513748169 -2.2268469333649 0.0015511102974415 4.2300984205212e-05
0.075583815574646 -0.55967164039612 -1.8060450553894 -0.77393651008606 -2.2111632823944 0.0014919824898243 4.2740386561491e-05
0.090525507926941 -0.57431030273438 -1.7793757915497 -0.78600907325745 -2.1961164474487 0.0015272684395313 5.2062172471778e-05
0.10487067699432 -0.58926606178284 -1.7516961097717 -0.79891514778137 -2.1817405223846 0.001235444098711 5.1628292567329e-05
0.11869561672211 -0.60470914840698 -1.7232224941254 -0.81194090843201 -2.1678123474121 0.0012392587959766 8.6532629211433e-05
0.13206231594086 -0.62052130699158 -1.6940567493439 -0.82506632804871 -2.1543869972229 0.001352746039629 3.9608435145055e-06
0.14487588405609 -0.63670706748962 -1.6637976169586 -0.83933758735657 -2.141637802124 0.001265961676836 2.6359342882643e-05
0.15724694728851 -0.65333867073059 -1.6327283382416 -0.85399889945984 -2.1291091442108 0.0011701174080372 -2.1732261302532e-05
