-3.4972995877069e-07 6.6708605572785e-07 0.91483902931213
-2.25177387847e-07 8.9106248424287e-07 0.91483891010284
7.1794097777911e-08 7.1002591539582e-07 0.91483902931213
-8.6835292734122e-08 2.0171631831545e-07 0.91483902931213
-2.7712394512491e-07 4.1197813516192e-07 0.91483896970749
-4.0424602332223e-08 6.5563477846808e-07 0.91483908891678
-2.4519738417439e-07 7.9093132399066e-07 0.91483914852142
-1.9775562520863e-07 2.8136886953689e-07 0.9148388504982
-5.3656613374642e-08 -2.8618833525229e-08 0.91483902931213
-1.3521994901566e-07 -1.3074249238798e-07 0.91483902931213
3.0344715185038e-08 6.766717319806e-08 0.91483902931213
-5.990482065954e-08 1.2607004862275e-07 0.91483902931213
-6.7479035692486e-08 1.1504032215726e-07 0.91483891010284
-3.4273827509423e-07 2.2580668712635e-07 0.9148388504982
1.4571412521036e-08 -2.3298476037326e-08 0.91483873128891
-2.6017445975413e-07 -4.7072626330191e-07 0.9148388504982
2.0993270766212e-07 -2.2339598615417e-07 0.91483896970749
1.0554138185626e-07 -2.2801036436704e-07 0.91483914852142
8.1118507466726e-08 -3.26975509779e-07 0.91483891010284
3.4709651686171e-07 -3.6263017477722e-07 0.91483896970749
4.4483630290415e-07 -7.1168475557215e-09 0.91483902931213
9.3817328661316e-07 7.6609595112132e-08 0.91483896970749
8.5665521964984e-07 -2.8642443794524e-07 0.91483926773071
7.3353760399186e-07 -6.3941530470402e-07 0.91483920812607
8.0322638496e-07 -8.7314600705213e-07 0.91483914852142
8.7637954493403e-07 -9.4739306177871e-07 0.91483938694
9.5402538136113e-07 -1.1202639598196e-06 0.91483956575394
0.0010909142438322 -0.0024799089878798 0.91490387916565
0.006539473310113 -0.014618575572968 0.91511452198029
0.012046505697072 -0.026708237826824 0.91529315710068
0.018575582653284 -0.037987180054188 0.91539227962494
0.026913216337562 -0.047510106116533 0.91549521684647
0.035074979066849 -0.057346146553755 0.91567343473434
0.043470237404108 -0.066916733980179 0.91561317443848
0.051788710057735 -0.076529331505299 0.91567921638489
0.060021623969078 -0.086244389414787 0.91566669940948
0.06839644163847 -0.095772869884968 0.91565996408463
0.076735787093639 -0.10539409518242 0.91561901569366
0.085108771920204 -0.11500126868486 0.91561126708984
0.093456588685513 -0.12447170913219 0.91557669639587
0.10192788392305 -0.13408094644547 0.91555225849152
0.11022769659758 -0.14373072981834 0.91552352905273
0.11854357272387 -0.15329630672932 0.91550439596176
0.12691122293472 -0.16288451850414 0.91555082798004
0.1352049857378 -0.17249436676502 0.91551584005356
0.14360456168652 -0.18212151527405 0.91548347473145
0.15192683041096 -0.19172249734402 0.91545867919922
0.16032241284847 -0.2012597322464 0.91545343399048
0.16858786344528 -0.21091467142105 0.91541534662247
0.17712005972862 -0.22021944820881 0.91541934013367
0.18524381518364 -0.23003950715065 0.91530841588974
0.19349712133408 -0.2396886497736 0.91534024477005
0.20188346505165 -0.24934992194176 0.91538470983505
0.21028777956963 -0.25888946652412 0.91534626483917
