-0.005246365442872 0.074450418353081 1.2792624235153 0.0026208322960883 -2.4196839149226e-05 3.1279494762421 9.9368175142445e-05
-0.0026870463043451 0.084051474928856 1.2609003782272 0.0025417341385037 -4.0197552152677e-05 3.1200008392334 3.0414061257034e-05
-0.00011172704398632 0.093660846352577 1.2425425052643 0.0023754921276122 -0.00013672084605787 3.1116554737091 -6.5143012761837e-06
0.0024364930577576 0.10326510667801 1.2241615056992 0.0023329153191298 -3.5203065635869e-05 3.1040580272675 5.7066914450843e-05
0.0050013996660709 0.11286862194538 1.2058125734329 0.0023461447563022 -0.00010513269080548 3.0953831672668 3.674723484437e-05
0.0075311763212085 0.12245124578476 1.1874392032623 0.0023059051018208 -0.00027550631784834 3.0872251987457 9.4558869022876e-05
0.010088900104165 0.13206765055656 1.1690821647644 0.0021738491486758 -9.2746013251599e-05 3.0787792205811 6.5903795984923e-06
0.012631624937057 0.14164887368679 1.1507132053375 0.0023743456695229 -0.00031110944109969 3.0706217288971 -3.0149817575875e-06
0.015216022729874 0.15125852823257 1.1323517560959 0.002224852098152 -0.00024381699040532 3.0635349750519 -2.2320908101392e-05
0.017762100324035 0.16086009144783 1.1139793395996 0.0023219571448863 -0.000408579420764 3.0554451942444 7.1307826146949e-05
0.020292978733778 0.17046010494232 1.0956228971481 0.0022853014525026 -0.00041106413118541 3.0474617481232 5.3587507863995e-05
0.022881526499987 0.18006286025047 1.077250957489 0.0024836387019604 -0.0005426513380371 3.0400128364563 6.1839367845096e-05
0.025445375591516 0.18966436386108 1.0588819980621 0.0025951927527785 -0.00060201756423339 3.032755613327 0.00010159414523514
0.027988351881504 0.19925583899021 1.0405187606812 0.0026411258149892 -0.00075949192978442 3.0253639221191 2.805280382745e-05
0.030552566051483 0.2088661044836 1.0221507549286 0.002809600206092 -0.00073211034759879 3.0192441940308 7.0028188929427e-05
0.033097591251135 0.21846905350685 1.0037914514542 0.0029866872355342 -0.00083797669503838 3.0139317512512 -2.2976239051786e-05
0.035642329603434 0.22805619239807 0.98542022705078 0.003081974806264 -0.00098450889345258 3.0097007751465 -1.1563962289074e-05
0.038199998438358 0.2376544624567 0.96706080436707 0.0026124469004571 -0.0011473393533379 3.0113890171051 5.2307797886897e-05
0.040341097861528 0.2452504336834 0.95023530721664 0.0019927113316953 -0.00073476956458762 3.0140056610107 2.5974564778153e-05
0.038905933499336 0.23594468832016 0.95000886917114 0.0063646989874542 -0.002098286524415 2.9537916183472 -4.2009171011159e-05
0.037288133054972 0.22632709145546 0.95000106096268 0.0060873492620885 -0.0019637136720121 2.9613637924194 6.8623296101578e-05
0.035711612552404 0.21673181653023 0.94999635219574 0.0042149852961302 -0.001201065024361 2.9674606323242 9.544884233037e-05
0.034136202186346 0.20711696147919 0.94999516010284 0.0027226060628891 -0.00071403878973797 2.9710602760315 5.2959635468142e-06
0.032551020383835 0.19752088189125 0.94998860359192 0.0019845725037158 -0.00038062370731495 2.9730145931244 9.0040040959138e-05
0.030933931469917 0.18792071938515 0.94999158382416 0.0013347568456084 -0.00033856491791084 2.973653793335 1.0308326636732e-05
0.029395461082458 0.17833358049393 0.94999134540558 0.00088716921163723 -0.00023314691497944 2.975049495697 6.2560400692746e-05
0.02782678976655 0.16872346401215 0.94998818635941 0.00056053994921967 -2.6656191039365e-05 2.9755892753601 6.6941574914381e-05
0.026197612285614 0.15911859273911 0.94999301433563 0.00024303671671078 -9.4707873358857e-05 2.9758682250977 3.5582459531724e-05
0.024621937423944 0.14952957630157 0.94998943805695 0.00017417305207346 5.9314690588508e-05 2.9762773513794 3.4053380204568e-06
0.023056086152792 0.1399247199297 0.94998216629028 1.2949773918081e-05 3.870134241879e-05 2.9765455722809 5.3523348469753e-05
0.021453361958265 0.13033212721348 0.9499836564064 -0.00011981758871116 0.0001010487540043 2.9766891002655 4.0783852455206e-05
0.019881896674633 0.12071876227856 0.94998162984848 -0.00031127917463891 0.00020092204795219 2.9761958122253 3.4068405511789e-05
0.018324308097363 0.1111341714859 0.94997751712799 -0.00038668533670716 0.00023744897043798 2.9770135879517 4.8237336159218e-05
0.016723368316889 0.10153722763062 0.9499728679657 -0.00050449959235266 0.00018752507457975 2.9770636558533 6.7129149101675e-05
0.015141475945711 0.091930285096169 0.94997209310532 -0.00065447110682726 0.00024374172789976 2.9764933586121 -8.0624686233932e-06
0.013567760586739 0.082321539521217 0.94997537136078 -0.00078533415216953 0.00020192854572088 2.9766654968262 6.8504807131831e-05
0.011982746422291 0.072730109095573 0.94997352361679 -0.00080484070349485 0.00024400625261478 2.9768695831299 3.7347338093241e-06
0.010397531092167 0.063134461641312 0.94998264312744 -0.0011558714322746 0.00020456069614738 2.9767727851868 0.00010024122457253
0.0088045485317707 0.053529217839241 0.94998013973236 -0.0013870296534151 0.00026974151842296 2.9768064022064 5.831350790686e-05
0.0072729270905256 0.043949142098427 0.94997310638428 -0.0011481967521831 0.00032336378353648 2.977686882019 -2.399436016276e-05
0.0056716483086348 0.03433945775032 0.94998133182526 -0.0013312788214535 0.00026451528538018 2.9772844314575 4.8494217708139e-07
0.0040741059929132 0.024745240807533 0.94996225833893 -0.0011822085361928 0.00024541179300286 2.9774024486542 -1.3354958355194e-05
0.0024983398616314 0.015153378248215 0.9499671459198 -0.0013770194491372 0.00031931450939737 2.9774289131165 4.4388183596311e-05
0.00091014429926872 0.0055430084466934 0.9499619603157 -0.0011860065860674 0.00026460166554898 2.9773387908936 5.8196892496198e-05
-0.00066616013646126 -0.0040570050477982 0.94995313882828 -0.001143189612776 0.00023641898587812 2.9775757789612 -1.9282057110104e-05
-0.0021918322890997 -0.013649418950081 0.94997346401215 -0.0012455328833312 0.00031324231531471 2.9786205291748 -1.5500396330026e-05
-0.0038181953132153 -0.023250348865986 0.94995182752609 -0.0012162531493232 0.00023725534265395 2.9782948493958 9.2876405688003e-05
-0.0054181180894375 -0.032855793833733 0.94994908571243 -0.0012090352829546 0.00031835859408602 2.9779045581818 5.6239405239467e-05
-0.0070015694946051 -0.042450577020645 0.94993495941162 -0.001302913762629 0.00043943524360657 2.9774785041809 5.457219958771e-05
-0.0085560474544764 -0.052048362791538 0.94994848966599 -0.001310812891461 0.00031795431277715 2.977489233017 5.4622876632493e-05
-0.01009925827384 -0.06166710704565 0.9499694108963 -0.0013382059987634 0.00030000787228346 2.9783444404602 5.5050149967428e-05
-0.011724753305316 -0.071258239448071 0.9499568939209 -0.0012189182452857 4.9189820856554e-05 2.977742433548 1.9029192117159e-05
-0.013300377875566 -0.080854684114456 0.94993340969086 -0.0014473190531135 0.00025544787058607 2.9779665470123 1.4900211681379e-05
-0.014870140701532 -0.090447776019573 0.9499272108078 -0.0013401036849245 0.0002302139182575 2.9776091575623 3.0363065889105e-05
-0.016457607969642 -0.10005075484514 0.94991272687912 -0.0014034000923857 0.00025983416708186 2.9776675701141 9.5795694505796e-05
-0.018046827986836 -0.1096700578928 0.94992327690125 -0.0014072738122195 0.00012824808072764 2.9779677391052 2.1429477783386e-05
-0.019625417888165 -0.11924456059933 0.94992011785507 -0.0014069685712457 0.00039406743599102 2.9781165122986 7.4114766903222e-05
-0.021200221031904 -0.1288580596447 0.94987511634827 -0.0013379690935835 0.00033456541132182 2.9779789447784 1.0884283256019e-05
-0.022762801498175 -0.1384369134903 0.94987821578979 -0.001466085202992 0.00026250083465129 2.9783520698547 5.576248804573e-05
-0.024349626153708 -0.14802733063698 0.94988620281219 -0.0012014383682981 0.00031254871282727 2.978462934494 5.0601429393282e-05
-0.025922365486622 -0.15765018761158 0.94988834857941 -0.0013010536786169 0.00032298194128089 2.9778959751129 -5.5316045290965e-06
-0.027525179088116 -0.16724100708961 0.94985443353653 -0.0013756542466581 0.00029161135898903 2.9781415462494 7.2007380367722e-05
-0.02910204231739 -0.17682385444641 0.9498245716095 -0.0012626476818696 0.00029565577278845 2.978104352951 1.248415082955e-05
-0.030711829662323 -0.1864358484745 0.94987618923187 -0.00098720018286258 0.00027333278558217 2.9778587818146 9.9808668892365e-05
-0.032276131212711 -0.19602562487125 0.9498416185379 -0.0012478737626225 0.00024385472352151 2.9780983924866 -2.0456867787289e-05
-0.033837951719761 -0.2056235820055 0.94987237453461 -0.00099349720403552 0.00019837905711029 2.978325843811 5.0785170060408e-06
-0.03545056283474 -0.21522636711597 0.94984275102615 -0.00099101779051125 0.00018986355280504 2.9782068729401 4.8200586206804e-06
-0.036998677998781 -0.22483736276627 0.94990700483322 -0.001054405933246 0.00012998974125367 2.9780886173248 5.4417923820438e-05
-0.038572527468204 -0.23443460464478 0.94983571767807 -0.0011878915829584 0.00022493879077956 2.978209733963 4.047905531479e-05
-0.040143236517906 -0.24403744935989 0.94978368282318 -0.0010441935155541 0.00019289420743007 2.9785594940186 3.4839888485294e-06
