0.023602340370417 0.28328225016594 -1.8488442897797 -1.5785491466522 -1.5333726406097 8.4358980529942e-05 9.9368175142445e-05
0.038081500679255 0.30998274683952 -1.9139466285706 -1.540105342865 -1.5108528137207 0.00025220564566553 3.0414061257034e-05
0.053714606910944 0.33569809794426 -1.9777371883392 -1.5018842220306 -1.4870092868805 0.00025840452872217 -6.5143012761837e-06
0.070639938116074 0.36033007502556 -2.0402774810791 -1.4639797210693 -1.4619715213776 0.0003251617308706 5.7066914450843e-05
0.08918508887291 0.38407370448112 -2.1017830371857 -1.4261622428894 -1.4352259635925 0.00041385344229639 3.674723484437e-05
0.10924610495567 0.40672108530998 -2.1623601913452 -1.3882703781128 -1.4071996212006 0.00052447966299951 9.4558869022876e-05
0.13158831000328 0.42858549952507 -2.2222485542297 -1.350154876709 -1.3765144348145 0.00054736784659326 6.5903795984923e-06
0.15596517920494 0.44934174418449 -2.2813727855682 -1.3118803501129 -1.3441832065582 0.00065417937003076 -3.0149817575875e-06
0.1829579770565 0.46918246150017 -2.3400268554688 -1.2730662822723 -1.309493303299 0.00080676726065576 -2.2320908101392e-05
0.21330532431602 0.48800989985466 -2.3982903957367 -1.2337274551392 -1.2713263034821 0.00094028166495264 7.1307826146949e-05
0.24737486243248 0.5058479309082 -2.4563021659851 -1.1935720443726 -1.2294692993164 0.001032788073644 5.3587507863995e-05
0.28612741827965 0.52267026901245 -2.5142080783844 -1.1526598930359 -1.1832225322723 0.0012797897215933 6.1839367845096e-05
0.33066973090172 0.53853273391724 -2.5722160339355 -1.1107196807861 -1.1312928199768 0.0015587394591421 0.00010159414523514
0.38268646597862 0.55366182327271 -2.6306040287018 -1.0677092075348 -1.0720329284668 0.0018796508666128 2.805280382745e-05
0.44422993063927 0.5685133934021 -2.6896855831146 -1.0238535404205 -1.0039992332458 0.0022940223570913 7.0028188929427e-05
0.51892793178558 0.58444976806641 -2.7500827312469 -0.97975254058838 -0.92377686500549 0.0028390472289175 -2.2976239051786e-05
0.61281478404999 0.60483837127686 -2.8126490116119 -0.93805289268494 -0.82625699043274 0.0035600250121206 -1.1563962289074e-05
0.73766934871674 0.64155912399292 -2.8792300224304 -0.90809416770935 -0.7025740146637 0.0039314813911915 5.2307797886897e-05
0.89810693264008 0.70956707000732 -2.943487405777 -0.91145801544189 -0.54487252235413 0.0038337297737598 2.5974564778153e-05
0.80524528026581 0.52692174911499 -2.9149940013885 -0.76565146446228 -0.57739901542664 0.011151749640703 -4.2009171011159e-05
0.67430102825165 0.40276432037354 -2.8838887214661 -0.67001843452454 -0.71638512611389 0.0081543512642384 6.8623296101578e-05
0.58231294155121 0.3179144859314 -2.8549697399139 -0.61046195030212 -0.81469702720642 0.0045628137886524 9.544884233037e-05
0.51363742351532 0.25312376022339 -2.8267815113068 -0.5715811252594 -0.8864152431488 0.0026845522224903 5.2959635468142e-06
0.45877110958099 0.20046615600586 -2.7990193367004 -0.54540038108826 -0.94328212738037 0.0015525408089161 9.0040040959138e-05
0.41371285915375 0.15586423873901 -2.7716636657715 -0.52729773521423 -0.98931503295898 0.00093646720051765 1.0308326636732e-05
0.37542521953583 0.11699867248535 -2.7446179389954 -0.5148983001709 -1.028537273407 0.0005764551460743 6.2560400692746e-05
0.34242713451385 0.082257747650146 -2.7177560329437 -0.50667810440063 -1.0621998310089 0.00032230094075203 6.6941574914381e-05
0.31354415416718 0.050717830657959 -2.6911022663116 -0.5014374256134 -1.0914471149445 0.00017543509602547 3.5582459531724e-05
0.28806483745575 0.021737575531006 -2.6646151542664 -0.49876666069031 -1.1174232959747 1.6409903764725e-05 3.4053380204568e-06
0.26545178890228 -0.0052807331085205 -2.6381964683533 -0.49802231788635 -1.1401059627533 -0.00013403221964836 5.3523348469753e-05
0.24504554271698 -0.030629396438599 -2.6119022369385 -0.4988329410553 -1.1608407497406 -7.5142830610275e-05 4.0783852455206e-05
0.22696483135223 -0.054693460464478 -2.5856704711914 -0.50080108642578 -1.1784181594849 -0.00025610253214836 3.4068405511789e-05
0.20999372005463 -0.077578544616699 -2.5594346523285 -0.50409317016602 -1.1960737705231 -0.0002465657889843 4.8237336159218e-05
0.19472968578339 -0.099529504776001 -2.5332405567169 -0.50820469856262 -1.2112109661102 -0.00022272393107414 6.7129149101675e-05
0.18077313899994 -0.12068319320679 -2.5070881843567 -0.51298952102661 -1.225212097168 -0.00041012093424797 -8.0624686233932e-06
0.16782414913177 -0.14120411872864 -2.4807813167572 -0.51868987083435 -1.2381014823914 -0.00035719200968742 6.8504807131831e-05
0.1557639837265 -0.16105937957764 -2.4544823169708 -0.52508521080017 -1.2503089904785 -0.00034908577799797 3.7347338093241e-06
0.14471614360809 -0.18043541908264 -2.4282095432281 -0.53165459632874 -1.2610945701599 -0.0004451684653759 0.00010024122457253
0.13437068462372 -0.19938206672668 -2.4018402099609 -0.53889489173889 -1.2713711261749 -0.0004303865134716 5.831350790686e-05
0.12470185756683 -0.21783065795898 -2.3753216266632 -0.54709124565125 -1.2813999652863 -0.0004446916282177 -2.399436016276e-05
0.11560237407684 -0.23597431182861 -2.3487920761108 -0.55534720420837 -1.2906985282898 -0.00043896958231926 4.8494217708139e-07
0.10705077648163 -0.25382471084595 -2.3220603466034 -0.56442403793335 -1.2995231151581 -0.00035790726542473 -1.3354958355194e-05
0.099137663841248 -0.27144908905029 -2.295360326767 -0.57325863838196 -1.3072135448456 -0.00044731423258781 4.4388183596311e-05
0.091672778129578 -0.28882527351379 -2.2683749198914 -0.58303904533386 -1.3146805763245 -0.00042204186320305 5.8196892496198e-05
0.084432005882263 -0.30604767799377 -2.2413363456726 -0.59285807609558 -1.3223655223846 -0.00036649033427238 -1.9282057110104e-05
0.077837347984314 -0.32306432723999 -2.2141759395599 -0.60292196273804 -1.3289368152618 -0.0003989152610302 -1.5500396330026e-05
0.0714191198349 -0.3400399684906 -2.1868300437927 -0.61337661743164 -1.3356537818909 -0.00037197396159172 9.2876405688003e-05
0.065434813499451 -0.356853723526 -2.1593103408813 -0.62405729293823 -1.3414351940155 -0.00028828904032707 5.6239405239467e-05
0.059806704521179 -0.37358617782593 -2.1316874027252 -0.6348397731781 -1.3468196392059 -0.00043396279215813 5.457219958771e-05
0.054418444633484 -0.39017391204834 -2.1038324832916 -0.64611673355103 -1.3523263931274 -0.00038556382060051 5.4622876632493e-05
0.04923141002655 -0.40683746337891 -2.0756783485413 -0.65761470794678 -1.3574767112732 -0.00057725235819817 5.5050149967428e-05
0.044360518455505 -0.42338514328003 -2.0474374294281 -0.66928935050964 -1.3621680736542 -0.00036982819437981 1.9029192117159e-05
0.039571642875671 -0.43992948532104 -2.0189759731293 -0.68117237091064 -1.367377281189 -0.00037149712443352 1.4900211681379e-05
0.035218119621277 -0.45642232894897 -1.9902811050415 -0.6933388710022 -1.3715136051178 -0.00045041367411613 3.0363065889105e-05
0.030901789665222 -0.47296643257141 -1.9613318443298 -0.7057147026062 -1.3758749961853 -0.00037078186869621 9.5795694505796e-05
0.026788592338562 -0.48954248428345 -1.9320478439331 -0.71838355064392 -1.380007982254 -0.00035599991679192 2.1429477783386e-05
0.022856116294861 -0.50609707832336 -1.9025685787201 -0.73129963874817 -1.3839766979218 -0.00043372437357903 7.4114766903222e-05
0.01913583278656 -0.52285075187683 -1.872745513916 -0.74442315101624 -1.3876001834869 -0.00040916725993156 1.0884283256019e-05
0.015439391136169 -0.53948497772217 -1.8426949977875 -0.75776290893555 -1.3916659355164 -0.00035075470805168 5.576248804573e-05
0.012001395225525 -0.55631279945374 -1.8120994567871 -0.77180147171021 -1.3948881626129 -0.00028757378458977 5.0601429393282e-05
0.0086516141891479 -0.57318115234375 -1.781275510788 -0.78570985794067 -1.3983883857727 -0.00032953545451164 -5.5316045290965e-06
0.005431056022644 -0.59022665023804 -1.7501397132874 -0.79960322380066 -1.4015476703644 -0.00033025071024895 7.2007380367722e-05
0.0022743940353394 -0.60738039016724 -1.7185804843903 -0.81411600112915 -1.4050536155701 -0.0003381185233593 1.248415082955e-05
-0.00062882900238037 -0.62456130981445 -1.6864159107208 -0.82927417755127 -1.4074127674103 -0.00038151070475578 9.9808668892365e-05
-0.0035198926925659 -0.64208197593689 -1.6540725231171 -0.84396314620972 -1.4106140136719 -0.00025371834635735 -2.0456867787289e-05
-0.0062593221664429 -0.65957045555115 -1.62100481987 -0.85978531837463 -1.4133343696594 -0.00024060532450676 5.0785170060408e-06
-0.0089951753616333 -0.6774914264679 -1.5875616073608 -0.87523937225342 -1.4160988330841 -0.00023655220866203 4.8200586206804e-06
-0.011495232582092 -0.6955087184906 -1.5533711910248 -0.8916015625 -1.4181685447693 -0.00021223351359367 5.4417923820438e-05
-0.014057278633118 -0.71380710601807 -1.5188410282135 -0.90768694877625 -1.4211847782135 -0.0002770833671093 4.047905531479e-05
-0.016457438468933 -0.73241424560547 -1.4835822582245 -0.92445993423462 -1.4234545230865 -0.00027207657694817 3.4839888485294e-06
