1.6755916476541e-07 2.3886471467449e-07 0.91483920812607
-2.6193239932581e-07 5.0874749746299e-08 0.91483944654465
-3.932380536753e-07 1.6425072146831e-07 0.91483944654465
-5.4999031817715e-07 1.6578290740199e-07 0.91483980417252
-3.419816891892e-07 4.073186801179e-07 0.91483968496323
-6.6852646796178e-07 1.6923479506659e-07 0.91483962535858
-8.4897834540243e-07 -3.5172098478142e-07 0.91483968496323
-1.2296817430979e-06 -4.3553370687732e-08 0.91483992338181
-7.6755532063544e-07 -1.5899310312761e-07 0.91483980417252
-5.6547423810116e-07 -1.9959762198596e-07 0.91483980417252
-5.3750784445583e-07 -2.2886628414653e-07 0.91483986377716
-7.9827776744423e-07 -1.3081474037335e-07 0.91483974456787
-7.5224386364425e-07 -3.7942302810734e-07 0.91483968496323
-1.1448945542725e-06 -7.1675628987578e-07 0.91483974456787
-7.1099759679782e-07 -7.8604352893308e-07 0.91483980417252
-3.4824378758458e-07 -8.1169724808206e-07 0.91483998298645
-2.4800107212286e-07 -1.062398951035e-06 0.91483980417252
1.2782295755187e-07 -9.9769124517479e-07 0.91483992338181
-4.4309464897196e-07 -7.5444768299349e-07 0.91483998298645
-7.6911106816624e-07 -9.9299165867706e-07 0.91483992338181
-8.0468896612729e-07 -7.8636890066264e-07 0.91484016180038
-6.5647617475406e-07 -8.8521301222499e-07 0.91484010219574
-4.8667413921066e-07 -9.1253792788848e-07 0.91484010219574
-2.0644341702791e-07 -8.4999913951833e-07 0.91484004259109
-3.8648033751087e-07 -6.8948679654568e-07 0.91484022140503
-8.8497529304732e-08 -2.1100403557739e-07 0.91484040021896
-1.4617837962305e-07 -2.0897911667817e-07 0.91484028100967
6.390559192937e-10 -1.6441983063942e-07 0.91484010219574
1.8998683515292e-07 -5.5597411119379e-07 0.91483992338181
-2.3008402649793e-07 -6.7170299189456e-07 0.91484004259109
-6.9327865048763e-07 -8.6790083742017e-07 0.91484040021896
-7.8132109138096e-07 -1.2789085985787e-06 0.91484034061432
-4.8785426542963e-07 -1.5240674429151e-06 0.91484028100967
-6.5790879943961e-07 -1.2657967545238e-06 0.91484045982361
-9.5169514224835e-07 -1.1162744613102e-06 0.91484051942825
-0.00042095413664356 -0.0058089010417461 0.91486442089081
-0.0011666512582451 -0.015531265176833 0.91489040851593
-0.001865136786364 -0.025308839976788 0.91497111320496
-0.002584652742371 -0.035049185156822 0.91505992412567
-0.0033347308635712 -0.044767659157515 0.91523063182831
-0.0041106501594186 -0.054512847214937 0.91538852453232
-0.0048757367767394 -0.064255490899086 0.91537618637085
-0.0056633930653334 -0.073993191123009 0.91533434391022
-0.0064513771794736 -0.083719834685326 0.91532629728317
-0.0071661123074591 -0.093456953763962 0.91525852680206
-0.0079677170142531 -0.10318536311388 0.91523045301437
-0.0087854191660881 -0.1128968372941 0.91521483659744
-0.0095725012943149 -0.1226459145546 0.91521525382996
-0.010420485399663 -0.13240642845631 0.91520118713379
-0.011328462511301 -0.14228399097919 0.91524565219879
-0.012552570551634 -0.15205430984497 0.91531580686569
-0.014005086384714 -0.16182726621628 0.91546452045441
-0.015155518427491 -0.17186160385609 0.91554725170135
-0.016076309606433 -0.18203864991665 0.9156249165535
-0.017141040414572 -0.19209489226341 0.91566675901413
-0.018169198185205 -0.20215436816216 0.91572290658951
-0.019289279356599 -0.21212470531464 0.91572678089142
-0.020236292853951 -0.222227871418 0.91568869352341
-0.021052734926343 -0.23234581947327 0.91557133197784
-0.021960811689496 -0.2424494177103 0.91554152965546
-0.022743586450815 -0.25264695286751 0.91548252105713
-0.023517932742834 -0.26281329989433 0.91540342569351
-0.024340428411961 -0.27284070849419 0.915387570858
-0.025225164368749 -0.28299820423126 0.91533446311951
-0.026001317426562 -0.29306906461716 0.91529589891434
-0.026851106435061 -0.30314618349075 0.9152814745903
-0.027729293331504 -0.31315261125565 0.91522401571274
-0.0285007301718 -0.32305189967155 0.91524302959442
-0.029169879853725 -0.33307656645775 0.91534674167633
-0.030045887455344 -0.3431333899498 0.91538965702057
