-0.024259623140097 0.054562032222748 1.2914230823517 0.0014481421094388 0.00025642692344263 -3.0594155788422 -2.6302746846341e-05
-0.031943283975124 0.053424030542374 1.2797118425369 0.0013648252934217 0.0003869763459079 -3.0109176635742 4.4411935959943e-05
-0.039697855710983 0.052279680967331 1.2680292129517 0.001403205213137 0.00034502588096075 -2.9637010097504 8.2343321992084e-05
-0.047376990318298 0.051125943660736 1.2563025951385 0.001457006437704 0.00057662860490382 -2.915146112442 1.3308289453562e-05
-0.055073171854019 0.050008922815323 1.2446358203888 0.0014093585778028 0.0005999956629239 -2.866651058197 1.0859629583138e-05
-0.062791161239147 0.04886120557785 1.2329254150391 0.0012717549689114 0.00080295227235183 -2.8184967041016 1.8657894543139e-05
-0.070473209023476 0.047740176320076 1.2212229967117 0.0014687143266201 0.00075812701834366 -2.7701165676117 6.693416798953e-05
-0.078183755278587 0.046584904193878 1.2095167636871 0.0014497067313641 0.00084060232620686 -2.7224187850952 6.2816197896609e-06
-0.085867553949356 0.045458860695362 1.1978385448456 0.0013192567275837 0.001045161858201 -2.6741065979004 3.7930287362542e-05
-0.093576818704605 0.044285401701927 1.1861159801483 0.0015251571312547 0.00089881580788642 -2.6263384819031 -1.1122601790703e-06
-0.10128311812878 0.04317045211792 1.174418926239 0.0013696039095521 0.0010865188669413 -2.5778918266296 1.3702899195778e-05
-0.10896334052086 0.042047843337059 1.16273021698 0.0013122991658747 0.0013044277438894 -2.5292615890503 8.7817628809717e-05
-0.11666810512543 0.040897488594055 1.1510334014893 0.0013130398001522 0.0013477398315445 -2.4812469482422 2.2844018531032e-05
-0.12437218427658 0.039750002324581 1.1393224000931 0.0011984562734142 0.0014041492249817 -2.4330434799194 4.2010244214907e-05
-0.13207425177097 0.038621202111244 1.1276340484619 0.0013270500348881 0.0012923824833706 -2.3854529857635 -1.3847361515218e-05
-0.1397695094347 0.037479445338249 1.1159143447876 0.001263139420189 0.0012759353267029 -2.3369081020355 1.7356702301186e-05
-0.14748124778271 0.036329314112663 1.104215502739 0.00097572786035016 0.0012093494879082 -2.2892014980316 3.4831005905289e-05
-0.15517044067383 0.035189244896173 1.0924978256226 0.00066269846865907 0.0010113458847627 -2.2411503791809 2.6566107408144e-05
-0.16288590431213 0.034048866480589 1.0808064937592 0.00043123916839249 0.00058790488401428 -2.1927599906921 2.4150092485797e-06
-0.17057649791241 0.032911688089371 1.0691195726395 1.6837298062455e-06 1.3927905456512e-05 -2.1449143886566 2.1523595933104e-05
-0.17828166484833 0.031756687909365 1.0573922395706 -0.00028680177638307 -0.0006087701767683 -2.096821308136 0.00011005155101884
-0.18598315119743 0.030618701130152 1.0457286834717 -0.00066234130645171 -0.00094675691798329 -2.0489430427551 8.6148820628296e-06
-0.19367504119873 0.02951018884778 1.0340008735657 -0.00050368660595268 -0.001012321212329 -2.0009293556213 1.2446855180315e-05
-0.20138046145439 0.028364239260554 1.0222432613373 -6.4034342358354e-05 -0.00038600648986176 -1.952690243721 8.6794469098095e-05
-0.20907619595528 0.02725026383996 1.0106228590012 0.00024216035671998 0.00059577927459031 -1.9042228460312 1.8273485693499e-05
-0.2167761772871 0.026093147695065 0.9988694190979 0.00075414299499243 0.001181019237265 -1.8559721708298 4.2635881982278e-05
-0.22447343170643 0.024918172508478 0.98715627193451 0.00085306313121691 0.0017033497570083 -1.8084723949432 1.2222819350427e-05
-0.23217299580574 0.023789143189788 0.97548335790634 0.00063328439136967 0.0018821558915079 -1.7611446380615 8.6325431766454e-05
-0.23988154530525 0.02266569621861 0.9637638926506 0.00060075492365286 0.0017761246999726 -1.7125686407089 2.8376171030686e-05
-0.24757118523121 0.021528843790293 0.95208764076233 0.00053006410598755 0.0018076340202242 -1.6648876667023 5.1502967835404e-05
-0.24093157052994 0.020593050867319 0.94983351230621 9.6156349172816e-05 -0.0017329783877358 -1.6551407575607 -0.0071740578860044
-0.23131911456585 0.019795179367065 0.94986093044281 -0.00019823528418783 -0.002208708319813 -1.6553131341934 -0.013284531421959
-0.22173218429089 0.018948819488287 0.94983094930649 -0.00021152167755645 -0.002165695419535 -1.6551642417908 -0.019818658009171
-0.21211674809456 0.01816625520587 0.94987785816193 -0.0001969351869775 -0.0021131548564881 -1.6557589769363 -0.026303634047508
-0.20253528654575 0.017330873757601 0.94985127449036 -0.00024231514544226 -0.002123563317582 -1.655259847641 -0.032914023846388
-0.19293741881847 0.016502760350704 0.94988578557968 -0.00031341810245067 -0.0022588819265366 -1.655654668808 -0.039005897939205
-0.18332506716251 0.01567517966032 0.9498947262764 -0.00014548534818459 -0.0020619318820536 -1.6552855968475 -0.045368399471045
-0.1737324744463 0.014859925024211 0.94986408948898 -0.0001765775232343 -0.002112845191732 -1.6554921865463 -0.051728241145611
-0.16414080560207 0.014037194661796 0.94985282421112 -0.00012137826706748 -0.0021230285055935 -1.6554627418518 -0.058168116956949
-0.15453386306763 0.013223399408162 0.94988477230072 -0.00016552014858462 -0.0021582855843008 -1.6553236246109 -0.064488381147385
-0.1449362039566 0.012410723604262 0.94989782571793 -0.00016038113972172 -0.0021044297609478 -1.6554154157639 -0.070737585425377
-0.13533152639866 0.011582963168621 0.94991141557693 -0.0003088996745646 -0.002097875578329 -1.6553480625153 -0.077180005609989
-0.12574185431004 0.010763619095087 0.94988906383514 -0.00013060549099464 -0.002150485990569 -1.655438542366 -0.083381988108158
-0.11616694182158 0.0099483728408813 0.94997102022171 -0.00031678620143794 -0.0023722918704152 -1.6558773517609 -0.088891036808491
-0.10658080875874 0.0091091319918633 0.94993668794632 -0.00032307850779034 -0.0021795460488647 -1.6560258865356 -0.09381465613842
-0.096990220248699 0.0083058448508382 0.94999259710312 -0.00020448166469578 -0.0021416030358523 -1.6555448770523 -0.098787933588028
-0.089695125818253 0.0076559828594327 0.9622962474823 -4.7538029321004e-05 0.0016650975449011 -1.65616106987 -0.10207129269838
-0.089697316288948 0.0076276604086161 1.0102186203003 0.002094762865454 0.0093554398044944 -1.6570346355438 -0.10308559983969
-0.089689671993256 0.0076177027076483 1.0581883192062 0.0027105798944831 0.012816214933991 -1.6572408676147 -0.10381715744734
-0.089683547616005 0.0076300529763103 1.1062361001968 0.0030905748717487 0.015394671820104 -1.6577101945877 -0.10481568425894
-0.089689493179321 0.0076362919062376 1.1542195081711 0.0036208212841302 0.017498694360256 -1.6583405733109 -0.10648114979267
-0.089699417352676 0.0076222885400057 1.2022346258163 0.0040190280415118 0.019230097532272 -1.6586468219757 -0.10758935660124
