-0.081409603357315 0.2039951980114 -1.7596476078033 -1.5873372554779 -1.7344110012054 -0.00032691308297217 -2.6302746846341e-05
-0.12466087937355 0.18489643931389 -1.7744116783142 -1.5535335540771 -1.8255617618561 -0.0004694873932749 4.4411935959943e-05
-0.16608992218971 0.16330048441887 -1.7867112159729 -1.5196447372437 -1.9147164821625 -0.00048021622933447 8.2343321992084e-05
-0.20574942231178 0.1391381919384 -1.7964515686035 -1.485857963562 -2.0029957294464 -0.00073532410897315 1.3308289453562e-05
-0.24329677224159 0.112971752882 -1.8037528991699 -1.4524126052856 -2.0890171527863 -0.00092915841378272 1.0859629583138e-05
-0.27865067124367 0.084655731916428 -1.8086614608765 -1.419358253479 -2.1723656654358 -0.0011923725251108 1.8657894543139e-05
-0.31185999512672 0.054563969373703 -1.8110952377319 -1.3870611190796 -2.2537596225739 -0.0013845378998667 6.693416798953e-05
-0.34296599030495 0.022825211286545 -1.8111922740936 -1.3553853034973 -2.3329405784607 -0.0016799385193735 6.2816197896609e-06
-0.37205854058266 -0.010278254747391 -1.8089134693146 -1.324716091156 -2.4103002548218 -0.0019269401673228 3.7930287362542e-05
-0.39914026856422 -0.044822245836258 -1.8042314052582 -1.2952599525452 -2.4856803417206 -0.0022871906403452 -1.1122601790703e-06
-0.42428913712502 -0.080305844545364 -1.7973506450653 -1.2669951915741 -2.5590295791626 -0.0027742797974497 1.3702899195778e-05
-0.44755926728249 -0.11672046780586 -1.7882645130157 -1.2401304244995 -2.6305344104767 -0.0033469612244517 8.7817628809717e-05
-0.46907702088356 -0.15385153889656 -1.7770509719849 -1.2147381305695 -2.7002749443054 -0.0038488323334605 2.2844018531032e-05
-0.48891773819923 -0.19170549511909 -1.7637131214142 -1.191027879715 -2.7680931091309 -0.0046401433646679 4.2010244214907e-05
-0.50717628002167 -0.22993901371956 -1.7483794689178 -1.1691212654114 -2.8342735767365 -0.0056412629783154 -1.3847361515218e-05
-0.52397215366364 -0.26860168576241 -1.7311267852783 -1.1487925052643 -2.8992373943329 -0.0066931657493114 1.7356702301186e-05
-0.5393785238266 -0.30757668614388 -1.7119202613831 -1.1302826404572 -2.9627742767334 -0.0081527642905712 3.4831005905289e-05
-0.55346262454987 -0.34677627682686 -1.6909651756287 -1.1136028766632 -3.0248701572418 -0.009664099663496 2.6566107408144e-05
-0.56634509563446 -0.38600328564644 -1.6683197021484 -1.0984060764313 -3.0858421325684 -0.011022608727217 2.4150092485797e-06
-0.57808268070221 -0.42513659596443 -1.6442139148712 -1.0842680931091 -3.1458089351654 -0.012054245918989 2.1523595933104e-05
-0.58875334262848 -0.46411779522896 -1.618926525116 -1.0704567432404 -3.2043776512146 -0.011800091713667 0.00011005155101884
-0.59844124317169 -0.50246906280518 -1.5927293300629 -1.0563049316406 -3.2619066238403 -0.009884636849165 8.6148820628296e-06
-0.6071754693985 -0.540531873703 -1.5654590129852 -1.0419030189514 -3.3189902305603 -0.0062070302665234 1.2446855180315e-05
-0.61506950855255 -0.57817435264587 -1.537273645401 -1.028153181076 -3.3745746612549 -0.0018296651542187 8.6794469098095e-05
-0.62216055393219 -0.61558270454407 -1.5074214935303 -1.0167582035065 -3.4299190044403 0.0017947740852833 1.8273485693499e-05
-0.62849605083466 -0.65351724624634 -1.4758675098419 -1.0083131790161 -3.4844152927399 0.0039424486458302 4.2635881982278e-05
-0.6341415643692 -0.69150042533875 -1.4427435398102 -1.0029277801514 -3.5378074645996 0.0044893808662891 1.2222819350427e-05
-0.6391886472702 -0.72938823699951 -1.4082527160645 -0.99971652030945 -3.5905742645264 0.0041107721626759 8.6325431766454e-05
-0.64359557628632 -0.76746964454651 -1.3723249435425 -0.99801421165466 -3.6432862281799 0.003709752112627 2.8376171030686e-05
-0.64747107028961 -0.80527114868164 -1.3353567123413 -0.99749088287354 -3.6952173709869 0.0032486505806446 5.1502967835404e-05
-0.63727700710297 -0.80332112312317 -1.3473749160767 -0.99441051483154 -3.6939249038696 -0.0027511529624462 -0.0071740578860044
-0.6242014169693 -0.79061579704285 -1.3720331192017 -0.98333024978638 -3.6810812950134 -0.0038159303367138 -0.013284531421959
-0.61090624332428 -0.77818298339844 -1.3961837291718 -0.97175335884094 -3.6676261425018 -0.0038166455924511 -0.019818658009171
-0.59736216068268 -0.76581335067749 -1.4197261333466 -0.96059584617615 -3.6542341709137 -0.0039446763694286 -0.026303634047508
-0.58357012271881 -0.75398874282837 -1.4424884319305 -0.94981408119202 -3.6405522823334 -0.0041430406272411 -0.032914023846388
-0.56955015659332 -0.74232077598572 -1.464786529541 -0.93931460380554 -3.6263899803162 -0.0042329244315624 -0.039005897939205
-0.55525839328766 -0.73094582557678 -1.4863858222961 -0.92910051345825 -3.6121728420258 -0.0043387822806835 -0.045368399471045
-0.54072725772858 -0.71992588043213 -1.5074167251587 -0.91925311088562 -3.5977506637573 -0.0045369081199169 -0.051728241145611
-0.52596652507782 -0.7092547416687 -1.5278487205505 -0.90977025032043 -3.5828177928925 -0.004720252007246 -0.058168116956949
-0.51091349124908 -0.69870948791504 -1.5477068424225 -0.90057444572449 -3.5679216384888 -0.0048799924552441 -0.064488381147385
-0.49563872814178 -0.68849277496338 -1.566987991333 -0.89165616035461 -3.5526413917542 -0.0050721578299999 -0.070737585425377
-0.48010051250458 -0.67858099937439 -1.5856854915619 -0.88306951522827 -3.5371508598328 -0.0053160600364208 -0.077180005609989
-0.46432769298553 -0.6689133644104 -1.6038851737976 -0.87478518486023 -3.5212709903717 -0.0055504254996777 -0.083381988108158
-0.4483095407486 -0.65946388244629 -1.6215901374817 -0.86660695075989 -3.5051422119141 -0.0058410577476025 -0.088891036808491
-0.43202292919159 -0.65019011497498 -1.6388983726501 -0.85791516304016 -3.4888141155243 -0.0052779130637646 -0.09381465613842
-0.41549336910248 -0.64121508598328 -1.655552148819 -0.8502197265625 -3.4721565246582 -0.0051606111228466 -0.098787933588028
-0.40284430980682 -0.6131112575531 -1.6640198230743 -0.86056542396545 -3.4591748714447 0.003646332770586 -0.10207129269838
-0.40286767482758 -0.53828406333923 -1.6373891830444 -0.93735480308533 -3.4584276676178 0.028447110205889 -0.10308559983969
-0.40286815166473 -0.47593283653259 -1.5932238101959 -1.0306487083435 -3.4581639766693 0.04132266715169 -0.10381715744734
-0.40288174152374 -0.42547917366028 -1.5336689949036 -1.1324896812439 -3.4580082893372 0.04954095557332 -0.10481568425894
-0.40292966365814 -0.38701677322388 -1.45938539505 -1.2396924495697 -3.4575340747833 0.054874856024981 -0.10648114979267
-0.40296137332916 -0.36106872558594 -1.3700239658356 -1.3501601219177 -3.4571690559387 0.059725720435381 -0.10758935660124
