9.6619551470667e-08 1.788836527794e-07 0.91483891010284
-1.5402663677833e-07 -4.6744511905672e-07 0.91483920812607
-4.007174823073e-07 -2.1088136747949e-07 0.91483908891678
-5.1419906554884e-08 3.6653432289313e-08 0.91483902931213
1.2730581033793e-07 6.6666920872649e-08 0.91483902931213
3.927317209218e-07 3.0485955448967e-07 0.91483902931213
1.271511562706e-09 5.8914247347275e-07 0.91483902931213
9.0683343501041e-08 7.7695591471638e-07 0.9148388504982
-1.0753608137293e-07 9.1462698037503e-07 0.9148388504982
-5.8842937278314e-07 8.0626790577298e-07 0.91483891010284
-5.8615790976546e-07 3.8751261399739e-07 0.91483902931213
-3.3396301546418e-07 -3.3974242086288e-08 0.91483926773071
-4.0329518924409e-07 2.1558998142268e-08 0.91483944654465
-2.3036029972445e-07 -2.8718940825456e-07 0.91483938694
-2.5027205197148e-07 -2.1599818467166e-07 0.91483950614929
-2.5249798341065e-07 -2.4056780034698e-07 0.91483962535858
-3.5508659834704e-07 -4.3059742438345e-07 0.91483980417252
-4.1251954030486e-07 -8.7512876234541e-07 0.91483998298645
-6.0969813375777e-07 -1.552092271595e-06 0.91483998298645
-7.3216534701714e-07 -1.5508771866735e-06 0.91484016180038
-9.0437720245973e-07 -1.5291354884539e-06 0.91483992338181
-9.4870955535953e-07 -1.4749988395124e-06 0.91484022140503
-5.165383640815e-07 -1.4933527836547e-06 0.91484028100967
-5.694689093616e-07 -1.3710626944885e-06 0.91484040021896
-4.0972301462716e-07 -1.3596595636045e-06 0.9148405790329
-8.0784644751475e-07 -1.2271424338905e-06 0.91484087705612
-8.4877751760359e-07 -1.3383317991611e-06 0.91484087705612
-6.5765709678089e-07 -1.3858642660125e-06 0.91484087705612
-1.0528501661611e-06 -1.2625611134354e-06 0.91484087705612
-1.1374804671505e-06 -1.2102915434298e-06 0.91484105587006
-1.17431795843e-06 -1.8936354990728e-06 0.91484123468399
-6.9560076099151e-07 -2.3952186438692e-06 0.91484129428864
-9.9480041626521e-07 -2.0716079234262e-06 0.91484147310257
-9.6307087460445e-07 -1.8375903891865e-06 0.91484147310257
-8.1539741358938e-07 -2.1769037630293e-06 0.91484129428864
-6.634940064032e-07 -1.8661404510567e-06 0.91484135389328
-1.1990847497145e-06 -1.6222594467763e-06 0.91484135389328
-8.925345582611e-07 -1.5318257737817e-06 0.91484171152115
-8.4901637364965e-07 -1.9818012333417e-06 0.91484177112579
-9.6976737040677e-07 -1.4399885230887e-06 0.91484189033508
-1.0111590427186e-06 -1.7243172578674e-06 0.91484194993973
-7.6412675298343e-07 -1.4652895288236e-06 0.91484200954437
-5.1243642928966e-07 -1.3689028719455e-06 0.91484206914902
0.0014734084252268 -7.1730777563062e-05 0.91540759801865
0.0045037963427603 -0.00043135770829394 0.91692823171616
0.0074061723425984 -0.00084591319318861 0.91839200258255
0.010239885188639 -0.0010104716056958 0.9303417801857
0.0097733857110143 -0.0010861689224839 0.97662419080734
0.0092627312988043 -0.00080368696944788 1.0231649875641
0.0084985019639134 -0.00068858481245115 1.0703778266907
0.0072349216789007 -0.00052274338668212 1.1175417900085
0.0062614376656711 -0.00058096006978303 1.1647974252701
