-0.0052937380969524 0.07444629073143 1.279274225235 0.0026567161548883 -7.8582648711745e-05 3.1284289360046 0.00010059005580842
-0.0027753785252571 0.084044918417931 1.2609289884567 0.0024797692894936 -3.7644043914042e-05 3.1199822425842 -3.4562592190923e-05
-0.00026047602295876 0.093659296631813 1.2425755262375 0.0024882771540433 -0.00012142916966695 3.1118874549866 8.7708494902472e-06
0.0022730166092515 0.1032539755106 1.2242203950882 0.0023925011046231 -0.00012186465755804 3.1037631034851 6.900166044943e-05
0.0047874562442303 0.1128441542387 1.2058575153351 0.0023161296267062 -0.00016873842105269 3.0956158638 5.8852416259469e-05
0.0073330011218786 0.12246486544609 1.1875039339066 0.0022056177258492 -0.00011638036812656 3.0883033275604 -2.9449727207975e-06
0.0098637100309134 0.13207073509693 1.1691493988037 0.0023285667411983 -0.0002515502856113 3.0801846981049 0.00010336562991142
0.012403730303049 0.14166773855686 1.1507856845856 0.0023539906833321 -0.00023494102060795 3.07248878479 -1.122344929172e-05
0.014927543699741 0.15126615762711 1.1324318647385 0.0022576567716897 -0.0003545208601281 3.0646162033081 1.357213841402e-05
0.017450449988246 0.16085363924503 1.1140698194504 0.0022490813862532 -0.00028907359228469 3.0561554431915 4.7036428441061e-05
0.019963443279266 0.17046342790127 1.0957207679749 0.0023221864830703 -0.000525813549757 3.0490927696228 0.00010234809451504
0.022503197193146 0.18006590008736 1.0773553848267 0.0024295526091009 -0.00045548027264886 3.0419855117798 -1.397547111992e-05
0.025009255856276 0.18966338038445 1.0590046644211 0.0025523994117975 -0.00064822746207938 3.0339932441711 5.1957445975859e-05
0.027544945478439 0.19925613701344 1.0406478643417 0.0027089158538729 -0.00067724607652053 3.0272579193115 0.00010430315887788
0.030084248632193 0.20885761082172 1.0222907066345 0.0027185473591089 -0.00068856973666698 3.0207469463348 2.7822110496345e-05
0.0325907766819 0.21845619380474 1.0039305686951 0.0029888830613345 -0.00087467778939754 3.0149855613708 4.2621413740562e-05
0.035155594348907 0.22806626558304 0.98557275533676 0.0031545711681247 -0.00098976481240243 3.0121598243713 3.6892328353133e-05
0.037681728601456 0.23765608668327 0.96722275018692 0.0025973836891353 -0.00098144740331918 3.0128197669983 -3.0013610739843e-05
0.039893716573715 0.24606838822365 0.95025992393494 0.0010532025480643 -0.00063496036455035 3.023218870163 -1.1202697351109e-05
0.038503438234329 0.23691341280937 0.95001459121704 0.0061892182566226 -0.0019455660367385 2.9552547931671 4.2137231503148e-05
0.036963332444429 0.22729021310806 0.95000183582306 0.0061350739561021 -0.0021120910532773 2.9627795219421 5.6148681323975e-05
0.035378944128752 0.21769306063652 0.94999527931213 0.0042963111773133 -0.0012765970313922 2.96950340271 -5.4697275118087e-06
0.033810529857874 0.20807448029518 0.94999551773071 0.0029120170511305 -0.00077018310548738 2.9729933738708 9.5156108727679e-05
0.032270900905132 0.19848462939262 0.94999116659164 0.001979700056836 -0.00055635400349274 2.9753947257996 -1.1668984370772e-05
0.030703317373991 0.18886932730675 0.94998848438263 0.0013468592660502 -0.00023717086878605 2.9762048721313 -1.8254311726196e-05
0.029110096395016 0.17927758395672 0.94999128580093 0.00089267885778099 -0.00019183690892532 2.9765441417694 0.00015145890938584
0.027549117803574 0.16968347132206 0.94998753070831 0.00062311009969562 -6.9885281845927e-05 2.9773514270782 1.7306712834397e-05
0.026009730994701 0.16008798778057 0.94998854398727 0.00032713758992031 -0.00010146317799808 2.9783055782318 2.0746438167407e-05
0.024448659271002 0.15047916769981 0.94998383522034 0.00016448920359835 3.0231763958e-05 2.9779915809631 4.8825131671038e-05
0.022906709462404 0.14089192450047 0.94998061656952 6.5866566728801e-05 0.00010760568693513 2.9792082309723 2.9528249797295e-05
0.02133759483695 0.13129968941212 0.94997692108154 -0.00012648894335143 2.1980695237289e-05 2.9797222614288 1.7582389773452e-05
0.019729804247618 0.12168717384338 0.94998890161514 -0.0001959818036994 0.00014725339133292 2.9788091182709 -6.9923471528455e-06
0.018209870904684 0.11209379136562 0.94998323917389 -0.00043337341048755 0.000182904797839 2.9789838790894 -4.6856453082e-06
0.016659252345562 0.10248339176178 0.94998919963837 -0.00064797070808709 8.0494028225075e-05 2.9785990715027 7.466697570635e-05
0.015109419822693 0.092899665236473 0.94998204708099 -0.0006910054362379 0.0001074015017366 2.9794266223907 -4.4228072511032e-06
0.013536434620619 0.083291739225388 0.94997870922089 -0.00083955941954628 0.00016900629270822 2.9792447090149 8.7150001490954e-06
0.011974833905697 0.073691323399544 0.94997602701187 -0.0010177235817537 0.00026194745441899 2.9790387153625 3.5531080357032e-05
0.010419711470604 0.064100071787834 0.94997006654739 -0.0012534899869934 0.00027988743386231 2.9789590835571 -3.061199458898e-05
0.0088680759072304 0.054491147398949 0.94997274875641 -0.0014804671518505 0.00030134472763166 2.9787614345551 -2.4126515199896e-05
0.0072843283414841 0.044888809323311 0.94997733831406 -0.0013345839688554 0.00032813713187352 2.9788439273834 9.2135625891387e-05
0.0057470388710499 0.035297602415085 0.94997292757034 -0.0013654329814017 0.00033555677509867 2.9793593883514 7.946215919219e-05
0.0041848588734865 0.02569417655468 0.94996690750122 -0.0015418502734974 0.00029934383928776 2.9792356491089 1.7486798242317e-05
0.0026290901005268 0.016095340251923 0.94995701313019 -0.0011789983836934 0.00040112002170645 2.9795770645142 8.7066640844569e-05
0.0010727439075708 0.0065093785524368 0.94995176792145 -0.0011545692104846 0.00036972964880988 2.9799559116364 9.4400602392852e-05
-0.00050526484847069 -0.0030966252088547 0.9499568939209 -0.001249614986591 0.00028279193793423 2.9797251224518 1.0382093933003e-05
-0.0020411405712366 -0.012689240276814 0.94995099306107 -0.0012301375390962 0.00026990886544809 2.9802997112274 0.00010613235644996
-0.0036277864128351 -0.022301457822323 0.94995880126953 -0.0013430175604299 0.00025048790848814 2.97980260849 2.8312342692516e-06
-0.0051906332373619 -0.031899452209473 0.94990748167038 -0.0012372067430988 0.000256827857811 2.9799485206604 -6.2396115936281e-06
-0.0067236572504044 -0.041505083441734 0.94995337724686 -0.0012697353959084 0.00034886429784819 2.9797627925873 -1.0086674592458e-05
-0.0083206593990326 -0.051109485328197 0.94998782873154 -0.001481675892137 0.00019874372810591 2.9791052341461 0.00012374292418826
-0.0098415650427341 -0.060679592192173 0.94995850324631 -0.0013044256484136 0.00011510128388181 2.9811375141144 -1.1894826457137e-05
-0.011382034048438 -0.070293813943863 0.94994550943375 -0.0013352025998756 0.00023367362155113 2.980295419693 1.9229490135331e-05
-0.012932322919369 -0.079888328909874 0.94993424415588 -0.001433668890968 0.00034825206967071 2.9805433750153 -2.2569485736312e-05
-0.014492250978947 -0.089475825428963 0.94992661476135 -0.0013932234141976 0.00034303305437788 2.9808540344238 -9.4781235020491e-06
-0.016020456328988 -0.099081367254257 0.94992005825043 -0.0014298119349405 0.00026823536609299 2.9809472560883 1.6995925761876e-05
-0.017638687044382 -0.10869378596544 0.94989007711411 -0.0012604130897671 0.00043854099931195 2.9800169467926 4.3545274820644e-05
-0.019181333482265 -0.11829927563667 0.94989448785782 -0.0015312344767153 0.00025512953288853 2.9804615974426 1.546537532704e-05
-0.020732564851642 -0.12789422273636 0.94990438222885 -0.0013513414887711 0.00039301463402808 2.9803996086121 -1.7329632100882e-05
-0.022309355437756 -0.13746300339699 0.94990253448486 -0.0013290917268023 0.00025480464682914 2.9805943965912 7.6782780524809e-05
-0.023868884891272 -0.14707893133163 0.949866771698 -0.0011300733312964 0.00027573489933275 2.9806454181671 1.5855546735111e-05
-0.02541060000658 -0.15667074918747 0.94987589120865 -0.0011307982495055 0.00033324438845739 2.9809813499451 7.4735668022186e-05
-0.026980750262737 -0.1662831902504 0.94986826181412 -0.0011600349098444 0.00029012819868512 2.9803128242493 5.0449158152333e-05
-0.028540268540382 -0.17588202655315 0.94985383749008 -0.0012490530498326 0.00037005124613643 2.9810402393341 3.7602429074468e-05
-0.030134327709675 -0.18546858429909 0.94984829425812 -0.0012477445416152 0.00033108977368101 2.9803643226624 1.4375642422237e-05
-0.031677525490522 -0.19507387280464 0.94986057281494 -0.00098229944705963 0.00020977613166906 2.9804928302765 7.8520373790525e-05
-0.033244110643864 -0.20466828346252 0.9498085975647 -0.0013040306512266 0.00054519926197827 2.9802353382111 -1.6030455299187e-05
-0.034728083759546 -0.21428975462914 0.94990390539169 -0.0011905076680705 0.00026266352506354 2.9806549549103 -2.0765053704963e-05
-0.036355808377266 -0.22387707233429 0.9498850107193 -0.001049091340974 0.00029649172211066 2.9804968833923 8.0167264968622e-05
-0.037892982363701 -0.23348635435104 0.94988834857941 -0.001142157940194 0.00022668890596833 2.9805929660797 1.9124548998661e-05
-0.039440177381039 -0.24308678507805 0.94986081123352 -0.0010073927696794 0.0002721392957028 2.9803750514984 6.1601531342603e-06
