0.023248765617609 0.28318831324577 -1.8487603664398 -1.5785653591156 -1.5341811180115 0.00014587097393814 0.00010059005580842
0.037654493004084 0.30989643931389 -1.9138374328613 -1.5400683879852 -1.5114667415619 0.00018973997794092 -3.4562592190923e-05
0.053105447441339 0.33552834391594 -1.9775140285492 -1.5020034313202 -1.4878780841827 0.0002936904784292 8.7708494902472e-06
0.069836229085922 0.36016032099724 -2.0400445461273 -1.4640061855316 -1.4631357192993 0.00026937178336084 6.900166044943e-05
0.088053792715073 0.38377234339714 -2.1015005111694 -1.4261903762817 -1.4369349479675 0.00041051558218896 5.8852416259469e-05
0.10792741179466 0.40650555491447 -2.162086725235 -1.3882637023926 -1.4093019962311 0.00043245009146631 -2.9449727207975e-06
0.12994632124901 0.42826506495476 -2.2218935489655 -1.3502073287964 -1.3789563179016 0.0006136482115835 0.00010336562991142
0.15397557616234 0.44899699091911 -2.2810196876526 -1.3118352890015 -1.3474380970001 0.00060983351431787 -1.122344929172e-05
0.18069419264793 0.46873518824577 -2.3396017551422 -1.2730417251587 -1.3128962516785 0.00083108595572412 1.357213841402e-05
0.21074017882347 0.48752066493034 -2.3978328704834 -1.233649969101 -1.2747688293457 0.0009045188780874 4.7036428441061e-05
0.24422416090965 0.5052638053894 -2.4557678699493 -1.1935503482819 -1.2340321540833 0.0011496131774038 0.00010234809451504
0.28252705931664 0.52200508117676 -2.5136606693268 -1.1525142192841 -1.1882262229919 0.0012192314025015 -1.397547111992e-05
0.32660302519798 0.53781414031982 -2.5716035366058 -1.1106083393097 -1.1366722583771 0.0015406196471304 5.1957445975859e-05
0.37786063551903 0.55278348922729 -2.6299211978912 -1.0674993991852 -1.0784027576447 0.0018505637999624 0.00010430315887788
0.43855342268944 0.56749296188354 -2.688985824585 -1.0234053134918 -1.0113654136658 0.0022220199462026 2.7822110496345e-05
0.51227104663849 0.58309984207153 -2.7492673397064 -0.97922897338867 -0.9322521686554 0.0027317588683218 4.2621413740562e-05
0.60473835468292 0.6030535697937 -2.8117387294769 -0.93716740608215 -0.83630132675171 0.0034398620482534 3.6892328353133e-05
0.72736895084381 0.63830614089966 -2.8781452178955 -0.90583539009094 -0.71477913856506 0.0037922449409962 -3.0013610739843e-05
0.88923704624176 0.71905088424683 -2.9447195529938 -0.91795754432678 -0.5633282661438 0.0023827143013477 -1.1202697351109e-05
0.81131708621979 0.53977298736572 -2.9176278114319 -0.77561736106873 -0.57278609275818 0.010855633765459 4.2137231503148e-05
0.67735826969147 0.41095447540283 -2.8863055706024 -0.67604470252991 -0.71480798721313 0.0083469934761524 5.6148681323975e-05
0.5834242105484 0.32388973236084 -2.857305765152 -0.61424088478088 -0.81516528129578 0.0047616548836231 -5.4697275118087e-06
0.5136114358902 0.2578821182251 -2.8290491104126 -0.57423424720764 -0.88851952552795 0.0027184076607227 9.5156108727679e-05
0.45840561389923 0.20451354980469 -2.8013339042664 -0.54721140861511 -0.94589829444885 0.0016498155891895 -1.1668984370772e-05
0.41294777393341 0.15935754776001 -2.7739443778992 -0.52857494354248 -0.99245381355286 0.00092025473713875 -1.8254311726196e-05
0.37457573413849 0.12008714675903 -2.7468757629395 -0.5158109664917 -1.0316243171692 0.00060029700398445 0.00015145890938584
0.34154999256134 0.085083484649658 -2.7200491428375 -0.50723099708557 -1.0651271343231 0.00036521628499031 1.7306712834397e-05
0.3126608133316 0.053359985351562 -2.6934180259705 -0.50185465812683 -1.0946815013885 0.00015969946980476 2.0746438167407e-05
0.28732311725616 0.024176597595215 -2.6669414043427 -0.49891424179077 -1.1202709674835 3.2383948564529e-05 4.8825131671038e-05
0.26450645923615 -0.0029520988464355 -2.6405467987061 -0.49805974960327 -1.1436250209808 -3.4850090742111e-05 2.9528249797295e-05
0.2442866563797 -0.028434753417969 -2.6142406463623 -0.49874639511108 -1.1636588573456 -7.8480690717697e-05 1.7582389773452e-05
0.22605621814728 -0.052542924880981 -2.5880014896393 -0.50065970420837 -1.1816327571869 -0.00019768998026848 -6.9923471528455e-06
0.20929825305939 -0.075512886047363 -2.5618364810944 -0.50374174118042 -1.1989591121674 -0.00026063248515129 -4.6856453082e-06
0.19420874118805 -0.097521305084229 -2.5356814861298 -0.50767183303833 -1.2138066291809 -0.00025347992777824 7.466697570635e-05
0.18015825748444 -0.1187424659729 -2.5095012187958 -0.51250505447388 -1.2280745506287 -0.00024537369608879 -4.4228072511032e-06
0.16719925403595 -0.13933634757996 -2.4832088947296 -0.51813387870789 -1.2409858703613 -0.00035027787089348 8.7150001490954e-06
0.15539228916168 -0.15924525260925 -2.4570345878601 -0.52413558959961 -1.2526817321777 -0.00042514130473137 3.5531080357032e-05
0.14445507526398 -0.17865014076233 -2.4307789802551 -0.53078246116638 -1.2633037567139 -0.00043181702494621 -3.061199458898e-05
0.1341587305069 -0.19759106636047 -2.4044582843781 -0.53787231445312 -1.2736403942108 -0.00045685097575188 -2.4126515199896e-05
0.12443459033966 -0.21608734130859 -2.3779106140137 -0.54614901542664 -1.2836470603943 -0.00045708939433098 9.2135625891387e-05
0.11539661884308 -0.23422932624817 -2.3513777256012 -0.55447745323181 -1.2930119037628 -0.0004611425101757 7.946215919219e-05
0.10699903964996 -0.25216126441956 -2.3247766494751 -0.56298494338989 -1.3012793064117 -0.00045851990580559 1.7486798242317e-05
0.09891140460968 -0.26976323127747 -2.2979040145874 -0.57254481315613 -1.3099083900452 -0.00043658539652824 8.7066640844569e-05
0.091462731361389 -0.28713750839233 -2.2710337638855 -0.5820484161377 -1.317453622818 -0.00041894242167473 9.4400602392852e-05
0.084412693977356 -0.30437612533569 -2.2440137863159 -0.59182167053223 -1.3245527744293 -0.00036148354411125 1.0382093933003e-05
0.077747941017151 -0.32140159606934 -2.2168898582458 -0.60191178321838 -1.3314564228058 -0.00039223954081535 0.00010613235644996
0.071495652198792 -0.33831310272217 -2.1895794868469 -0.61223459243774 -1.3375101089478 -0.00034217163920403 2.8312342692516e-06
0.065496563911438 -0.35522627830505 -2.1621050834656 -0.62292051315308 -1.3437201976776 -0.00030593201518059 -6.2396115936281e-06
0.059884190559387 -0.3719003200531 -2.1344223022461 -0.63384222984314 -1.3490920066833 -0.00038723275065422 -1.0086674592458e-05
0.054511189460754 -0.3885600566864 -2.1065711975098 -0.64493274688721 -1.3541769981384 -0.00037888810038567 0.00012374292418826
0.049357533454895 -0.4051525592804 -2.0785722732544 -0.65637397766113 -1.3594386577606 -0.00044659897685051 -1.1894826457137e-05
0.044507622718811 -0.42168974876404 -2.0503466129303 -0.66802620887756 -1.3644442558289 -0.00037173554301262 1.9229490135331e-05
0.039942860603333 -0.43822598457336 -2.0219376087189 -0.67986845970154 -1.3688685894012 -0.0004153661429882 -2.2569485736312e-05
0.035521626472473 -0.45473432540894 -1.9932858943939 -0.69198560714722 -1.3734307289124 -0.00042299553751945 -9.4781235020491e-06
0.031209588050842 -0.47126412391663 -1.9643733501434 -0.70435833930969 -1.3780419826508 -0.00038723275065422 1.6995925761876e-05
0.027121663093567 -0.48784804344177 -1.9351153373718 -0.71703791618347 -1.3820633888245 -0.00044636055827141 4.3545274820644e-05
0.023295044898987 -0.50444912910461 -1.9056997299194 -0.72979760169983 -1.3856880664825 -0.00037030503153801 1.546537532704e-05
0.019477009773254 -0.52100801467896 -1.8759119510651 -0.74302244186401 -1.3899202346802 -0.00042132660746574 -1.7329632100882e-05
0.015865921974182 -0.53768181800842 -1.8458280563354 -0.75654625892639 -1.3934595584869 -0.0003238134086132 7.6782780524809e-05
0.012413620948792 -0.55457615852356 -1.8152616024017 -0.77052450180054 -1.3968405723572 -0.00030116364359856 1.5855546735111e-05
0.0091205835342407 -0.57139253616333 -1.7845499515533 -0.7842435836792 -1.4001717567444 -0.00034598633646965 7.4735668022186e-05
0.0059868097305298 -0.58839535713196 -1.7533965110779 -0.79849720001221 -1.4032275676727 -0.00033454224467278 5.0449158152333e-05
0.0028630495071411 -0.60547351837158 -1.7218873500824 -0.81286191940308 -1.4065382480621 -0.00028256699442863 3.7602429074468e-05
-0.00011026859283447 -0.62278151512146 -1.6899905204773 -0.82736945152283 -1.4094662666321 -0.00029115006327629 1.4375642422237e-05
-0.0029679536819458 -0.64010381698608 -1.6574637889862 -0.84275221824646 -1.4122529029846 -0.00022200867533684 7.8520373790525e-05
-0.0056668519973755 -0.65780663490295 -1.6247761249542 -0.85744285583496 -1.4149484634399 -0.00042108818888664 -1.6030455299187e-05
-0.0083187818527222 -0.67553496360779 -1.5911064147949 -0.87363386154175 -1.4176361560822 -0.00034169480204582 -2.0765053704963e-05
-0.010969042778015 -0.69352769851685 -1.5571382045746 -0.88978624343872 -1.4202568531036 -0.00032071396708488 8.0167264968622e-05
-0.013399243354797 -0.71177124977112 -1.5225949287415 -0.90609049797058 -1.4228718280792 -0.0003076009452343 1.9124548998661e-05
-0.015762448310852 -0.73021697998047 -1.487491607666 -0.92270517349243 -1.4251508712769 -0.0003085546195507 6.1601531342603e-06
