-5.0648549176913e-07 -1.9102333226328e-07 0.91483896970749
-5.6378155477432e-07 -5.4180691222427e-07 0.91483902931213
-8.0497636645305e-07 -4.2993065108021e-07 0.91483914852142
-1.1655246225928e-06 -1.2596075293914e-07 0.91483926773071
-1.108681885853e-06 -3.4463289466657e-07 0.91483914852142
-8.6401837506855e-07 -1.8820702507583e-07 0.91483891010284
-8.2461798456279e-07 3.496490563748e-08 0.91483879089355
-1.1052068202844e-06 -5.9463582147146e-07 0.91483879089355
-1.6080916793726e-06 -8.1143258512384e-07 0.91483891010284
-1.8149319203076e-06 -9.5071260375335e-07 0.9148388504982
-2.0244274310244e-06 -8.292270763377e-07 0.91483896970749
-2.1181472220633e-06 -4.6539321374439e-07 0.91483902931213
-1.7314756632913e-06 -1.1815312461749e-07 0.9148388504982
-1.9325043467688e-06 1.893531020869e-07 0.91483896970749
-2.1066207409604e-06 4.7687262849649e-07 0.91483891010284
-1.7799704892241e-06 3.5396979569668e-07 0.91483914852142
-1.6420883639512e-06 1.1111882969317e-07 0.91483914852142
-1.2101478432669e-06 4.1663167849038e-07 0.91483932733536
-1.035317154674e-06 9.1398356971695e-07 0.91483938694
-9.5731854798942e-07 1.2834483413826e-06 0.91483902931213
-1.0635461649144e-06 8.2828529457402e-07 0.91483908891678
-1.2089997198927e-06 8.9839380734702e-07 0.91483914852142
-9.8282373528491e-07 5.2470721811915e-07 0.91483908891678
-1.0841855555555e-06 4.1190952515535e-07 0.91483908891678
-5.94788161834e-07 5.2636556802099e-07 0.91483902931213
-4.5640359758181e-07 3.0044819254726e-07 0.91483902931213
-4.3172397568014e-07 1.7776552851956e-07 0.9148388504982
-7.8254157642732e-07 4.7142472681116e-07 0.91483902931213
-3.9965266296349e-07 8.7293699380098e-07 0.91483932733536
-5.5634018281125e-07 6.4605359284542e-07 0.91483932733536
-5.3207367045616e-07 5.0465916956455e-07 0.91483932733536
-5.4035950824982e-07 1.7529839624331e-07 0.91483956575394
-1.1212173376407e-06 6.5916239577746e-08 0.91483956575394
-8.7038972651499e-07 1.6927380386278e-08 0.91483944654465
-9.6066321475519e-07 9.3110017473919e-08 0.91483932733536
-0.00038425927050412 -0.0048726066015661 0.91486608982086
-0.0011675981804729 -0.014570705592632 0.91491693258286
-0.001895431545563 -0.024318672716618 0.91497325897217
-0.0026400489732623 -0.03407172486186 0.91507107019424
-0.003438550978899 -0.043795943260193 0.91524994373322
-0.0042210407555103 -0.053516495972872 0.91535484790802
-0.0050245919264853 -0.063237376511097 0.91537636518478
-0.0057912482880056 -0.072988905012608 0.91538417339325
-0.0066141318529844 -0.082689590752125 0.91533094644547
-0.0074067204259336 -0.092429764568806 0.91526663303375
-0.0081767356023192 -0.10213743150234 0.91520816087723
-0.0089661544188857 -0.11192271113396 0.91516464948654
-0.0097985379397869 -0.12172598391771 0.91504019498825
-0.010487458668649 -0.13130876421928 0.91488802433014
-0.0112494667992 -0.14107838273048 0.91502815485001
-0.012200026772916 -0.15107396245003 0.9152170419693
-0.013473734259605 -0.16090714931488 0.91538465023041
-0.014542371034622 -0.17091830074787 0.91546452045441
-0.015629699453712 -0.18096469342709 0.91551584005356
-0.016595602035522 -0.19100858271122 0.91555416584015
-0.017520369961858 -0.20122167468071 0.91552978754044
-0.018455879762769 -0.21129712462425 0.91556924581528
-0.019308302551508 -0.22140756249428 0.91551685333252
-0.020110350102186 -0.23160575330257 0.91545939445496
-0.020860096439719 -0.24176077544689 0.91537994146347
-0.021716771647334 -0.25184416770935 0.91537445783615
-0.022435802966356 -0.26203978061676 0.91532880067825
-0.02317108400166 -0.27219015359879 0.91533696651459
-0.024002833291888 -0.28225433826447 0.91532534360886
-0.024847498163581 -0.29233428835869 0.91530221700668
-0.025635464116931 -0.30238899588585 0.91523510217667
-0.026776107028127 -0.31212410330772 0.91510933637619
-0.027547378093004 -0.32214042544365 0.91517782211304
-0.028284344822168 -0.33209317922592 0.9153191447258
-0.029117537662387 -0.34209433197975 0.91539204120636
