-0.021620742976665 0.051135942339897 1.2950638532639 0.0012398171238601 0.00016197323566303 -3.0596799850464 4.7250646275643e-06
-0.027840383350849 0.048205524682999 1.285355091095 0.0012040003202856 0.00028990407008678 -3.0107672214508 2.6458073989488e-05
-0.034073173999786 0.04522442817688 1.2756650447845 0.0011328016407788 0.00029834313318133 -2.9629402160645 4.7814115532674e-05
-0.040374979376793 0.042250007390976 1.2659471035004 0.0010739988647401 0.00039555662078783 -2.9149782657623 3.5883644159185e-05
-0.046613663434982 0.039280071854591 1.2562299966812 0.0010892687132582 0.00048199880984612 -2.8663442134857 2.0324900106061e-05
-0.052879370748997 0.036284402012825 1.2465142011642 0.0010823219781741 0.00049800233682618 -2.8187975883484 3.0995165616332e-06
-0.059118434786797 0.033324614167213 1.2368029356003 0.00098528957460076 0.00063371675787494 -2.7701241970062 5.0596314395079e-05
-0.065351098775864 0.030379593372345 1.2271132469177 0.00090847915271297 0.00069050182355568 -2.7214312553406 -2.4945402401499e-06
-0.071647942066193 0.027355499565601 1.2173746824265 0.0010609026066959 0.00051478715613484 -2.674290895462 0.00010153339826502
-0.077883049845695 0.02440832555294 1.2076823711395 0.00098554650321603 0.00062746967887506 -2.626077413559 8.4765124483965e-05
-0.084152311086655 0.021439798176289 1.1979659795761 0.00085375440539792 0.00066711142426357 -2.5775635242462 7.5736471671917e-07
-0.090406715869904 0.018480092287064 1.1882569789886 0.00078910187585279 0.0007783766486682 -2.5295724868774 2.6791323762154e-05
-0.096641153097153 0.015497773885727 1.1785513162613 0.00078064674744383 0.00087584764696658 -2.4809641838074 5.0299859140068e-05
-0.10290035605431 0.012506887316704 1.1688525676727 0.0007835672586225 0.00071263901190832 -2.433456659317 1.1203866961296e-05
-0.10916870832443 0.009533017873764 1.1591454744339 0.00066175794927403 0.0006324119749479 -2.3855805397034 -6.1658161030209e-06
-0.11543118953705 0.0065820068120956 1.1494072675705 0.00058685726253316 0.00052905001211911 -2.3367760181427 3.0839339160593e-05
-0.12166821956635 0.0035890825092793 1.1396762132645 0.00050366407958791 0.0005291870329529 -2.2888965606689 -6.9955640356056e-06
-0.12793330848217 0.00063028931617737 1.1300020217896 0.00040342714055441 0.00046328222379088 -2.2411630153656 5.9773166867672e-05
-0.1341884881258 -0.0023598335683346 1.120262503624 0.00034625112311915 0.00021802350238431 -2.1928677558899 -1.6214331481024e-05
-0.14042675495148 -0.00532191619277 1.110547542572 0.00016612677427474 0.0002266988158226 -2.1449680328369 2.2422067559091e-05
-0.14668813347816 -0.0082864426076412 1.1008746623993 0.00010537680645939 -9.7304291557521e-07 -2.0968270301819 2.8456743166316e-05
-0.15295085310936 -0.011260230094194 1.0911773443222 -2.3505635908805e-06 0.00020236198906787 -2.049090385437 6.5045387600549e-05
-0.15918818116188 -0.014236057177186 1.0814201831818 0.00026049590087496 0.00063938257517293 -2.0006494522095 2.9560107577709e-05
-0.16545370221138 -0.017221374437213 1.0716880559921 0.00073473498923704 0.0012586732627824 -1.9529534578323 8.7822672867333e-06
-0.17168891429901 -0.020161170512438 1.0619894266129 0.00091970135690644 0.0023399638012052 -1.9051200151443 2.3144062652136e-05
-0.17795318365097 -0.023167215287685 1.0522861480713 0.001226524473168 0.002949948888272 -1.8574867248535 -6.002132431604e-05
-0.1842210739851 -0.026125308126211 1.0425478219986 0.0012448454508558 0.0033557170536369 -1.8090381622314 1.7645184925641e-05
-0.19046501815319 -0.029090385884047 1.0328488349915 0.001114025246352 0.0032464619725943 -1.7609776258469 2.669457171578e-05
-0.19672429561615 -0.03206979483366 1.0230654478073 0.0010525061516091 0.0030031886417419 -1.712371468544 3.4037926525343e-05
-0.20297822356224 -0.035028912127018 1.0133881568909 0.00077226915163919 0.0028154477477074 -1.6644117832184 -2.621053454277e-06
-0.2092370390892 -0.038007885217667 1.0037251710892 0.00052507745567709 0.0025773840025067 -1.6169358491898 0.00010305016621714
-0.21548019349575 -0.041003566235304 0.99394798278809 0.00060630537336692 0.0023359695915133 -1.5692142248154 7.801225365256e-06
-0.22174566984177 -0.043933745473623 0.98422634601593 0.00043579653720371 0.0023374694865197 -1.5204831361771 1.9585439758885e-07
-0.22797980904579 -0.046935319900513 0.97454726696014 0.00022563377569895 0.002366601023823 -1.4731197357178 -9.131458682532e-06
-0.2342677116394 -0.049870625138283 0.96483093500137 0.00028787786141038 0.0023590859491378 -1.4239375591278 1.5165923059612e-06
-0.24050852656364 -0.052853085100651 0.95516347885132 2.7696682082023e-05 0.0024236044846475 -1.375923871994 -4.5787732233293e-05
-0.23930947482586 -0.05347890034318 0.94972115755081 0.00068000343162566 -0.0017896115314215 -1.3498508930206 2.3860546207288e-05
-0.22969898581505 -0.051331155002117 0.94975805282593 0.00051441404502839 -0.0026706939097494 -1.3501707315445 2.6265479391441e-05
-0.22008889913559 -0.049195095896721 0.94981020689011 0.00046990677947178 -0.0026498867664486 -1.3504527807236 -9.6399653557455e-06
-0.21050676703453 -0.047052934765816 0.9498685002327 0.00035842758370563 -0.002632102696225 -1.3499991893768 1.1768046533689e-05
-0.20090281963348 -0.044876374304295 0.94986003637314 0.00036771284067072 -0.0024339049123228 -1.3502237796783 1.1744397852453e-05
-0.19131308794022 -0.042749829590321 0.94981896877289 0.00053058529738337 -0.0022407416254282 -1.3503125905991 5.8134564824286e-06
-0.18170075118542 -0.040620885789394 0.94984418153763 0.00027877915999852 -0.0023877881467342 -1.3505909442902 0.00012456964759622
-0.17210581898689 -0.038455408066511 0.94987320899963 0.00028254062635824 -0.0022050223778933 -1.3501142263412 4.2563675378915e-05
-0.16250658035278 -0.036306798458099 0.94986706972122 0.00039843676495366 -0.0023047877475619 -1.3501076698303 -6.1003670452919e-06
-0.1528956592083 -0.034172788262367 0.94985294342041 0.00025299936532974 -0.002119064098224 -1.3505761623383 5.9089661590406e-06
-0.14331130683422 -0.032027322798967 0.94984811544418 0.0004893799778074 -0.0019969723653048 -1.3503081798553 2.2846896172268e-05
-0.13371841609478 -0.029876483604312 0.94984513521194 0.00041822696221061 -0.0020562526769936 -1.3501957654953 7.9604644270148e-05
-0.12410842627287 -0.027729634195566 0.94984400272369 0.00039459997788072 -0.0019717626273632 -1.349986076355 -1.6572135791648e-05
-0.1145197302103 -0.025579618290067 0.94985067844391 0.00037786530447192 -0.001964099239558 -1.3498741388321 2.1842504793312e-05
-0.10493005812168 -0.023425871506333 0.94992488622665 0.00031498822499998 -0.0018592040287331 -1.3498980998993 1.6106687326101e-05
-0.095317363739014 -0.021292177960277 0.9498382806778 0.00038390228291973 -0.0019903448410332 -1.3504334688187 1.2642410183616e-05
-0.085779473185539 -0.019117465242743 0.94992756843567 0.0001869414554676 -0.001896140514873 -1.3497904539108 -1.5843770597712e-05
-0.076141685247421 -0.016992092132568 0.94994395971298 0.00012159255129518 -0.0019703458528966 -1.3500772714615 0.00010534392640693
-0.066541537642479 -0.014874469488859 0.94995069503784 0.00031865667551756 -0.001893361331895 -1.350653886795 -2.2694579456584e-05
-0.056924618780613 -0.012736182659864 0.94993895292282 0.00026683020405471 -0.0018614017171785 -1.3504431247711 2.3968582354428e-06
-0.047335632145405 -0.010569673031569 0.94992196559906 0.00010688675683923 -0.0019352583913133 -1.3505605459213 4.1213817894459e-05
-0.037721030414104 -0.0084016462787986 0.94989717006683 0.0003489869995974 -0.0018888360355049 -1.3500181436539 -2.0951518308721e-05
-0.028148747980595 -0.006299739703536 0.94993650913239 0.00012480247823987 -0.0019654787611216 -1.3507823944092 2.8422386094462e-05
-0.018556986004114 -0.0041170623153448 0.9499499797821 0.00020510738249868 -0.0018400157568976 -1.3502119779587 -7.8686434790143e-06
-0.0089448504149914 -0.0019621588289738 0.9499403834343 0.00021724289399572 -0.001989689655602 -1.3504047393799 5.5965128922253e-06
0.00061757862567902 9.382888674736e-05 0.95001876354218 -0.00010145491978619 -0.0022196134086698 -1.3508287668228 9.29539965e-05
0.010265946388245 0.0022934060543776 0.94996106624603 0.00029360197368078 -0.0018326659919694 -1.350371837616 0.00012341639376245
0.01984017342329 0.0044322619214654 0.94998687505722 0.00012612252612598 -0.002048161579296 -1.3510031700134 4.5973676606081e-05
0.029447443783283 0.006572850048542 0.94996517896652 0.0001815922150854 -0.0018487017368898 -1.3500239849091 1.9684395738295e-05
0.039052523672581 0.0087179923430085 0.94998520612717 0.00026295366114937 -0.0018236032919958 -1.3506116867065 1.9013783457922e-05
0.048594083636999 0.010860731825233 0.95000284910202 0.00017123945872299 -0.0020882384851575 -1.3503955602646 7.2779635047482e-06
0.058264002203941 0.013026568107307 0.94996136426926 0.00038116486393847 -0.0019334719981998 -1.3503874540329 7.2409871791024e-05
0.067853406071663 0.015172095037997 0.94997614622116 0.00032507107243873 -0.0021105331834406 -1.3506739139557 4.7656511014793e-05
0.077467083930969 0.017348201945424 0.9499631524086 0.00030944452737458 -0.0022075497545302 -1.3501532077789 -1.8011503470916e-06
0.087041929364204 0.019432043656707 0.9499688744545 0.00031110108830035 -0.0020733000710607 -1.3508367538452 1.291683929594e-05
0.096661880612373 0.021624267101288 0.94994449615479 0.00038163139834069 -0.0020934434141964 -1.3501070737839 4.3863590690307e-05
0.1062285900116 0.023766225203872 0.94996708631516 0.00043670806917362 -0.0020128143951297 -1.3503024578094 -1.3947474144516e-06
0.11583694070578 0.025903295725584 0.94995886087418 0.00056895549641922 -0.0021537377033383 -1.3504759073257 2.715497976169e-05
0.12543852627277 0.028015401214361 0.94998109340668 0.0003810923662968 -0.0021469208877534 -1.3508212566376 5.4227792134043e-05
0.13502526283264 0.030196581035852 0.94997107982635 0.00033581498428248 -0.0020467923022807 -1.35023188591 1.229848658113e-05
0.14462253451347 0.032321453094482 0.94997119903564 0.00047745616757311 -0.0020398823544383 -1.3505799770355 0.00010251789353788
0.15424875915051 0.03447400033474 0.94998252391815 0.00047047881525941 -0.0019926787354052 -1.3507030010223 3.5535016650101e-05
0.1638216227293 0.036622561514378 0.94997769594193 0.00043686013668776 -0.0017823071684688 -1.350461602211 -3.257998105255e-05
0.17341831326485 0.038742184638977 0.9499916434288 0.00039424013812095 -0.0017702975310385 -1.3494863510132 2.3309645257541e-05
0.18303182721138 0.04091813787818 0.94997835159302 0.00047000186168589 -0.0014244480989873 -1.3496593236923 2.7018046239391e-05
0.19264601171017 0.043069336563349 0.94997036457062 0.00024365531862713 -0.0010879188776016 -1.3496458530426 -3.1190327263175e-06
0.20222559571266 0.04519947245717 0.94997948408127 0.00034856959246099 -0.00047064371756278 -1.3496298789978 0.00010295071842847
0.21182538568974 0.047332774847746 0.94998168945312 0.00013042709906586 0.00012918023276143 -1.3497649431229 6.5866850491147e-05
0.22141969203949 0.049500077962875 0.9499723315239 8.1803038483486e-05 0.00084020639769733 -1.3495082855225 8.104438893497e-05
0.23102533817291 0.051631435751915 0.94996857643127 -0.00024952570674941 0.0015374133363366 -1.3493312597275 0.0001054993699654
0.24062438309193 0.053778398782015 0.94999778270721 -0.00059241527924314 0.0023966424632818 -1.3505184650421 6.6583806983544e-06
