-0.071887165307999 0.19872614741325 -1.7463159561157 -1.5951783657074 -1.724657535553 -0.00024513551034033 4.7250646275643e-06
-0.10984006524086 0.17773720622063 -1.7543742656708 -1.5660927295685 -1.8108770847321 -0.00033549615181983 2.6458073989488e-05
-0.14596143364906 0.15482231974602 -1.7602717876434 -1.537225484848 -1.8953666687012 -0.0004384929779917 4.7814115532674e-05
-0.18015614151955 0.13003727793694 -1.7641072273254 -1.5086305141449 -1.9778583049774 -0.00048069306649268 3.5883644159185e-05
-0.21235290169716 0.10359713435173 -1.7658934593201 -1.4805281162262 -2.0582222938538 -0.00066189118660986 2.0324900106061e-05
-0.24252071976662 0.075735539197922 -1.7656540870667 -1.4529824256897 -2.1363604068756 -0.0007586891297251 3.0995165616332e-06
-0.27080503106117 0.046557873487473 -1.7633969783783 -1.4260818958282 -2.2129459381104 -0.00088838883675635 5.0596314395079e-05
-0.29716458916664 0.016176670789719 -1.7591152191162 -1.4000248908997 -2.2873866558075 -0.0010435993317515 -2.4945402401499e-06
-0.32168164849281 -0.015348941087723 -1.7528367042542 -1.3749506473541 -2.3600313663483 -0.0011053497437388 0.00010153339826502
-0.34445467591286 -0.047685652971268 -1.7446134090424 -1.3509101867676 -2.4311163425446 -0.0013714248780161 8.4765124483965e-05
-0.36547341942787 -0.080823928117752 -1.7346034049988 -1.3278484344482 -2.5001986026764 -0.0014734680298716 7.5736471671917e-07
-0.38486686348915 -0.11465910077095 -1.7226579189301 -1.3061826229095 -2.5675632953644 -0.0017135555390269 2.6791323762154e-05
-0.40275517106056 -0.14914062619209 -1.7088255882263 -1.2856421470642 -2.634045124054 -0.0018868858460337 5.0299859140068e-05
-0.41907921433449 -0.18382719159126 -1.693464756012 -1.266471862793 -2.6978871822357 -0.002021353924647 1.1203866961296e-05
-0.43411007523537 -0.21909835934639 -1.6762747764587 -1.2485482692719 -2.7610580921173 -0.0021355564240366 -6.1658161030209e-06
-0.44785466790199 -0.25467470288277 -1.6573972702026 -1.231974363327 -2.8232464790344 -0.0023186618927866 3.0839339160593e-05
-0.4603034555912 -0.29032734036446 -1.6371042728424 -1.216694355011 -2.883603811264 -0.0024917537812144 -6.9955640356056e-06
-0.47165361046791 -0.32599809765816 -1.6153330802917 -1.202531337738 -2.9429235458374 -0.0022402221802622 5.9773166867672e-05
-0.4819156229496 -0.36195448040962 -1.5920877456665 -1.189359664917 -3.0014569759369 -0.0016446525696665 -1.6214331481024e-05
-0.49112740159035 -0.39759305119514 -1.5677807331085 -1.1769831180573 -3.0583600997925 -0.0006666595581919 2.2422067559091e-05
-0.49943581223488 -0.43314316868782 -1.542062997818 -1.1652035713196 -3.1150486469269 0.0012054031249136 2.8456743166316e-05
-0.50685107707977 -0.46850588917732 -1.5154008865356 -1.1538591384888 -3.1703844070435 0.0037493293639272 6.5045387600549e-05
-0.51341927051544 -0.50383520126343 -1.4875655174255 -1.1430895328522 -3.2252371311188 0.0070514269173145 2.9560107577709e-05
-0.51922786235809 -0.53896045684814 -1.4586074352264 -1.1336889266968 -3.2788186073303 0.010420758277178 8.7822672867333e-06
-0.52432382106781 -0.57418251037598 -1.4281075000763 -1.1266136169434 -3.3319616317749 0.012678105384111 2.3144062652136e-05
-0.52874910831451 -0.60974740982056 -1.3958311080933 -1.122757434845 -3.3842976093292 0.013202626258135 -6.002132431604e-05
-0.53255069255829 -0.64563632011414 -1.3619501590729 -1.1219463348389 -3.4358463287354 0.011942822486162 1.7645184925641e-05
-0.53574001789093 -0.68183207511902 -1.3264441490173 -1.1233735084534 -3.4873597621918 0.0099372453987598 2.669457171578e-05
-0.53839552402496 -0.71819472312927 -1.2897772789001 -1.125837802887 -3.5380885601044 0.0079121179878712 3.4037926525343e-05
-0.54055058956146 -0.75416588783264 -1.2522234916687 -1.1288504600525 -3.5882124900818 0.0063790865242481 -2.621053454277e-06
-0.54226887226105 -0.79009079933167 -1.2135531902313 -1.132602930069 -3.6378886699677 0.0051168985664845 0.00010305016621714
-0.54355037212372 -0.82615351676941 -1.1739659309387 -1.137145280838 -3.6866726875305 0.0043525286018848 7.801225365256e-06
-0.54435813426971 -0.86231780052185 -1.1328647136688 -1.142486333847 -3.7361483573914 0.0039214678108692 1.9585439758885e-07
-0.54485785961151 -0.89836931228638 -1.0907998085022 -1.1487784385681 -3.7844014167786 0.0034641809761524 -9.131458682532e-06
-0.54498636722565 -0.9347779750824 -1.0472679138184 -1.1560618877411 -3.8326950073242 0.0032319612801075 1.5165923059612e-06
-0.54479897022247 -0.97126364707947 -1.0023028850555 -1.1645865440369 -3.8805377483368 0.0029921121895313 -4.5787732233293e-05
-0.5397721529007 -0.98400163650513 -0.99373841285706 -1.1668124198914 -3.9019377231598 -0.0018842630088329 2.3860546207288e-05
-0.52965319156647 -0.96459174156189 -1.0325717926025 -1.1486785411835 -3.891934633255 -0.0030808858573437 2.6265479391441e-05
-0.5193680524826 -0.94527959823608 -1.0704534053802 -1.1299574375153 -3.881468296051 -0.0030303411185741 -9.6399653557455e-06
-0.50885498523712 -0.92665648460388 -1.1069891452789 -1.1118423938751 -3.8709464073181 -0.0030165128409863 1.1768046533689e-05
-0.49811232089996 -0.90868043899536 -1.1421601772308 -1.0944995880127 -3.8603627681732 -0.0028510503470898 1.1744397852453e-05
-0.48715198040009 -0.8914897441864 -1.1760966777802 -1.077800989151 -3.8493556976318 -0.0029359273612499 5.8134564824286e-06
-0.47597539424896 -0.87465739250183 -1.2089765071869 -1.0616765022278 -3.8379144668579 -0.0030703954398632 0.00012456964759622
-0.46453320980072 -0.85827326774597 -1.2408719062805 -1.0460469722748 -3.8267514705658 -0.0028853826224804 4.2563675378915e-05
-0.45287430286407 -0.84240341186523 -1.2717480659485 -1.0311651229858 -3.8150057792664 -0.003067534416914 -6.1003670452919e-06
-0.44099032878876 -0.82691192626953 -1.3018338680267 -1.016487121582 -3.8028767108917 -0.0030448846518993 5.9089661590406e-06
-0.42881691455841 -0.81193828582764 -1.3309378623962 -1.002357006073 -3.7907691001892 -0.0028810910880566 2.2846896172268e-05
-0.41638171672821 -0.79726433753967 -1.3592255115509 -0.98870587348938 -3.7786283493042 -0.0029657296836376 7.9604644270148e-05
-0.40368497371674 -0.78297305107117 -1.386810541153 -0.97551083564758 -3.7659075260162 -0.0030012540519238 -1.6572135791648e-05
-0.39073002338409 -0.76901602745056 -1.4135856628418 -0.96267247200012 -3.7532334327698 -0.0030267648398876 2.1842504793312e-05
-0.37756288051605 -0.755211353302 -1.4398262500763 -0.95019435882568 -3.7397661209106 -0.0030782632529736 1.6106687326101e-05
-0.36408293247223 -0.74201273918152 -1.4654417037964 -0.93793559074402 -3.725802898407 -0.0031550340354443 1.2642410183616e-05
-0.35035717487335 -0.72888016700745 -1.4901559352875 -0.92618274688721 -3.7125513553619 -0.0032604150474072 -1.5843770597712e-05
-0.33626449108124 -0.71613645553589 -1.5144600868225 -0.9146842956543 -3.6981606483459 -0.0033529214560986 0.00010534392640693
-0.32195293903351 -0.70372223854065 -1.5380003452301 -0.90364003181458 -3.6837425231934 -0.0033932141959667 -2.2694579456584e-05
-0.30725491046906 -0.69159150123596 -1.5609934329987 -0.89285802841187 -3.6691048145294 -0.0034652166068554 2.3968582354428e-06
-0.29237234592438 -0.67972493171692 -1.5833961963654 -0.88237762451172 -3.6542608737946 -0.0035965852439404 4.1213817894459e-05
-0.27713620662689 -0.66812968254089 -1.6051690578461 -0.87252259254456 -3.6389410495758 -0.0037432126700878 -2.0951518308721e-05
-0.26167547702789 -0.65687704086304 -1.6263663768768 -0.86266684532166 -3.6234629154205 -0.0040169171988964 2.8422386094462e-05
-0.24579846858978 -0.64577865600586 -1.6470611095428 -0.85315370559692 -3.6076858043671 -0.0040877275168896 -7.8686434790143e-06
-0.22965013980865 -0.63504338264465 -1.6671240329742 -0.84405303001404 -3.5916423797607 -0.0042665414512157 5.5965128922253e-06
-0.21320831775665 -0.62452816963196 -1.6865773200989 -0.83504915237427 -3.5755252838135 -0.0045171193778515 9.29539965e-05
-0.1963917016983 -0.61421346664429 -1.7057633399963 -0.82632780075073 -3.5585386753082 -0.0044787339866161 0.00012341639376245
-0.17934882640839 -0.60425090789795 -1.7241950035095 -0.81816840171814 -3.5415005683899 -0.0046713761985302 4.5973676606081e-05
-0.16194236278534 -0.59464454650879 -1.741997718811 -0.81018090248108 -3.5245761871338 -0.0050526075065136 1.9684395738295e-05
-0.14425265789032 -0.58508110046387 -1.7594859600067 -0.80262732505798 -3.5063536167145 -0.0054154805839062 1.9013783457922e-05
-0.12632143497467 -0.57590246200562 -1.7763195037842 -0.79517889022827 -3.4885423183441 -0.0056965760886669 7.2779635047482e-06
-0.10790073871613 -0.56703591346741 -1.7926168441772 -0.78833270072937 -3.4701700210571 -0.0061035566031933 7.2409871791024e-05
-0.08928644657135 -0.55844044685364 -1.8083460330963 -0.78172421455383 -3.4514291286469 -0.0065575055778027 4.7656511014793e-05
-0.070336937904358 -0.55009579658508 -1.8234996795654 -0.77548003196716 -3.4326539039612 -0.0071895532310009 -1.8011503470916e-06
-0.051127314567566 -0.54206252098083 -1.8381202220917 -0.7693886756897 -3.4133553504944 -0.007734339684248 1.291683929594e-05
-0.031596302986145 -0.53435015678406 -1.852118730545 -0.76388621330261 -3.3938994407654 -0.0085037164390087 4.3863590690307e-05
-0.011813282966614 -0.52681994438171 -1.8656499385834 -0.75872898101807 -3.3739869594574 -0.0093210153281689 -1.3947474144516e-06
0.0082689523696899 -0.51968574523926 -1.8785257339478 -0.7539050579071 -3.3538765907288 -0.010196726769209 2.715497976169e-05
0.02864134311676 -0.51276731491089 -1.8908188343048 -0.74949645996094 -3.3336288928986 -0.011238854378462 5.4227792134043e-05
0.049238324165344 -0.50631332397461 -1.9023852348328 -0.74570488929749 -3.3131413459778 -0.012675326317549 1.229848658113e-05
0.070113301277161 -0.50010752677917 -1.9134633541107 -0.74240756034851 -3.2921011447906 -0.014189761132002 0.00010251789353788
0.091217637062073 -0.49417448043823 -1.9239735603333 -0.73959946632385 -3.2706387042999 -0.01600531861186 3.5535016650101e-05
0.11251318454742 -0.48872399330139 -1.9335873126984 -0.73734855651855 -3.2498614788055 -0.017859261482954 -3.257998105255e-05
0.13409054279327 -0.48370289802551 -1.9424159526825 -0.73575639724731 -3.2289960384369 -0.020094912499189 2.3309645257541e-05
0.15584862232208 -0.47885012626648 -1.9508903026581 -0.73491549491882 -3.2070651054382 -0.022747557610273 2.7018046239391e-05
0.17777979373932 -0.47434329986572 -1.9586656093597 -0.73439884185791 -3.1850883960724 -0.025614779442549 -3.1190327263175e-06
0.19980442523956 -0.47019290924072 -1.9657435417175 -0.7342529296875 -3.1631414890289 -0.028317969292402 0.00010295071842847
0.2220002412796 -0.46628522872925 -1.972311258316 -0.73420715332031 -3.1411161422729 -0.030989211052656 6.5866850491147e-05
0.24432194232941 -0.46267604827881 -1.9783430099487 -0.73419237136841 -3.1188125610352 -0.033341448754072 8.104438893497e-05
0.26673424243927 -0.45929980278015 -1.9838898181915 -0.73391723632812 -3.096244096756 -0.035336773842573 0.0001054993699654
0.28929913043976 -0.45586252212524 -1.9893436431885 -0.73281049728394 -3.072904586792 -0.036329310387373 6.6583806983544e-06
