3.6410409620657e-07 3.2275215744448e-07 0.91483896970749
3.4043947039208e-07 4.3752862666224e-07 0.91483908891678
2.2479093786387e-07 9.4188379762272e-07 0.91483932733536
1.9728769018457e-07 6.4766692275953e-07 0.91483926773071
2.05721249813e-07 9.3717272875438e-07 0.91483920812607
-4.2259347310392e-07 9.8294356121187e-07 0.91483920812607
-4.2863490534728e-07 1.0587651786409e-06 0.91483908891678
-6.8896150651199e-07 1.0411501989438e-06 0.91483914852142
-7.6590987418967e-07 9.0989891532445e-07 0.91483920812607
-6.6715506363835e-07 1.0174021554121e-06 0.91483950614929
-5.9558135490079e-07 5.5588395753148e-07 0.91483962535858
-5.3062962024342e-07 7.8368714184762e-07 0.91483962535858
-2.2881141603648e-07 7.0327587309293e-07 0.91483956575394
-3.2638678248986e-07 6.0251738887018e-07 0.91483956575394
-7.9914576645024e-07 5.4246334002528e-07 0.91483962535858
-5.1674487622222e-07 5.0510487881184e-07 0.91483956575394
-1.3172769968151e-06 4.4536233190229e-07 0.91483968496323
-1.3061626304989e-06 8.6385824715762e-07 0.91483974456787
-1.3545071624321e-06 9.7026759249275e-07 0.91483950614929
-1.015428779283e-06 7.4760043844435e-07 0.91483944654465
-8.7070947074608e-07 9.6585927167325e-07 0.91483914852142
-7.1792629796619e-07 8.4993547488921e-07 0.91483914852142
-7.8982844797792e-07 7.7698257427983e-07 0.91483926773071
-4.3800611138067e-08 6.0404858004404e-07 0.91483956575394
-2.0955179991233e-07 5.3387907428259e-07 0.91483950614929
4.9437495874827e-08 3.0623519364781e-07 0.91483962535858
2.7848247441398e-07 1.1180149073198e-07 0.91483944654465
6.1856354705014e-07 -7.892295172951e-08 0.91483962535858
6.3870805888655e-07 -4.1417641227781e-07 0.91483968496323
5.567173388954e-08 -5.1122697186656e-09 0.91483974456787
6.0654024025553e-08 -1.1382518039227e-08 0.91483962535858
-1.7492513393336e-07 2.644464984769e-07 0.91483944654465
-2.943736205907e-07 -4.569285749767e-08 0.91483926773071
-2.105911818262e-07 -1.507522107147e-08 0.91483944654465
2.3939387006067e-07 -9.4853334076106e-08 0.91483938694
4.7651818135819e-07 1.2299507545777e-07 0.91483968496323
6.8742866687899e-07 -2.258993703208e-07 0.91484010219574
8.9014241666519e-07 -6.7744380771728e-08 0.91484010219574
5.501185569301e-07 -1.4098820599884e-07 0.91484004259109
1.9313249310926e-07 -2.3235048729475e-07 0.91483962535858
9.9928376684488e-09 2.1377255166044e-07 0.91483968496323
8.8453582236525e-08 1.0432648878123e-07 0.91483980417252
7.3259727173536e-08 2.3989369424271e-07 0.91483968496323
1.6495329191457e-07 8.9633442712511e-07 0.91483968496323
9.8240292345508e-08 8.0173720107268e-07 0.91483998298645
-1.8625587472343e-07 6.6961604261451e-07 0.91483992338181
-4.7096253297241e-07 5.9829568499481e-07 0.91483998298645
-4.9018359504771e-07 8.5784199654881e-07 0.91484010219574
-3.6320457752481e-07 1.0671093377823e-06 0.91483998298645
-8.067700605352e-07 1.1245834912188e-06 0.91483998298645
-2.0479357942804e-07 1.3327836541066e-06 0.91483992338181
-1.9369180392914e-07 7.6377637014957e-07 0.91484004259109
0.0013952308800071 0.00012718822108582 0.91484886407852
0.011248166672885 0.0011500973487273 0.91488695144653
0.021135132759809 0.0019555508624762 0.91497004032135
0.031033208593726 0.0029563528951257 0.9151246547699
0.040883611887693 0.0039997594431043 0.91528558731079
0.05088434368372 0.0048986105248332 0.91522663831711
0.060611385852098 0.0057367915287614 0.91510504484177
0.070543669164181 0.0065548247657716 0.91521233320236
0.080434694886208 0.0074665350839496 0.91526252031326
0.090251043438911 0.0085526891052723 0.91535794734955
0.099976122379303 0.010370794683695 0.91545659303665
0.10973434150219 0.012109295465052 0.91583216190338
0.11925416439772 0.01451495103538 0.91588759422302
0.12897481024265 0.016339948400855 0.91598784923553
0.13851822912693 0.018472360447049 0.91606444120407
0.14820745587349 0.020672265440226 0.91608870029449
0.1580945700407 0.022341607138515 0.91617870330811
0.16765813529491 0.024617658928037 0.91624182462692
0.17734916508198 0.026598270982504 0.91629815101624
0.1867670416832 0.028941741213202 0.91630852222443
0.19639120995998 0.031022917479277 0.91635739803314
0.20608580112457 0.032998904585838 0.91642785072327
0.21564525365829 0.035251121968031 0.9165244102478
0.22515033185482 0.037344429641962 0.91662806272507
0.23492260277271 0.039322070777416 0.91666835546494
0.24458520114422 0.041309088468552 0.91671341657639
0.25399339199066 0.043620746582747 0.9167622923851
0.26385188102722 0.045601561665535 0.91682809591293
0.27342128753662 0.04771900177002 0.91685110330582
0.28284803032875 0.049988459795713 0.91696625947952
0.29249310493469 0.052103001624346 0.91699779033661
0.30229493975639 0.054078631103039 0.91711950302124
0.31181660294533 0.056163251399994 0.91717386245728
0.32139390707016 0.058263286948204 0.91729617118835
0.33103165030479 0.06036090105772 0.91730898618698
