-0.01012834534049 0.047868281602859 1.3025673627853 0.00066721707116812 0.00010989910515491 -3.0584516525269 9.5444549515378e-05
-0.010162921622396 0.043117791414261 1.2969332933426 0.0005989961209707 3.740294414456e-05 -3.0100164413452 4.2427498556208e-05
-0.010244019329548 0.038353934884071 1.2912939786911 0.00068998499773443 0.00017567269969732 -2.962197303772 8.1605088780634e-05
-0.010321218520403 0.033598065376282 1.2856554985046 0.0007190631586127 0.00010590224701446 -2.9145104885101 2.5927392925951e-05
-0.010337218642235 0.028840973973274 1.2800146341324 0.00060120271518826 0.00023861468071118 -2.8658380508423 4.6275472413981e-05
-0.010416023433208 0.024066150188446 1.2743647098541 0.00055423990124837 0.00028294057119638 -2.8175909519196 0.00015931054076646
-0.010467983782291 0.019326224923134 1.2687367200851 0.00058686401462182 0.0002173028915422 -2.769389629364 8.3618717326317e-05
-0.010522097349167 0.014568090438843 1.2631059885025 0.00039981128065847 0.00026473595062271 -2.7214150428772 -1.7726475562085e-05
-0.010567001998425 0.0098174288868904 1.2574517726898 0.00040840604924597 0.00024868227774277 -2.6736626625061 1.4355730854732e-05
-0.010646924376488 0.0050790011882782 1.2518302202225 0.00054615497356281 0.00014619447756559 -2.6251389980316 3.6086854379391e-05
-0.010685116052628 0.00032771378755569 1.2462030649185 0.00033026287565008 0.0003029182262253 -2.576856136322 1.1164996067237e-05
-0.010755315423012 -0.004450760781765 1.240527510643 0.00035603309515864 0.00028820923762396 -2.5288081169128 1.7987431419897e-05
-0.010811403393745 -0.009209007024765 1.234911441803 0.00024741142988205 0.00025314016966149 -2.4809260368347 7.3582581535447e-05
-0.01086401194334 -0.013941876590252 1.2293041944504 0.00020672964456026 0.00015749844897073 -2.4332432746887 1.9284127574792e-06
-0.010921664535999 -0.018691711127758 1.2236748933792 0.00017608577036299 0.00016521479119547 -2.3851313591003 0.00013718608533964
-0.010987758636475 -0.023472018539906 1.2180086374283 0.00013415474677458 0.00016686182061676 -2.3371644020081 5.8776437072083e-05
-0.011032193899155 -0.028228301554918 1.2123353481293 8.7228836491704e-05 8.2955484685954e-05 -2.2889347076416 0.00016875301662367
-0.011089690029621 -0.032956011593342 1.2066986560822 6.869785283925e-05 -3.2875541364774e-05 -2.240273475647 -2.1087253117003e-06
-0.01116456091404 -0.037739548832178 1.2010506391525 7.3251547291875e-05 -8.9925844804384e-05 -2.192734003067 -3.0500959837809e-05
-0.011235922574997 -0.042481690645218 1.1954299211502 -5.6565873819636e-05 -0.00033471969072707 -2.1444456577301 8.5860527178738e-05
-0.011293165385723 -0.047284994274378 1.1897482872009 -7.0096510171425e-05 -0.00036243791691959 -2.0970938205719 8.2521228250698e-06
-0.011341370642185 -0.052013628184795 1.1841171979904 -0.00013123218377586 -0.0005693890270777 -2.0486922264099 -1.7085922081606e-05
-0.011404998600483 -0.056748293340206 1.178514122963 -0.00021872270735912 -0.0007513893651776 -2.0006368160248 0.00012381850683596
-0.011455930769444 -0.061520121991634 1.1728330850601 -0.0002243455091957 -0.00089726969599724 -1.9528059959412 0.00012356007937342
-0.011517226696014 -0.066273011267185 1.1672433614731 -0.00028803126770072 -0.00078662432497367 -1.9049510955811 6.3470113673247e-05
-0.011569507420063 -0.071010768413544 1.1615751981735 -0.00016525726823602 -0.0006731758476235 -1.8567472696304 -6.5033270857384e-07
-0.011628326028585 -0.075802452862263 1.1559010744095 -3.561135235941e-05 -0.00017362838843837 -1.8086212873459 2.9114456992829e-05
-0.011684503406286 -0.080520078539848 1.150338768959 4.4038068153895e-05 0.00086632720194757 -1.760565161705 7.9258461482823e-06
-0.011742867529392 -0.085314370691776 1.14464366436 0.0004838073218707 0.002338468329981 -1.7130365371704 3.8275888073258e-05
-0.011807110160589 -0.090061902999878 1.1389878988266 0.00060268922243267 0.0039931088685989 -1.6650054454803 0.00013760737783741
-0.011862431652844 -0.094838105142117 1.1333699226379 0.00066508800955489 0.005682110786438 -1.6173580884933 -2.0306924852775e-05
-0.011920969933271 -0.099576488137245 1.1277313232422 0.00057397305499762 0.0064480141736567 -1.5688120126724 2.5982028091676e-05
-0.011983116157353 -0.10433811694384 1.1220457553864 0.00035605003358796 0.0063938554376364 -1.5211157798767 0.00011252006515861
-0.012038623914123 -0.10906636714935 1.1164951324463 3.6226709198672e-05 0.0057041863910854 -1.472549200058 1.9291141143185e-05
-0.012080706655979 -0.11383578926325 1.1107920408249 4.1579118260415e-05 0.0046726833097637 -1.4251308441162 1.8791090042214e-05
-0.012143917381763 -0.11856205761433 1.1052503585815 -0.00027178690652363 0.0038861590437591 -1.377004981041 3.7045985664008e-05
-0.012211132794619 -0.12334608286619 1.0995460748672 -0.00026589207118377 0.0032896571792662 -1.3288499116898 1.094263552659e-05
-0.012254610657692 -0.12812216579914 1.0938503742218 -0.00024987029610202 0.0028189630247653 -1.2806526422501 0.00016087635594886
-0.01231100782752 -0.13286411762238 1.0881699323654 -0.00032598836696707 0.0027512141969055 -1.232764840126 -9.2629790060528e-07
-0.012381330132484 -0.13759376108646 1.0826752185822 -0.00058015075046569 0.0023765210062265 -1.184737443924 5.3666553867515e-05
-0.012434296309948 -0.14238764345646 1.076887845993 -0.00049993366701528 0.0023303339257836 -1.1371552944183 9.2345144366845e-05
-0.012499183416367 -0.14711777865887 1.071249961853 -0.00069225690094754 0.0022837787400931 -1.0887306928635 5.0004957302008e-05
-0.012581333518028 -0.15187467634678 1.0656555891037 -0.00072348676621914 0.0022401595488191 -1.040641784668 1.8071059457725e-05
-0.012617357075214 -0.1566244661808 1.0600327253342 -0.00089921621838585 0.0021904993336648 -0.99291211366653 2.9637326406373e-06
-0.012666113674641 -0.16138723492622 1.0544474124908 -0.00097873259801418 0.002246362157166 -0.94532912969589 3.2617321267026e-05
-0.012733787298203 -0.16614153981209 1.0487469434738 -0.0010107737034559 0.0023181429132819 -0.89697110652924 2.5560175345163e-05
-0.012769646942616 -0.17088769376278 1.0432608127594 -0.0015004554297775 0.0022831868845969 -0.8495614528656 0.00011465251009213
-0.012858383357525 -0.17565476894379 1.0373834371567 -0.0014575975947082 0.0021788759622723 -0.80042499303818 6.1066828493495e-05
-0.012916445732117 -0.18040066957474 1.0318377017975 -0.0017501243855804 0.0022909685503691 -0.75325798988342 -1.0493895388208e-05
-0.012958019971848 -0.18516206741333 1.0261681079865 -0.0020201588049531 0.0025070204865187 -0.70540243387222 4.3255931814201e-05
-0.013042852282524 -0.18992280960083 1.0204824209213 -0.0025903794448823 0.0026896498166025 -0.65722793340683 -8.9342329374631e-06
-0.013093039393425 -0.19468250870705 1.0148279666901 -0.0033796955831349 0.0030828739982098 -0.60971748828888 3.6802600789088e-06
-0.013141721487045 -0.19941830635071 1.0091754198074 -0.0050307288765907 0.0036905910819769 -0.56237059831619 4.1769137169467e-05
-0.013192780315876 -0.20418573915958 1.0035281181335 -0.0081123523414135 0.0052163829095662 -0.51503819227219 0.00010501161887078
-0.013249419629574 -0.20892637968063 0.9979060292244 -0.016389856114984 0.0087938085198402 -0.47018757462502 3.2611475035083e-05
-0.01331003010273 -0.21363148093224 0.99247097969055 -0.042457114905119 0.019574327394366 -0.43083557486534 3.2816449675011e-05
-0.013350918889046 -0.21834862232208 0.98645901679993 -0.088288992643356 0.037001937627792 -0.39534389972687 4.614665886038e-05
-0.013401217758656 -0.22304356098175 0.98111164569855 -0.13704244792461 0.051010370254517 -0.35393249988556 0.00012872752267867
-0.013442184776068 -0.22776906192303 0.97538495063782 -0.18446263670921 0.059355527162552 -0.30580395460129 -2.4924471290433e-05
-0.01348852366209 -0.23249891400337 0.969766497612 -0.23074023425579 0.060934778302908 -0.25117999315262 0.00019360664009582
-0.013583730906248 -0.23722124099731 0.96400690078735 -0.27394971251488 0.054901961237192 -0.18885125219822 3.8020709325792e-05
-0.013625374063849 -0.2419623285532 0.95841705799103 -0.31283539533615 0.040991980582476 -0.12093828618526 -2.6597206669976e-05
-0.013688422739506 -0.24668547511101 0.9528796672821 -0.34473782777786 0.019310299307108 -0.04837341606617 9.8104857897852e-05
-0.013456271961331 -0.24467054009438 0.94968557357788 -0.31987151503563 0.0042039384134114 -0.012423263862729 -0.0049062417820096
-0.012962821871042 -0.23514464497566 0.94972217082977 -0.23611581325531 0.0056152273900807 -0.023513564839959 -0.011047344654799
-0.01243450306356 -0.22561766207218 0.94972348213196 -0.14487724006176 0.0050891391001642 -0.035678200423717 -0.017238393425941
-0.011911680921912 -0.21610060334206 0.94977921247482 -0.04418571293354 0.0020980492699891 -0.049083288758993 -0.023470686748624
-0.011404264718294 -0.20664867758751 0.94978523254395 0.05576104298234 -0.0035746023058891 -0.062843747437 -0.029798941686749
-0.010865418240428 -0.19698646664619 0.94975864887238 0.01678997837007 -0.0010775082046166 -0.056508310139179 -0.036380004137754
-0.010331148281693 -0.1873571574688 0.94978821277618 0.0064273355528712 -0.00050388718955219 -0.055815748870373 -0.042715664952993
-0.0097884442657232 -0.17775443196297 0.94971084594727 0.0044863712973893 -0.00021947378991172 -0.055560875684023 -0.049030404537916
-0.0092674270272255 -0.16815181076527 0.94978225231171 0.003376891836524 -0.0002599548897706 -0.055488202720881 -0.055582638829947
-0.008735878393054 -0.15855942666531 0.94977027177811 0.0029793889261782 -0.00031712191412225 -0.055138409137726 -0.061840131878853
-0.0082116220146418 -0.14895336329937 0.94979637861252 0.0026366857346147 -0.00024427677271888 -0.055220521986485 -0.068227559328079
-0.007680606096983 -0.13934881985188 0.94981718063354 0.0022305664606392 -0.00016530678840354 -0.055231723934412 -0.074560292065144
-0.0071474611759186 -0.12975586950779 0.94988697767258 0.0019134650938213 -9.3138412921689e-05 -0.055174347013235 -0.080833368003368
-0.0066189868375659 -0.12015104293823 0.94989264011383 0.001793225761503 -0.00017111281340476 -0.055097378790379 -0.086905255913734
-0.0060758180916309 -0.11055321991444 0.94991159439087 0.0016695824451745 -0.00013004738138989 -0.05523544549942 -0.092029072344303
-0.0055471230298281 -0.10098899900913 0.94988834857941 0.0019567601848394 -0.0003744491841644 -0.05488795414567 -0.096969775855541
-0.0050155585631728 -0.091350764036179 0.94992691278458 0.0014627141645178 -0.00015204978990369 -0.054856467992067 -0.10223896801472
-0.0049490984529257 -0.089896962046623 0.98824989795685 -0.0013460016343743 0.00013447552919388 -0.054809171706438 -0.10322840511799
-0.0049540372565389 -0.089914202690125 1.0362813472748 -0.0018825483275577 0.00043426037882455 -0.05506132543087 -0.10494716465473
-0.0049427775666118 -0.089905798435211 1.0843082666397 -0.0015038778074086 -5.5047556088539e-05 -0.054924070835114 -0.10614643245935
-0.0049524195492268 -0.089941293001175 1.1322808265686 -0.0018504103645682 0.00030752390739508 -0.054603420197964 -0.10745033621788
-0.0049605527892709 -0.089954361319542 1.1803231239319 -0.0024309095460922 4.3243195250398e-05 -0.054524887353182 -0.10833656042814
-0.0049410834908485 -0.089982062578201 1.2283738851547 -0.0033074487000704 0.00024860017583705 -0.055034551769495 -0.10984428226948
