-0.034448768943548 0.20169255137444 -1.7296562194824 -1.6142365932465 -1.6885349750519 -8.372611773666e-05 9.5444549515378e-05
-0.053095247596502 0.18380543589592 -1.7298827171326 -1.5960881710052 -1.7552132606506 -8.8017652160488e-05 4.2427498556208e-05
-0.070866733789444 0.16493317484856 -1.7289483547211 -1.578152179718 -1.8212821483612 -0.00014285392535385 8.1605088780634e-05
-0.087502390146255 0.14524647593498 -1.7269425392151 -1.5605256557465 -1.8857266902924 -0.00013665504229721 2.5927392925951e-05
-0.10320034623146 0.12470862269402 -1.7237884998322 -1.5431060791016 -1.9496998786926 -0.00025109597481787 4.6275472413981e-05
-0.11790528893471 0.10339400172234 -1.7195398807526 -1.5260581970215 -2.012359380722 -0.00023321458138525 0.00015931054076646
-0.1316057741642 0.081415623426437 -1.7141060829163 -1.5095031261444 -2.0743052959442 -0.00021747895516455 8.3618717326317e-05
-0.14428535103798 0.058738678693771 -1.7076036930084 -1.4932415485382 -2.1351993083954 -0.00025276490487158 -1.7726475562085e-05
-0.15589347481728 0.035535782575607 -1.7000195980072 -1.4776105880737 -2.194659948349 -0.00025777169503272 1.4355730854732e-05
-0.1666502058506 0.011637181043625 -1.6911973953247 -1.4625761508942 -2.2537088394165 -0.00027732201851904 3.6086854379391e-05
-0.17633953690529 -0.012622624635696 -1.6813797950745 -1.4480836391449 -2.311304807663 -0.0003934318665415 1.1164996067237e-05
-0.18517079949379 -0.037471562623978 -1.6704130172729 -1.4341976642609 -2.368232011795 -0.00031141587533057 1.7987431419897e-05
-0.19310083985329 -0.062701970338821 -1.6583158969879 -1.4209535121918 -2.4244539737701 -0.00026087113656104 7.3582581535447e-05
-0.20010915398598 -0.088149577379227 -1.6452486515045 -1.4084904193878 -2.4794239997864 -0.00025705643929541 1.9284127574792e-06
-0.20630279183388 -0.11406138539314 -1.631078004837 -1.3966569900513 -2.5337009429932 -0.0001180584076792 0.00013718608533964
-0.2117146551609 -0.14026287198067 -1.6158690452576 -1.3855619430542 -2.587188243866 -8.9925015345216e-05 5.8776437072083e-05
-0.21627727150917 -0.16673377156258 -1.5997266769409 -1.3752179145813 -2.6396057605743 6.9100176915526e-05 0.00016875301662367
-0.22016492486 -0.1933596432209 -1.5825235843658 -1.3654894828796 -2.6917507648468 0.0002946441527456 -2.1087253117003e-06
-0.22331324219704 -0.22015646100044 -1.5643899440765 -1.3564901351929 -2.7429149150848 0.00071187666617334 -3.0500959837809e-05
-0.22577801346779 -0.24701622128487 -1.5453753471375 -1.3480443954468 -2.7933938503265 0.0012306754942983 8.5860527178738e-05
-0.22760334610939 -0.27404549717903 -1.5254664421082 -1.340300321579 -2.8430867195129 0.0018095558043569 8.2521228250698e-06
-0.22880545258522 -0.3011362850666 -1.5046648979187 -1.3329682350159 -2.892569065094 0.0028853004332632 -1.7085922081606e-05
-0.22940698266029 -0.32804587483406 -1.483195066452 -1.3258981704712 -2.9411246776581 0.0044574327766895 0.00012381850683596
-0.22947159409523 -0.35509684681892 -1.4609589576721 -1.3190710544586 -2.9891397953033 0.0065555162727833 0.00012356007937342
-0.22899761795998 -0.38188293576241 -1.4381628036499 -1.3121123313904 -3.0367052555084 0.0094518251717091 6.3470113673247e-05
-0.22801294922829 -0.40856674313545 -1.4147567749023 -1.3049013614655 -3.0838756561279 0.013319451361895 -6.5033270857384e-07
-0.22654524445534 -0.43523624539375 -1.3907413482666 -1.297557592392 -3.1304087638855 0.018185097724199 2.9114456992829e-05
-0.22464433312416 -0.46137574315071 -1.3661580085754 -1.2903680801392 -3.1765742301941 0.023527581244707 7.9258461482823e-06
-0.22231760621071 -0.48787835240364 -1.3407208919525 -1.2844085693359 -3.221964597702 0.028676945716143 3.8275888073258e-05
-0.21957436203957 -0.51465106010437 -1.3139379024506 -1.2810022830963 -3.2669463157654 0.032039124518633 0.00013760737783741
-0.21648064255714 -0.54200387001038 -1.2853028774261 -1.2816095352173 -3.3118734359741 0.032642800360918 -2.0306924852775e-05
-0.21301570534706 -0.57035708427429 -1.2548577785492 -1.2864639759064 -3.3566179275513 0.029882866889238 2.5982028091676e-05
-0.20920315384865 -0.59934043884277 -1.2228362560272 -1.294801235199 -3.400785446167 0.02457757666707 0.00011252006515861
-0.20507708191872 -0.6285285949707 -1.1896495819092 -1.3046786785126 -3.4447512626648 0.018555123358965 1.9291141143185e-05
-0.2006484568119 -0.65781855583191 -1.1559927463531 -1.3144595623016 -3.4882290363312 0.013274151831865 1.8791090042214e-05
-0.19596186280251 -0.68651628494263 -1.1221528053284 -1.3230862617493 -3.5313999652863 0.0096439905464649 3.7045985664008e-05
-0.19099393486977 -0.7154438495636 -1.0875697135925 -1.3310840129852 -3.5747816562653 0.0073632784187794 1.094263552659e-05
-0.18577256798744 -0.74410462379456 -1.0526719093323 -1.3387660980225 -3.6174535751343 0.0058989115059376 0.00016087635594886
-0.18034544587135 -0.7729218006134 -1.0169105529785 -1.3467388153076 -3.6600449085236 0.0049943514168262 -9.2629790060528e-07
-0.17473164200783 -0.80122709274292 -0.98052859306335 -1.3551549911499 -3.7021267414093 0.0043096132576466 5.3666553867515e-05
-0.16889038681984 -0.83045220375061 -0.94308137893677 -1.3641836643219 -3.7442536354065 0.0038933344185352 9.2345144366845e-05
-0.16287317872047 -0.85953521728516 -0.9045615196228 -1.3739008903503 -3.7863008975983 0.0033821649849415 5.0004957302008e-05
-0.15668931603432 -0.8887882232666 -0.86491417884827 -1.384254693985 -3.82830119133 0.0033158846199512 1.8071059457725e-05
-0.15035381913185 -0.91842603683472 -0.82425332069397 -1.3954849243164 -3.8696262836456 0.0029563494026661 2.9637326406373e-06
-0.1438824236393 -0.94859218597412 -0.78193926811218 -1.4078280925751 -3.9111838340759 0.0028380937874317 3.2617321267026e-05
-0.13724866509438 -0.97925901412964 -0.73819589614868 -1.4208018779755 -3.9528224468231 0.0028376169502735 2.5560175345163e-05
-0.13056674599648 -1.0102210044861 -0.69286274909973 -1.4350225925446 -3.9936258792877 0.0026235170662403 0.00011465251009213
-0.12370029091835 -1.0427446365356 -0.64511156082153 -1.4504215717316 -4.0351548194885 0.0025600977241993 6.1066828493495e-05
-0.11684814095497 -1.0757114887238 -0.59507250785828 -1.4674100875854 -4.0759315490723 0.0026182718575001 -1.0493895388208e-05
-0.1098350584507 -1.1100709438324 -0.54178881645203 -1.485912322998 -4.1169447898865 0.0026707239449024 4.3255931814201e-05
-0.1028279364109 -1.1462168693542 -0.48451447486877 -1.5065448284149 -4.1575584411621 0.0028156824409962 -8.9342329374631e-06
-0.095734745264053 -1.1848390102386 -0.42171359062195 -1.5298984050751 -4.1983504295349 0.0031113214790821 3.6802600789088e-06
-0.088633447885513 -1.2266719341278 -0.35121560096741 -1.5567891597748 -4.2386631965637 0.003679234534502 4.1769137169467e-05
-0.081557184457779 -1.2740149497986 -0.26841807365417 -1.5886316299438 -4.278555393219 0.0050339289009571 0.00010501161887078
-0.074772745370865 -1.3296322822571 -0.16630506515503 -1.6255331039429 -4.3168530464172 0.0082349367439747 3.2611475035083e-05
-0.068772703409195 -1.3872048854828 -0.052334070205688 -1.6519703865051 -4.3501291275024 0.017730195075274 3.2816449675011e-05
-0.06330195069313 -1.4129884243011 0.00020766258239746 -1.6276743412018 -4.3803343772888 0.033145863562822 4.614665886038e-05
-0.057027012109756 -1.4139931201935 0.0032856464385986 -1.5779943466187 -4.415271282196 0.045193154364824 0.00012872752267867
-0.04981055855751 -1.4144153594971 0.0022175312042236 -1.5291385650635 -4.4560122489929 0.051931340247393 -2.4924471290433e-05
-0.041661649942398 -1.4153368473053 0.0014984607696533 -1.4838449954987 -4.5023126602173 0.052631814032793 0.00019360664009582
-0.032509237527847 -1.4173877239227 0.00113844871521 -1.4425566196442 -4.5545635223389 0.04685826972127 3.8020709325792e-05
-0.022395759820938 -1.4198355674744 0.00072407722473145 -1.4054923057556 -4.61256980896 0.034362751990557 -2.6597206669976e-05
-0.011606365442276 -1.4232385158539 0.00036358833312988 -1.3732755184174 -4.6746954917908 0.015473324805498 9.8104857897852e-05
-0.0059868395328522 -1.4287819862366 -0.0019993782043457 -1.3908302783966 -4.7056365013123 0.0022444315254688 -0.0049062417820096
-0.0071536600589752 -1.438001871109 -0.0031003952026367 -1.4643537998199 -4.6953167915344 0.0041985101997852 -0.011047344654799
-0.0083538591861725 -1.448618888855 -0.0056166648864746 -1.5423340797424 -4.6850166320801 0.0040740557014942 -0.017238393425941
-0.0098392069339752 -1.4583971500397 -0.014878988265991 -1.6240832805634 -4.6731638908386 0.0018529482185841 -0.023470686748624
-0.011394172906876 -1.4291384220123 -0.10788416862488 -1.6606848239899 -4.6612515449524 -0.0027652196586132 -0.029798941686749
-0.0099653303623199 -1.2954251766205 -0.37064266204834 -1.4924583435059 -4.6656866073608 -0.00085310265421867 -0.036380004137754
-0.009272962808609 -1.2348494529724 -0.49097490310669 -1.4223148822784 -4.6658430099487 -0.0002613477408886 -0.042715664952993
-0.0086618959903717 -1.1899998188019 -0.58148455619812 -1.3747062683105 -4.6654491424561 -0.00018815323710442 -0.049030404537916
-0.0080598890781403 -1.1511929035187 -0.65940856933594 -1.334507226944 -4.6650247573853 -0.00012163445353508 -0.055582638829947
-0.0074268877506256 -1.1166713237762 -0.72905039787292 -1.2989206314087 -4.664656162262 -0.00020412728190422 -0.061840131878853
-0.0068210661411285 -1.0849030017853 -0.79273319244385 -1.2666831016541 -4.6640181541443 -0.00013212487101555 -0.068227559328079
-0.0062038004398346 -1.0551474094391 -0.85189175605774 -1.2368049621582 -4.6633114814758 -0.00012258812785149 -0.074560292065144
-0.005554586648941 -1.0271983146667 -0.90736865997314 -1.2089028358459 -4.662721157074 -6.0837715864182e-05 -0.080833368003368
-0.0048879683017731 -1.000786781311 -0.95996618270874 -1.1825902462006 -4.6619639396667 -0.00010160729289055 -0.086905255913734
-0.0041793882846832 -0.97548651695251 -1.0101013183594 -1.1570475101471 -4.6613821983337 8.2451850175858e-05 -0.092029072344303
-0.0034832060337067 -0.95150756835938 -1.057727098465 -1.133763551712 -4.6607494354248 -0.0002010278403759 -0.096969775855541
-0.0027624666690826 -0.92802357673645 -1.1037483215332 -1.1106851100922 -4.6600856781006 3.7867575883865e-05 -0.10223896801472
-0.0026251375675201 -0.88154411315918 -1.0853164196014 -1.1738939285278 -4.6601095199585 0.00035401061177254 -0.10322840511799
-0.0026406347751617 -0.83692669868469 -1.0381948947906 -1.2650747299194 -4.6600098609924 0.00043793395161629 -0.10494716465473
-0.0026380121707916 -0.80332612991333 -0.97296929359436 -1.3640141487122 -4.6599864959717 0.00018950179219246 -0.10614643245935
-0.002575546503067 -0.78196454048157 -0.8869514465332 -1.4711158275604 -4.6603493690491 0.00037022307515144 -0.10745033621788
-0.0025581419467926 -0.77577590942383 -0.77494192123413 -1.5886902809143 -4.6604146957397 0.00030585005879402 -0.10833656042814
-0.0025338232517242 -0.79109811782837 -0.62475752830505 -1.7229223251343 -4.6604495048523 0.00055046752095222 -0.10984428226948
