4.2354395191069e-07 -1.5426245170147e-07 0.91483843326569
3.7061218449708e-07 -4.3462600274324e-07 0.91483819484711
6.1728798073091e-07 -2.3911033508739e-07 0.91483795642853
8.9056243268715e-07 -3.2793897730699e-07 0.91483795642853
9.0724392975972e-07 -3.1855435622674e-08 0.91483789682388
8.1722021150199e-07 -1.2079075872862e-07 0.91483789682388
5.7454957413938e-07 -1.8831320858226e-07 0.91483783721924
8.6203061755441e-07 -1.5162468969265e-07 0.91483783721924
8.1421740105725e-07 1.1375719921602e-08 0.91483777761459
3.5636159623209e-07 -1.8904369625261e-08 0.91483795642853
7.700054425186e-07 4.3051184661635e-07 0.91483813524246
2.8830260134782e-07 3.2592424759059e-07 0.91483807563782
1.5825067123387e-07 3.6353321775096e-07 0.91483837366104
5.9513887151752e-08 2.7671075031321e-07 0.91483861207962
-2.2138236488445e-07 7.881929064979e-08 0.91483825445175
-2.4266012133012e-07 2.0268051059702e-07 0.91483813524246
-4.4431914147935e-07 3.7725575907643e-07 0.91483813524246
-2.4259895781142e-07 3.5030947742598e-07 0.91483795642853
-1.0094263558358e-07 4.1578073251003e-07 0.91483789682388
-3.8860986251166e-07 1.3508088159142e-07 0.91483825445175
-4.4644875174527e-07 2.4245315444205e-07 0.91483813524246
-4.6267373932096e-07 1.4233668821362e-07 0.91483795642853
-4.8614901970723e-07 1.752025298174e-07 0.91483801603317
-4.3530084781196e-07 8.6600827842176e-08 0.91483843326569
-8.1398673046351e-07 -1.2484686351399e-07 0.91483849287033
-8.2734953821273e-07 1.9931817973884e-07 0.91483855247498
-9.7756935701909e-07 1.1529859023085e-07 0.91483867168427
-9.4028911235e-07 -2.9916043331468e-07 0.91483849287033
-1.1647484825517e-06 1.4483463317561e-08 0.91483855247498
-1.4408439028557e-06 -1.5027939070933e-07 0.91483861207962
-1.1627943194981e-06 -3.4803303350373e-08 0.91483855247498
-1.2555509556478e-06 -7.3015051782477e-08 0.91483873128891
-1.1076048167524e-06 -4.6562600886091e-08 0.91483879089355
-1.8923357174572e-06 -1.9451125865544e-07 0.9148388504982
-1.8905403749159e-06 -5.2727068577951e-07 0.91483873128891
-1.7515743593322e-06 -8.7287702399408e-07 0.91483867168427
-1.7584121678738e-06 -1.4688581586597e-06 0.9148388504982
-1.5549952649963e-06 -1.1393557315387e-06 0.91483873128891
-1.3162886034479e-06 -3.2942921279755e-07 0.91483849287033
-1.1164198667757e-06 -4.4078984728912e-07 0.91483867168427
-1.541353299217e-06 -6.8667384311993e-07 0.91483867168427
-1.8992433297171e-06 -4.4226055706531e-07 0.9148388504982
-1.5352876516772e-06 -4.3222831891399e-07 0.91483920812607
-1.465208697482e-06 -3.1932304978e-07 0.91483920812607
-1.7337996496281e-06 -4.5025129224996e-07 0.91483968496323
-1.7832085177361e-06 -2.7429740612206e-07 0.91483992338181
-1.9305794012325e-06 -4.0529596390115e-07 0.91483998298645
-1.6195383523154e-06 -3.7187396628724e-07 0.91484004259109
-1.7920086747836e-06 -6.8172647615938e-07 0.91484028100967
-1.6716694517527e-06 -6.5639414970065e-07 0.91484022140503
-1.7588804439583e-06 -1.176230512101e-06 0.91484034061432
-2.0266766114219e-06 -1.1056772564189e-06 0.91484051942825
-1.6603722770014e-06 -9.1882992592218e-07 0.91484051942825
-1.7472699482823e-06 -9.1240133315296e-07 0.91484045982361
-2.1071009541629e-06 -1.1773971664297e-06 0.91484045982361
-2.0068034700671e-06 -1.0356404800405e-06 0.91484051942825
-1.7112472505687e-06 -8.8629070660318e-07 0.91484075784683
-1.4410165931622e-06 -5.9402691476862e-07 0.91484081745148
-1.0124329037353e-06 -7.7265542586247e-07 0.91484081745148
-6.516173698401e-07 -1.0683141908885e-06 0.91484099626541
-1.0284676363881e-06 -7.4264340810259e-07 0.91484117507935
-9.6901419510687e-07 -1.1172597851328e-06 0.91484129428864
-1.2361115295789e-06 -1.5379371234303e-06 0.91484135389328
-1.1762699614337e-06 -1.4756151358597e-06 0.91484129428864
-1.0378641945863e-06 -1.8796673657562e-06 0.91484117507935
-1.0066537470266e-06 -1.7445555613449e-06 0.91484105587006
-8.9656612090039e-07 -1.9298636289022e-06 0.91484117507935
-1.2951078360857e-06 -2.4690771169844e-06 0.91484141349792
-1.156747089226e-06 -2.4039447907853e-06 0.91484171152115
-9.9942610631842e-07 -2.3976242573553e-06 0.91484159231186
-1.0031154715762e-06 -2.3933421289257e-06 0.91484171152115
-9.966499874281e-07 -2.2756146336178e-06 0.91484194993973
-1.000787619887e-06 -2.4659393602633e-06 0.91484189033508
-7.8860853136575e-07 -2.341380195503e-06 0.91484194993973
-9.3096053888075e-07 -2.282822606503e-06 0.91484183073044
-7.1398238787879e-07 -2.0189750102872e-06 0.91484189033508
-1.1766014722525e-05 0.00059702910948545 0.91500318050385
0.00027935023535974 0.0035387889947742 0.9162717461586
0.00048558411072008 0.006323189008981 0.91768610477448
0.00089444179320708 0.0089501570910215 0.91900187730789
0.00029047322459519 0.0096813309937716 0.9555738568306
0.0001414762227796 0.0082304794341326 1.0028995275497
0.00027024711016566 0.0078812846913934 1.0501956939697
0.00013112567830831 0.0067682745866477 1.097350358963
0.00017486792057753 0.0063523720018566 1.1445816755295
0.00012918587890454 0.0051925745792687 1.191725730896
