-0.0071038417518139 0.04742294549942 1.3015577793121 0.00087285757763311 -2.3642483938602e-05 3.0588989257812 5.1434068154776e-05
-0.0055421832948923 0.042435079813004 1.295371055603 0.00090179563267156 -0.00011088410246884 3.0104539394379 5.13415907335e-05
-0.0039475988596678 0.037432640790939 1.2891626358032 0.00084838684415445 -6.3605650211684e-05 2.9627819061279 -4.996312327421e-06
-0.0024210847914219 0.032422512769699 1.2829756736755 0.00078025023685768 -0.00017130383639596 2.9141526222229 6.982990726101e-06
-0.00088801980018616 0.027432382106781 1.2767821550369 0.0009035503026098 -0.00013088606647216 2.8660221099854 3.7352725485107e-05
0.00069566816091537 0.022440075874329 1.2705953121185 0.00084532157052308 -0.00033509772038087 2.81773686409 4.5829281589249e-05
0.0022242441773415 0.017454713582993 1.2644052505493 0.00074093241710216 -0.00039528944762424 2.7694957256317 1.5284197161236e-06
0.0038105733692646 0.012439608573914 1.2582111358643 0.00084155454533175 -0.00040299084503204 2.7216851711273 1.4643653230451e-05
0.005365401506424 0.0074303597211838 1.2520109415054 0.00078625604510307 -0.00040968338726088 2.6738171577454 -8.9704417405301e-06
0.0069363042712212 0.0024625509977341 1.2458407878876 0.00067119946470484 -0.00048900785623118 2.6253657341003 3.6813944461755e-05
0.0084832608699799 -0.0025537759065628 1.2396159172058 0.00070907111512497 -0.00042127617052756 2.5771124362946 6.5056643506978e-05
0.010037653148174 -0.0075414180755615 1.2334275245667 0.00076426431769505 -0.00049370859051123 2.5295085906982 4.0058574086288e-05
0.011604949831963 -0.012526668608189 1.227245092392 0.00083197216736153 -0.00037865756894462 2.4810705184937 -4.7732319217175e-05
0.01313803344965 -0.017543777823448 1.2210563421249 0.00067297194618732 -0.00068915251176804 2.4328770637512 3.9039950934239e-05
0.014712706208229 -0.022517986595631 1.214866399765 0.00064212153665721 -0.00061405362794176 2.3847367763519 1.4163141713652e-05
0.016294598579407 -0.02755081653595 1.2086696624756 0.00049913872499019 -0.00062024098588154 2.3372716903687 -1.5286002962966e-05
0.017821006476879 -0.032529346644878 1.2024749517441 0.00056268414482474 -0.0004687893379014 2.2887427806854 2.5726252715685e-05
0.019398465752602 -0.037515539675951 1.1962921619415 0.00053899007616565 -0.00048503690049984 2.241051197052 -7.4306335591245e-06
0.020957954227924 -0.04253726452589 1.1900911331177 0.00047634827205911 -0.00041197094833478 2.193231344223 8.2404672866687e-05
0.02252858877182 -0.047527976334095 1.1839216947556 0.00031840556766838 -0.00028133793966845 2.1452832221985 -5.57404518986e-06
0.024047002196312 -0.052541479468346 1.1776778697968 0.0003439181309659 -0.0002343104861211 2.0962858200073 -1.3499751730706e-05
0.025644779205322 -0.057554189115763 1.1714874505997 0.00032194537925534 -9.8737749794964e-05 2.0492553710938 7.2765244112816e-05
0.02717912197113 -0.062526650726795 1.1652570962906 0.00023849261924624 4.600515239872e-07 2.0002226829529 -6.0475963437057e-06
0.028749249875546 -0.067508861422539 1.1591686010361 -6.4241234213114e-05 6.1104969063308e-05 1.9531142711639 2.9239365176181e-05
0.030328176915646 -0.072525143623352 1.152939081192 -1.3274939192343e-06 -3.0358434742084e-05 1.905390381813 2.6177136533079e-05
0.031865414232016 -0.077512860298157 1.1467354297638 0.00014132171054371 -0.00023705189232714 1.8568949699402 9.8732598416973e-06
0.033421337604523 -0.082538247108459 1.1405022144318 0.00041246178443544 -0.00074575323378667 1.8083107471466 2.6675870685722e-05
0.034979108721018 -0.087504044175148 1.1343359947205 0.00050396169535816 -0.001560092321597 1.760330915451 0.0001051507279044
0.036543637514114 -0.092490546405315 1.1281449794769 0.00080136087490246 -0.0025037243030965 1.7129423618317 0.00012662693916354
0.038095228374004 -0.097500562667847 1.1219608783722 0.00051690550753847 -0.0031768621411175 1.6645712852478 4.7784335038159e-05
0.039648551493883 -0.10249076783657 1.1157287359238 0.00066152989165857 -0.0036760601215065 1.6166311502457 -1.0328501048207e-05
0.041211597621441 -0.10749836266041 1.1095489263535 0.000525368435774 -0.0035484512336552 1.5691138505936 -4.6055298298597e-05
0.042773514986038 -0.11247120052576 1.1033803224564 0.0003224975662306 -0.0030589350499213 1.5207859277725 5.8917947171722e-05
0.044322296977043 -0.11750841140747 1.0971816778183 0.00033663754584268 -0.0027932939119637 1.4732475280762 -1.5687752238591e-05
0.045886918902397 -0.1224839836359 1.0909883975983 0.00012921454617754 -0.0024951451923698 1.4250855445862 6.9167239416856e-05
0.047435708343983 -0.12747623026371 1.0847451686859 0.0001051980725606 -0.0023877364583313 1.3768663406372 7.3176983050871e-07
0.049000956118107 -0.1324906796217 1.0785447359085 -0.00010772656241897 -0.0021570771932602 1.3291640281677 -1.7360220226692e-05
0.050555594265461 -0.13748453557491 1.0723533630371 -7.7112992585171e-05 -0.0021439329721034 1.2809007167816 7.8131597547326e-05
0.05212539434433 -0.14247561991215 1.0661047697067 -5.1706723752432e-05 -0.0019690059125423 1.2326416969299 -1.3316171134647e-06
0.05367673933506 -0.1474412381649 1.0600590705872 -0.00027834699722007 -0.0020220032893121 1.1846821308136 5.6318771385122e-05
0.055227793753147 -0.15244409441948 1.0538522005081 -0.00049038662109524 -0.0018706420669332 1.1368653774261 1.5141852600209e-05
0.056797072291374 -0.15744245052338 1.0475869178772 -0.00048027533921413 -0.0019757191184908 1.0887285470963 1.2906801202917e-05
0.058336950838566 -0.16247226297855 1.0413991212845 -0.00057544413721189 -0.0018474025418982 1.0412077903748 1.1451763384684e-05
0.059906788170338 -0.16747088730335 1.0351501703262 -0.00042714743176475 -0.0017986721359193 0.99293547868729 1.7213365936186e-05
0.061476334929466 -0.17246231436729 1.0289293527603 -0.00057950825430453 -0.0017193957464769 0.94483262300491 2.6969632017426e-05
0.063030943274498 -0.17742985486984 1.0228164196014 -0.00078908278374001 -0.0019826393108815 0.89661520719528 5.1471124606906e-05
0.06459978222847 -0.18243998289108 1.0165874958038 -0.00071622565155849 -0.0019741887226701 0.84929293394089 -8.1590515037533e-06
0.066152825951576 -0.18743050098419 1.0104699134827 -0.0013101478107274 -0.0019801130983979 0.8012472987175 7.6877495303052e-06
0.067708149552345 -0.19244119524956 1.0041966438293 -0.0013773193350062 -0.0019087283872068 0.75319427251816 8.8123357272707e-05
0.069266781210899 -0.19743624329567 0.99802988767624 -0.0017112657660618 -0.0021091972012073 0.70543611049652 0.00011677775182761
0.070807859301567 -0.20242390036583 0.99178200960159 -0.0019994722679257 -0.0020704187918454 0.65769076347351 -3.9926340832608e-05
0.072372555732727 -0.20742329955101 0.98560953140259 -0.0026281895115972 -0.0022860213648528 0.61010819673538 1.5756624634378e-05
0.073943480849266 -0.21242743730545 0.97940582036972 -0.0035231478977948 -0.0026793889701366 0.56242507696152 1.8947375792777e-05
0.075486898422241 -0.21741050481796 0.97310793399811 -0.00487479288131 -0.0032180906273425 0.51486188173294 3.3085314498749e-05
0.077049687504768 -0.2224103808403 0.96696209907532 -0.0078802267089486 -0.0045298705808818 0.46827009320259 4.5332191803027e-05
0.078607991337776 -0.22739604115486 0.96093094348907 -0.015828827396035 -0.0075421882793307 0.42446875572205 2.2599008389079e-06
0.080142021179199 -0.2323639690876 0.95476412773132 -0.041015990078449 -0.016944091767073 0.38904625177383 2.5240175091312e-05
0.080659151077271 -0.23419347405434 0.94988411664963 -0.061724260449409 -0.023865077644587 0.36110693216324 -0.0018019577255473
0.077377550303936 -0.22475785017014 0.94969832897186 0.023301074281335 0.0072490042075515 0.32082572579384 -0.0075307595543563
0.074077963829041 -0.21523341536522 0.94979256391525 0.036702863872051 0.012709881179035 0.31737843155861 -0.013548501767218
0.07077993452549 -0.20553880929947 0.94966077804565 0.0083698416128755 0.003064634045586 0.32920503616333 -0.019932087510824
0.067458122968674 -0.19589418172836 0.9497971534729 0.0049023041501641 0.0018455578247085 0.32898959517479 -0.026076359674335
0.064177490770817 -0.1863127052784 0.94976419210434 0.0038722660392523 0.0012139388127252 0.32985398173332 -0.032295625656843
0.060857489705086 -0.17672872543335 0.94970864057541 0.0032312008552253 0.0010910487035289 0.33113020658493 -0.03852105140686
0.05756714195013 -0.16712373495102 0.94972401857376 0.0026881748344749 0.00081388122634962 0.33087322115898 -0.045078001916409
0.05425713211298 -0.1575248837471 0.94982850551605 0.0022240863181651 0.00079287978587672 0.33111479878426 -0.051661070436239
0.050962582230568 -0.14791950583458 0.94978618621826 0.002068612491712 0.00075490830931813 0.33103361725807 -0.058244083076715
0.047655671834946 -0.13832220435143 0.94982314109802 0.0018423260189593 0.00071741419378668 0.33109924197197 -0.064626730978489
0.044350251555443 -0.12871387600899 0.94979798793793 0.00163230067119 0.00075513968477026 0.3308898806572 -0.070887617766857
0.041046008467674 -0.11912354826927 0.94985055923462 0.0014908491866663 0.00063446565764025 0.33126139640808 -0.077272549271584
0.037749543786049 -0.10952265560627 0.94987237453461 0.0012936057755724 0.00046230279258452 0.33132475614548 -0.08368943631649
0.034474231302738 -0.099913403391838 0.94991993904114 0.00088905630400404 0.00073398498352617 0.33083692193031 -0.089092582464218
0.031160369515419 -0.09033964574337 0.94989383220673 0.0014340910129249 0.00038178276736289 0.33139905333519 -0.093525461852551
0.029311269521713 -0.085095942020416 0.97092354297638 -0.00065046193776652 -0.00036811520112678 0.33179843425751 -0.096109613776207
0.029332622885704 -0.08511146903038 1.0188429355621 -0.0015727462014183 -0.00085742713417858 0.33167964220047 -0.097692437469959
0.029314547777176 -0.085110396146774 1.0668748617172 -0.0019067591056228 -0.00088734831660986 0.33215171098709 -0.098189458250999
0.029313527047634 -0.085165828466415 1.1148420572281 -0.0019530524732545 -0.0010050045093521 0.33262974023819 -0.097376339137554
0.029321454465389 -0.085152938961983 1.1629686355591 -0.0022570504806936 -0.001199183287099 0.33260437846184 -0.096223004162312
0.029340669512749 -0.08523716032505 1.2108498811722 -0.0025273328647017 -0.0014841408701614 0.33278623223305 -0.096374325454235
