0.044140193611383 0.22100874781609 -1.7471182346344 -1.6163232326508 -1.4435441493988 0.00014491729962174 5.1434068154776e-05
0.068201869726181 0.21339508891106 -1.7570595741272 -1.5987873077393 -1.3711035251617 0.00023694687115494 5.13415907335e-05
0.091141074895859 0.2041549384594 -1.7657141685486 -1.5808703899384 -1.3004474639893 0.00023790053091943 -4.996312327421e-06
0.11318954825401 0.19329926371574 -1.7730085849762 -1.5626831054688 -1.2301588058472 0.00025077513419092 6.982990726101e-06
0.1340511739254 0.18083187937737 -1.7788076400757 -1.5445008277893 -1.1609869003296 0.00037666014395654 3.7352725485107e-05
0.15381559729576 0.16686627268791 -1.7832546234131 -1.5261218547821 -1.0928738117218 0.00043483427725732 4.5829281589249e-05
0.1721633374691 0.15142294764519 -1.7862668037415 -1.5077149868011 -1.0265328884125 0.00064941099844873 1.5284197161236e-06
0.18920502066612 0.1345429122448 -1.7878258228302 -1.4892957210541 -0.96200275421143 0.00064178160391748 1.4643653230451e-05
0.2051862180233 0.11619755625725 -1.7878646850586 -1.4709806442261 -0.89761137962341 0.00071235350333154 -8.9704417405301e-06
0.21984657645226 0.096684902906418 -1.786456823349 -1.4528784751892 -0.83489918708801 0.00080295256339014 3.6813944461755e-05
0.23329815268517 0.075780838727951 -1.7834889888763 -1.4351053237915 -0.77308297157288 0.00089593580923975 6.5056643506978e-05
0.2454636991024 0.053869694471359 -1.779093503952 -1.4176533222198 -0.71302247047424 0.0010242050047964 4.0058574086288e-05
0.25650581717491 0.030882328748703 -1.7731342315674 -1.4006521701813 -0.65379691123962 0.0010470931883901 -4.7732319217175e-05
0.26635012030602 0.0068187415599823 -1.7656655311584 -1.3842220306396 -0.5957624912262 0.001276928698644 3.9039950934239e-05
0.27516540884972 -0.01798489689827 -1.7568049430847 -1.3682622909546 -0.53864097595215 0.0012664382811636 1.4163141713652e-05
0.28287300467491 -0.043584376573563 -1.7464883327484 -1.3530299663544 -0.48311305046082 0.001387078082189 -1.5286002962966e-05
0.28955683112144 -0.0698621571064 -1.7347588539124 -1.3385453224182 -0.42857480049133 0.0014338081236929 2.5726252715685e-05
0.29531988501549 -0.096822291612625 -1.7215616703033 -1.3247573375702 -0.37463879585266 0.0014390533324331 -7.4306335591245e-06
0.30016884207726 -0.12432387471199 -1.7070133686066 -1.3118023872375 -0.32180714607239 0.0013856475707144 8.2404672866687e-05
0.30419859290123 -0.15225127339363 -1.6911227703094 -1.2995955944061 -0.26970362663269 0.0013117378111929 -5.57404518986e-06
0.3073762357235 -0.1807134449482 -1.6738977432251 -1.2881641387939 -0.21831107139587 0.0011739318724722 -1.3499751730706e-05
0.30985054373741 -0.20938590168953 -1.6554915904999 -1.2774398326874 -0.16797041893005 0.00059409788809717 7.2765244112816e-05
0.31156572699547 -0.2382974922657 -1.6359620094299 -1.2671411037445 -0.1181697845459 -0.00025300332345068 -6.0475963437057e-06
0.31262096762657 -0.26710203289986 -1.6153011322021 -1.2573506832123 -0.069270610809326 -0.0017555172089487 2.9239365176181e-05
0.31307539343834 -0.29622223973274 -1.5936353206635 -1.247899055481 -0.020808458328247 -0.0038583690766245 2.6177136533079e-05
0.31291851401329 -0.32537248730659 -1.5709280967712 -1.2386367321014 0.027015924453735 -0.006666224449873 9.8732598416973e-06
0.31221660971642 -0.35462930798531 -1.5470774173737 -1.2301096916199 0.074496030807495 -0.0098600797355175 2.6675870685722e-05
0.31098636984825 -0.3839011490345 -1.5220470428467 -1.2227509021759 0.12174153327942 -0.012894432991743 0.0001051507279044
0.30931267142296 -0.41335919499397 -1.495840549469 -1.2176043987274 0.16776633262634 -0.014777462929487 0.00012662693916354
0.30719265341759 -0.44339779019356 -1.4679622650146 -1.2150890827179 0.21343302726746 -0.014939825981855 4.7784335038159e-05
0.30463346838951 -0.47400334477425 -1.4386105537415 -1.215416431427 0.25888514518738 -0.013632100075483 -1.0328501048207e-05
0.30174431204796 -0.50465679168701 -1.4080502986908 -1.2175946235657 0.30363249778748 -0.011168044060469 -4.6055298298597e-05
0.2984593808651 -0.53556132316589 -1.3763301372528 -1.2208342552185 0.34848761558533 -0.0086205415427685 5.8917947171722e-05
0.29483780264854 -0.56649208068848 -1.3436725139618 -1.2246203422546 0.39277911186218 -0.0067603997886181 -1.5687752238591e-05
0.29090246558189 -0.59729552268982 -1.3102447986603 -1.2284514904022 0.4371030330658 -0.005400937050581 6.9167239416856e-05
0.28668197989464 -0.62816691398621 -1.2759528160095 -1.2328462600708 0.48100161552429 -0.0045373849570751 7.3176983050871e-07
0.28225788474083 -0.65886950492859 -1.2408528327942 -1.2378242015839 0.52418065071106 -0.0038819722831249 -1.7360220226692e-05
0.27752861380577 -0.68978476524353 -1.2045152187347 -1.2437474727631 0.56770014762878 -0.0034389905631542 7.8131597547326e-05
0.27259191870689 -0.72083973884583 -1.1672840118408 -1.25031042099 0.61088538169861 -0.0030944757163525 -1.3316171134647e-06
0.2675059735775 -0.75149416923523 -1.129252910614 -1.257563829422 0.65348982810974 -0.002919714897871 5.6318771385122e-05
0.26220592856407 -0.78279304504395 -1.0898637771606 -1.265992641449 0.69616341590881 -0.0025480203330517 1.5141852600209e-05
0.25673660635948 -0.81439971923828 -1.0493602752686 -1.2751123905182 0.73870348930359 -0.0023661069571972 1.2906801202917e-05
0.25110992789268 -0.84612655639648 -1.0076510906219 -1.2853624820709 0.78099846839905 -0.0021512918174267 1.1451763384684e-05
0.24533781409264 -0.8783278465271 -0.9645779132843 -1.2963490486145 0.82339787483215 -0.0020542554557323 1.7213365936186e-05
0.23950800299644 -0.91070318222046 -0.92032289505005 -1.3083136081696 0.86524891853333 -0.00191954895854 2.6969632017426e-05
0.23351654410362 -0.94331908226013 -0.87438440322876 -1.321400642395 0.90744233131409 -0.0019870214164257 5.1471124606906e-05
0.22749266028404 -0.9767894744873 -0.82671356201172 -1.3357779979706 0.94904255867004 -0.0018082074820995 -8.1590515037533e-06
0.22134241461754 -1.0108032226562 -0.77695822715759 -1.3512194156647 0.99097609519958 -0.0017190389335155 7.6877495303052e-06
0.21514973044395 -1.0457475185394 -0.72497749328613 -1.3681752681732 1.0325787067413 -0.0017221383750439 8.8123357272707e-05
0.20891126990318 -1.081823348999 -0.67017269134521 -1.3867223262787 1.0742228031158 -0.0018167905509472 0.00011677775182761
0.20263084769249 -1.11931848526 -0.61189866065979 -1.4072058200836 1.1157782077789 -0.0017977170646191 -3.9926340832608e-05
0.19634374976158 -1.1586318016052 -0.54920053482056 -1.4299924373627 1.15713763237 -0.0018887929618359 1.5756624634378e-05
0.19003519415855 -1.2006137371063 -0.48047971725464 -1.4558444023132 1.1984646320343 -0.0019221715629101 1.8947375792777e-05
0.1837600171566 -1.2465732097626 -0.40326809883118 -1.4857242107391 1.2397034168243 -0.0022852830588818 3.3085314498749e-05
0.17764124274254 -1.2978544235229 -0.31340265274048 -1.5210492610931 1.2799437046051 -0.0029776506125927 4.5332191803027e-05
0.17186436057091 -1.3581454753876 -0.20238089561462 -1.5630271434784 1.3184683322906 -0.0047200135886669 2.2599008389079e-06
0.16740974783897 -1.424654006958 -0.072054386138916 -1.5994598865509 1.3494970798492 -0.009905856102705 2.5240175091312e-05
0.16359934210777 -1.4570648670197 -0.010458946228027 -1.6065392494202 1.3725864887238 -0.013772051781416 -0.0018019577255473
0.15527948737144 -1.4553046226501 -0.043129205703735 -1.6680071353912 1.4053795337677 0.0037145204842091 -0.0075307595543563
0.15249142050743 -1.3382704257965 -0.28959798812866 -1.5531265735626 1.4062349796295 0.0071396417915821 -0.013548501767218
0.15205654501915 -1.2521929740906 -0.45673537254333 -1.4418277740479 1.3941514492035 0.001871544867754 -0.019932087510824
0.14987263083458 -1.2031433582306 -0.55494856834412 -1.3889896869659 1.3908503055573 0.0011934824287891 -0.026076359674335
0.14758762717247 -1.1626360416412 -0.63667130470276 -1.3465054035187 1.3881747722626 0.00090547278523445 -0.032295625656843
0.14523634314537 -1.1266531944275 -0.70904135704041 -1.3093392848969 1.3851988315582 0.00078435614705086 -0.03852105140686
0.14276871085167 -1.0940566062927 -0.77455496788025 -1.2759845256805 1.3826382160187 0.0006680078804493 -0.045078001916409
0.1402014195919 -1.0635080337524 -0.83512353897095 -1.2453701496124 1.3800361156464 0.00061031058430672 -0.051661070436239
0.13760742545128 -1.0353155136108 -0.89158368110657 -1.2169680595398 1.3772757053375 0.00055547431111336 -0.058244083076715
0.13490137457848 -1.0085442066193 -0.94481778144836 -1.1903455257416 1.3746063709259 0.00048156455159187 -0.064626730978489
0.13212808966637 -0.98315453529358 -0.99533534049988 -1.1650969982147 1.3717467784882 0.00055928900837898 -0.070887617766857
0.12929806113243 -0.9587082862854 -1.0434920787811 -1.1411685943604 1.3687746524811 0.00046630576252937 -0.077272549271584
0.12635883688927 -0.93519639968872 -1.0896384716034 -1.1183071136475 1.3658964633942 0.00045676901936531 -0.08368943631649
0.12333282828331 -0.91243624687195 -1.134260892868 -1.0957102775574 1.3630812168121 0.00033612921833992 -0.089092582464218
0.12021765112877 -0.89066553115845 -1.1770889759064 -1.0746500492096 1.3598282337189 0.00024553015828133 -0.093525461852551
0.11859926581383 -0.85337781906128 -1.1879594326019 -1.0995645523071 1.3572914600372 -0.00022630020976067 -0.096109613776207
0.11862167716026 -0.80263209342957 -1.1486747264862 -1.1891849040985 1.3573319911957 -0.00056366249918938 -0.097692437469959
0.11865791678429 -0.76145482063293 -1.0933411121368 -1.285076379776 1.3570420742035 -0.00050715729594231 -0.098189458250999
0.11869224905968 -0.73172092437744 -1.0199265480042 -1.3882300853729 1.3570077419281 -0.00071410462260246 -0.097376339137554
0.11869987845421 -0.71439337730408 -0.92589259147644 -1.4992439746857 1.3569610118866 -0.00091938301920891 -0.096223004162312
0.11874803900719 -0.71320629119873 -0.80564475059509 -1.620260477066 1.3567960262299 -0.00081495568156242 -0.096374325454235
