5.6608520537793e-08 2.2553692247129e-10 0.91483908891678
8.2564319825451e-08 -2.1829915652916e-10 0.91483938694
-2.3862233433647e-07 8.1005509855459e-08 0.91483968496323
-4.040556120799e-07 1.2965628570782e-07 0.91483974456787
-3.2250198955808e-07 1.9135056561481e-07 0.91483974456787
-4.139792793012e-07 3.5726640135181e-07 0.91483980417252
-9.967178016268e-08 1.9455255539924e-07 0.91483986377716
6.5910924718082e-08 -9.2788205563465e-08 0.91483998298645
5.5095262041505e-07 -3.2836794616742e-07 0.91484004259109
5.4122824622027e-07 -5.9357284953876e-07 0.91484010219574
9.0246930994908e-07 -8.8174459733636e-07 0.91484022140503
8.9905375943999e-07 -7.7096802897358e-07 0.91484028100967
7.3435245440123e-07 -4.7620633836232e-07 0.91484051942825
4.6310196921695e-07 -3.5623750704872e-07 0.91484051942825
4.0315921978618e-07 -3.2566188679084e-07 0.91484051942825
7.9289816312667e-07 -4.9357123543814e-07 0.91484051942825
6.7825106953023e-07 -1.132356146627e-06 0.9148405790329
4.8059234813991e-07 -1.4096673339736e-06 0.91484069824219
4.0309214455192e-07 -1.633434408177e-06 0.91484081745148
-5.7974222755774e-08 -1.8915283135357e-06 0.91484081745148
-1.1520211273819e-07 -2.0802347080462e-06 0.91484099626541
-6.3102072545007e-07 -1.9194806100131e-06 0.91484093666077
-4.1673970940792e-07 -1.9143708414049e-06 0.91484099626541
-1.9129147688091e-07 -1.522143747934e-06 0.91484093666077
-1.1811547295792e-08 -2.1179218947509e-06 0.91484093666077
-1.7127419482676e-07 -1.8726201460595e-06 0.91484117507935
-3.5068126180704e-07 -1.7436786947655e-06 0.91484123468399
-3.7820490206286e-07 -1.8918957493952e-06 0.91484135389328
-4.7752757836861e-07 -2.1353548618208e-06 0.91484129428864
-1.8939738311019e-07 -2.2491437903227e-06 0.91484135389328
-1.096880168916e-06 -1.9641001927084e-06 0.91484141349792
-1.2063713938915e-06 -2.3152963422035e-06 0.91484141349792
-1.1463564533187e-06 -1.772063910721e-06 0.91484129428864
-1.1970737432421e-06 -1.3940660892331e-06 0.91484129428864
-7.7346152238533e-07 -1.1451088539616e-06 0.91484135389328
-5.1036727199971e-07 -1.0232339491267e-06 0.91484147310257
-9.7115400876646e-07 -1.2853956832259e-06 0.91484159231186
-1.3918114518674e-06 -1.0232763543172e-06 0.91484189033508
-1.5372443158412e-06 -1.1198449101357e-06 0.91484200954437
-1.1250816669417e-06 -9.7420661404612e-07 0.91484212875366
-8.8560318545206e-07 -6.6565559109222e-07 0.91484194993973
-1.3673550256499e-06 -4.2431128122189e-07 0.91484200954437
-1.4044550198378e-06 -7.4313686582173e-07 0.91484189033508
-1.3858139027434e-06 -9.314184694631e-07 0.91484200954437
-1.0628351674313e-06 -1.1842064395751e-06 0.91484200954437
-1.1808932640633e-06 -1.1139040907437e-06 0.91484200954437
-8.8138921228165e-07 -5.605952537735e-07 0.91484194993973
-1.2483741329561e-06 -9.7395093234809e-07 0.91484224796295
-1.6500428046129e-06 -8.6116062902875e-07 0.9148423075676
-1.1009717582056e-06 -9.4874542355683e-07 0.9148423075676
-9.2696035380868e-07 -8.1009176255975e-07 0.9148423075676
-1.0539448567215e-06 -7.6619562605629e-07 0.9148423075676
-9.3145058599475e-07 -5.47313561583e-07 0.91484212875366
-1.0763848194983e-06 -3.9934067785907e-07 0.91484200954437
-8.2141639268229e-07 -3.8605912777712e-07 0.91484212875366
-6.9960572091077e-07 -7.1709416715748e-07 0.91484212875366
-4.968664484295e-07 -1.1863276085933e-06 0.91484224796295
-5.3549695167021e-07 -1.2329221590335e-06 0.91484236717224
-3.211572732198e-07 -1.3206887388151e-06 0.9148423075676
-8.7223048694796e-07 -1.361679665024e-06 0.9148423075676
-7.8094853961375e-07 -1.2817748711313e-06 0.91484254598618
-9.587784006726e-07 -5.7125242847178e-07 0.91484254598618
-9.8021985195373e-07 -7.3505106001903e-07 0.91484272480011
-6.8254541929491e-07 -7.9584469858673e-07 0.91484290361404
-6.4713867686805e-07 -5.1634691544677e-07 0.9148428440094
-1.2744902733175e-06 -7.0621030090479e-07 0.91484308242798
-1.3259744946481e-06 -7.0941553076409e-07 0.91484290361404
-1.2179954183011e-06 -4.8838933253137e-07 0.91484272480011
-1.5963529449436e-06 -7.0430513687825e-07 0.91484266519547
-1.1218537565583e-06 -7.3223213803431e-07 0.91484272480011
-8.1779450056274e-07 -6.0241063692956e-07 0.91484296321869
-0.00053519697394222 0.001499064033851 0.91568791866302
-0.0015541333705187 0.0048702149651945 0.91762065887451
-0.0027786125428975 0.0074621364474297 0.93790596723557
-0.0026553652714938 0.0068490086123347 0.98409414291382
-0.0030028061009943 0.0085358815267682 1.0282928943634
-0.0032310418318957 0.0092812813818455 1.0751510858536
-0.0034236891660839 0.010423313826323 1.1218720674515
-0.0033520001452416 0.0099021978676319 1.1680511236191
