-0.016027616336942 0.047804594039917 1.2995256185532 0.00085124972974882 5.9988578868797e-05 -3.0588641166687 3.6869507312076e-05
-0.019260045140982 0.043009638786316 1.2922105789185 0.00093622069107369 0.00023725497885607 -3.0106105804443 -4.0992804315465e-06
-0.022513009607792 0.038228809833527 1.2849317789078 0.00080708111636341 0.00015393222565763 -2.9621620178223 2.0765925000887e-05
-0.025772795081139 0.033440381288528 1.2776407003403 0.00076913274824619 0.00036948506021872 -2.9143569469452 3.3948508644244e-05
-0.028971783816814 0.028664916753769 1.2703502178192 0.00078251276863739 0.00029670138610527 -2.8658077716827 -4.9025515181711e-05
-0.032221227884293 0.023848757147789 1.2630481719971 0.00076664477819577 0.00029665924375877 -2.817610502243 -1.0350056072639e-05
-0.03549325466156 0.019058510661125 1.2557419538498 0.00072158314287663 0.00033458633697592 -2.7701613903046 1.1552925570868e-05
-0.03875270485878 0.014263764023781 1.2484714984894 0.00064648990519345 0.00026672458625399 -2.7219276428223 -5.1442908443278e-05
-0.04197596758604 0.0094870999455452 1.2411828041077 0.00059266737662256 0.00020270110690035 -2.6733021736145 -1.2849260201619e-05
-0.045238241553307 0.0046926662325859 1.2338802814484 0.00054625124903396 0.00020760892948601 -2.6254899501801 8.8356673586532e-06
-0.048468455672264 -9.6656382083893e-05 1.2265961170197 0.00053038203623146 0.00022911308042239 -2.5776245594025 6.7899280111305e-05
-0.051727846264839 -0.004903107881546 1.2192801237106 0.00039856191142462 0.00034718081587926 -2.5297694206238 8.1615260569379e-05
-0.054985627532005 -0.0096885412931442 1.2119760513306 0.00033202464692295 0.00038106832653284 -2.4813923835754 3.0210946988518e-06
-0.058185368776321 -0.014460571110249 1.2047326564789 7.2855458711274e-05 0.00026807677932084 -2.4328644275665 6.7917979322374e-05
-0.06143282353878 -0.019255578517914 1.197448015213 0.0001844944054028 0.00028194399783388 -2.3856174945831 1.2014752428513e-05
-0.064682930707932 -0.024052366614342 1.190092921257 6.654280150542e-05 3.9534672396258e-05 -2.3366577625275 2.7719479476218e-05
-0.067927271127701 -0.02887262031436 1.1827898025513 -2.1602232664009e-05 -3.8315454730764e-05 -2.2892265319824 3.4134191082558e-05
-0.071154311299324 -0.033620271831751 1.175513625145 -5.4446900321636e-05 -0.00018212627037428 -2.2406132221222 -1.3555511031882e-05
-0.074413388967514 -0.038424238562584 1.1682252883911 -0.00014365366951097 -0.00020631498773582 -2.192421913147 8.3737715613097e-05
-0.077641189098358 -0.043198581784964 1.1609337329865 -0.00031174899777398 -0.00044722139136866 -2.1448712348938 4.4873766455567e-05
-0.080906987190247 -0.047983426600695 1.153621673584 -0.00042720881174318 -0.00071386032504961 -2.0967996120453 4.5910510380054e-05
-0.08414089679718 -0.052780866622925 1.1463490724564 -0.00038086841232143 -0.00079692929284647 -2.0485892295837 4.4420306949178e-05
-0.087377682328224 -0.057567957788706 1.1390327215195 -0.00022258760873228 -0.0006201802752912 -2.0003499984741 1.4235963135434e-05
-0.090633496642113 -0.062367632985115 1.1317330598831 -0.00017190299695358 -0.00010586086136755 -1.95274746418 3.810939961113e-05
-0.093879230320454 -0.067176170647144 1.1244488954544 0.00028152120648883 0.00086019083391875 -1.9048018455505 4.2113577364944e-05
-0.097117677330971 -0.071939192712307 1.1171740293503 0.00064192799618468 0.0023481985554099 -1.8565982580185 7.8300312452484e-05
-0.10035988688469 -0.076715975999832 1.1099224090576 0.0011036762734875 0.0041952123865485 -1.8086293935776 4.3221083615208e-05
-0.10359965264797 -0.081544190645218 1.1025483608246 0.0015596406301484 0.0058888257481158 -1.7614742517471 4.9224581744056e-05
-0.1068509966135 -0.086327947676182 1.0952070951462 0.0017631114460528 0.00683041382581 -1.7129081487656 -1.5224974049488e-05
-0.11008890718222 -0.091102629899979 1.0879738330841 0.001326743979007 0.0067670508287847 -1.6651892662048 -8.8859987954493e-06
-0.11334203183651 -0.095887206494808 1.0806460380554 0.0010391029063612 0.0059864735230803 -1.6171298027039 4.7383509809151e-05
-0.11657707393169 -0.10068859905005 1.0733264684677 0.00076378020457923 0.0049929297529161 -1.5690565109253 2.9760647521471e-05
-0.11981901526451 -0.10549503564835 1.0660582780838 0.00049250631127506 0.0042410148307681 -1.5213847160339 5.8002751757158e-05
-0.12307713925838 -0.11025842279196 1.0587236881256 0.00027414163923822 0.0036399809177965 -1.4722108840942 4.5088759179635e-06
-0.12632147967815 -0.11505720019341 1.0515153408051 0.00012523900659289 0.0035694970283657 -1.4249869585037 1.3354059774429e-05
-0.12956750392914 -0.11984167248011 1.0440644025803 0.00010947747068712 0.0033595371060073 -1.3764855861664 -2.5282142814831e-06
-0.13278576731682 -0.12464561313391 1.0369262695312 -0.00018587685190141 0.0033415898215026 -1.3294539451599 7.8708408182138e-06
-0.1360445022583 -0.12943671643734 1.0295571088791 -0.0002153011446353 0.0034194106701761 -1.2808930873871 3.6038120015291e-05
-0.1392785012722 -0.13420702517033 1.022337436676 -0.00056733563542366 0.0033088135533035 -1.232910990715 9.2417794803623e-05
-0.14251559972763 -0.13900040090084 1.0150532722473 -0.00082787009887397 0.0033219764009118 -1.185351729393 -5.3034502343507e-05
-0.14577470719814 -0.14380471408367 1.0075931549072 -0.00080859655281529 0.0035122006665915 -1.1372473239899 5.221099127084e-05
-0.14900529384613 -0.14858457446098 1.0002918243408 -0.0012152626877651 0.003525918116793 -1.0896769762039 0.0001074142055586
-0.15226849913597 -0.15335668623447 0.99306452274323 -0.0014133909717202 0.0041769756935537 -1.0415832996368 7.3674447776284e-05
-0.15549178421497 -0.15816026926041 0.98580342531204 -0.0022437814623117 0.0046044592745602 -0.99400037527084 1.0951988770103e-05
-0.15873728692532 -0.16295313835144 0.97854936122894 -0.0031938897445798 0.0054605822078884 -0.94666421413422 4.4270789658185e-05
-0.16199150681496 -0.16772229969501 0.97125917673111 -0.0047945203259587 0.0072514489293098 -0.89980447292328 5.3020226005174e-06
-0.16523928940296 -0.1725307404995 0.96388441324234 -0.0089461524039507 0.011110791936517 -0.85351479053497 7.3189862632717e-06
-0.16846285760403 -0.17730239033699 0.95662385225296 -0.020798146724701 0.022414993494749 -0.81317484378815 0.00012712512398139
-0.17031955718994 -0.18046402931213 0.94979619979858 -0.039337102323771 0.039984583854675 -0.77992689609528 -7.9227993410314e-06
-0.16142521798611 -0.17112065851688 0.94965595006943 0.034682873636484 -0.03067740984261 -0.73792803287506 4.8187019274337e-05
-0.15234640240669 -0.16153356432915 0.94972413778305 0.017237553372979 -0.018251143395901 -0.74885827302933 3.556838419172e-05
-0.14327929913998 -0.15187129378319 0.94968628883362 0.0061579970642924 -0.0065419860184193 -0.75374799966812 6.1762766563334e-05
-0.13420540094376 -0.14226742088795 0.94976258277893 0.003976009786129 -0.004367514513433 -0.75469571352005 6.3814426539466e-05
-0.1251652687788 -0.13266740739346 0.94975435733795 0.0030725847464055 -0.0033842460252345 -0.75470572710037 -3.8676707845298e-06
-0.11612026393414 -0.12306372821331 0.9498176574707 0.0024746335111558 -0.0029251074884087 -0.75492811203003 -4.8778415475681e-06
-0.10704649984837 -0.11346740275621 0.94983685016632 0.0022580570075661 -0.0024854966904968 -0.75561916828156 4.5996375774848e-06
-0.098009899258614 -0.10386577993631 0.94979757070541 0.0019447358790785 -0.0022620377130806 -0.7553927898407 1.8866073787649e-06
-0.088945433497429 -0.094263717532158 0.94983941316605 0.0017512427875772 -0.0020843415986747 -0.75551998615265 4.9748385208659e-05
-0.079895183444023 -0.084678404033184 0.94987887144089 0.0016591140301898 -0.0018422388238832 -0.75550228357315 4.537835411611e-05
-0.07083985209465 -0.075059995055199 0.9498610496521 0.0015316393692046 -0.001845535938628 -0.75534528493881 9.1637615696527e-05
-0.061794340610504 -0.065479472279549 0.94989228248596 0.0014195650583133 -0.0015932575333863 -0.7549159526825 9.1312344011385e-05
-0.052740931510925 -0.05587200820446 0.94993215799332 0.0012507690116763 -0.0015869315247983 -0.75611400604248 4.0843366150511e-05
-0.043700754642487 -0.046287029981613 0.94990032911301 0.0011043696431443 -0.0015366893494502 -0.75598061084747 0.00011476498912089
-0.03465336561203 -0.036691464483738 0.94993096590042 0.001086137490347 -0.0012200715718791 -0.75552326440811 -3.6958161217626e-05
-0.025570593774319 -0.02707577496767 0.94993537664413 0.00094498007092625 -0.0014491083566099 -0.75587511062622 3.324584395159e-05
-0.016563296318054 -0.017484672367573 0.94995015859604 0.00098236196208745 -0.0012406442547217 -0.75552326440811 0.00011817291670013
-0.0074570775032043 -0.007894828915596 0.94993060827255 0.00091178272850811 -0.0013501871144399 -0.75614273548126 4.7036901378306e-05
0.0015789270401001 0.0016989931464195 0.94994866847992 0.00098305218853056 -0.0013385271886364 -0.75566250085831 4.9973597924691e-05
0.010654844343662 0.01129736751318 0.94995224475861 0.0010037310421467 -0.0012237225892022 -0.75598651170731 0.00010727681365097
0.019720107316971 0.020897537469864 0.94993275403976 0.0010452187852934 -0.0012898173881695 -0.75596415996552 -1.3337591553864e-05
0.028750203549862 0.03048412501812 0.94995546340942 0.00086952961282805 -0.0012237899936736 -0.75593835115433 7.3981641435239e-06
0.037814050912857 0.040105096995831 0.94995838403702 0.00084526609862223 -0.0012067473726347 -0.75554895401001 0.00011657045979518
0.046892691403627 0.04969984292984 0.94995880126953 0.00090216111857444 -0.0012591804843396 -0.7558753490448 0.00010091088188346
0.055927660316229 0.059298291802406 0.94995766878128 0.00085298786871135 -0.0011885095154867 -0.75591802597046 0.00013204330753069
0.06499557197094 0.068894788622856 0.94996011257172 0.00085825950372964 -0.0012100170133635 -0.75593972206116 -1.6994225006783e-05
0.074040599167347 0.078508414328098 0.94997024536133 0.00069080537650734 -0.0010781749151647 -0.7557629942894 -2.0435438273125e-05
0.083128817379475 0.088113896548748 0.94999063014984 0.00084780337056145 -0.0011257787700742 -0.75660455226898 9.6271527581848e-05
0.092121943831444 0.097692728042603 0.94997274875641 0.00093673646915704 -0.0011482480913401 -0.75515305995941 3.5401921195444e-05
0.10121191293001 0.10729120671749 0.94997102022171 0.00078598147956654 -0.0013132570311427 -0.75572621822357 3.380683119758e-05
0.11026614159346 0.11690682172775 0.9499808549881 0.00081913184840232 -0.0013309019850567 -0.75577008724213 0.00010940009815386
0.1193540096283 0.12649619579315 0.94997823238373 0.00092365138698369 -0.0011076242662966 -0.75598907470703 8.1488033174537e-05
0.12838852405548 0.13610018789768 0.94997352361679 0.00088410242460668 -0.001287883031182 -0.75572502613068 8.6201027443167e-05
0.13743363320827 0.14569097757339 0.94998317956924 0.00098974688444287 -0.0011408735299483 -0.75556296110153 7.4621842941269e-05
0.14647652208805 0.15529565513134 0.94998419284821 0.00089648040011525 -0.001236840733327 -0.75585860013962 4.3493428165675e-06
0.15555658936501 0.16490060091019 0.94997745752335 0.00070017139660195 -0.0013402107870206 -0.75587749481201 4.5681667870667e-06
0.16459459066391 0.17448589205742 0.9499853849411 0.0010298748966306 -0.0012895074905828 -0.75577056407928 1.0992630450346e-05
