-0.053420927375555 0.19621703028679 -1.7330822944641 -1.6054871082306 -1.7069253921509 -8.2295606262051e-05 3.6869507312076e-05
-0.081610113382339 0.17479512095451 -1.7345652580261 -1.5826141834259 -1.783322095871 -0.0001657421089476 -4.0992804315465e-06
-0.1082207262516 0.15219399333 -1.7345533370972 -1.5599572658539 -1.8579232692719 -0.00014356919564307 2.0765925000887e-05
-0.13338103890419 0.12841126322746 -1.7329683303833 -1.5377132892609 -1.9313673973083 -0.00034980126656592 3.3948508644244e-05
-0.15689745545387 0.10350367426872 -1.7298057079315 -1.5160856246948 -2.0029809474945 -0.00032882043160498 -4.9025515181711e-05
-0.17896643280983 0.077601402997971 -1.7251088619232 -1.4948499202728 -2.0733799934387 -0.00039676972664893 -1.0350056072639e-05
-0.1994723379612 0.05082842707634 -1.7189178466797 -1.4743506908417 -2.1419177055359 -0.00043229409493506 1.1552925570868e-05
-0.21850553154945 0.02330681681633 -1.7111661434174 -1.4545090198517 -2.2089915275574 -0.00053219147957861 -5.1442908443278e-05
-0.23620381951332 -0.0050187408924103 -1.7018809318542 -1.4354040622711 -2.2751803398132 -0.00044898339547217 -1.2849260201619e-05
-0.2523926794529 -0.033835679292679 -1.6912577152252 -1.4171934127808 -2.3391046524048 -0.00044230767525733 8.8356673586532e-06
-0.26740065217018 -0.063389807939529 -1.6790037155151 -1.3998553752899 -2.4025564193726 -0.00047807046212256 6.7899280111305e-05
-0.28103628754616 -0.093319684267044 -1.6654500961304 -1.3835175037384 -2.4639785289764 -0.00057820626534522 8.1615260569379e-05
-0.29357686638832 -0.12381675839424 -1.6502914428711 -1.3681695461273 -2.5247600078583 -0.00051621743477881 3.0210946988518e-06
-0.3048965036869 -0.15446594357491 -1.6338884830475 -1.3537044525146 -2.5842161178589 -0.00044326134957373 6.7917979322374e-05
-0.31509771943092 -0.18541768193245 -1.6161942481995 -1.3403089046478 -2.6421191692352 -0.00032667466439307 1.2014752428513e-05
-0.32438340783119 -0.21688464283943 -1.597021818161 -1.32776927948 -2.6998467445374 1.6648089513183e-05 2.7719479476218e-05
-0.33256950974464 -0.24834230542183 -1.5767242908478 -1.3163075447083 -2.7558977603912 0.00029488257132471 3.4134191082558e-05
-0.3398851454258 -0.27992895245552 -1.5550796985626 -1.3058202266693 -2.811359167099 0.00076933554373682 -1.3555511031882e-05
-0.34633460640907 -0.31163933873177 -1.5323469638824 -1.2960059642792 -2.8658044338226 0.0015880649443716 8.3737715613097e-05
-0.35195460915565 -0.34335854649544 -1.5085663795471 -1.2867004871368 -2.9195129871368 0.0030166690703481 4.4873766455567e-05
-0.35680261254311 -0.37510040402412 -1.4837477207184 -1.2777915000916 -2.9724192619324 0.0049764700233936 4.5910510380054e-05
-0.36090436577797 -0.40654781460762 -1.4580209255219 -1.2691986560822 -3.0244109630585 0.0077688284218311 4.4420306949178e-05
-0.36433020234108 -0.43799617886543 -1.4314813613892 -1.2604956626892 -3.0759897232056 0.011653620749712 1.4235963135434e-05
-0.36710444092751 -0.46915248036385 -1.4041726589203 -1.2515866756439 -3.1267869472504 0.016694266349077 3.810939961113e-05
-0.36926022171974 -0.50002789497375 -1.3760259151459 -1.2429933547974 -3.1767406463623 0.022530276328325 4.2113577364944e-05
-0.3708488047123 -0.53102946281433 -1.3467018604279 -1.2355687618256 -3.226423740387 0.028229434043169 7.8300312452484e-05
-0.37190666794777 -0.56229972839355 -1.3157601356506 -1.2311878204346 -3.2755227088928 0.032173831015825 4.3221083615208e-05
-0.37244167923927 -0.59432625770569 -1.2828679084778 -1.23135638237 -3.3235764503479 0.032988268882036 4.9224581744056e-05
-0.3725349009037 -0.62759065628052 -1.2473528385162 -1.2365942001343 -3.37175989151 0.030106265097857 -1.5224974049488e-05
-0.37218132615089 -0.6612401008606 -1.2099034786224 -1.2457182407379 -3.4194395542145 0.024481493979692 -8.8859987954493e-06
-0.37141481041908 -0.69563484191895 -1.1709804534912 -1.2565143108368 -3.4668748378754 0.018257338553667 4.7383509809151e-05
-0.37023463845253 -0.72983384132385 -1.1312046051025 -1.2671217918396 -3.5136263370514 0.013398844748735 2.9760647521471e-05
-0.36873260140419 -0.76370286941528 -1.0908217430115 -1.2769629955292 -3.5598206520081 0.0099818296730518 5.8002751757158e-05
-0.36683836579323 -0.7978503704071 -1.0493350028992 -1.2864468097687 -3.6063494682312 0.0079686231911182 4.5088759179635e-06
-0.36469879746437 -0.83166217803955 -1.0069000720978 -1.2961292266846 -3.652012348175 0.0066163130104542 1.3354059774429e-05
-0.36222591996193 -0.86618280410767 -0.96307349205017 -1.3063740730286 -3.6976833343506 0.0057994909584522 -2.5282142814831e-06
-0.35952082276344 -0.90052127838135 -0.9179482460022 -1.3175702095032 -3.7424437999725 0.0052444525063038 7.8708408182138e-06
-0.35652080178261 -0.93586158752441 -0.87056875228882 -1.3301055431366 -3.7879211902618 0.0047485418617725 3.6038120015291e-05
-0.35330477356911 -0.97142386436462 -0.82148861885071 -1.3435990810394 -3.8327374458313 0.0044076032936573 9.2417794803623e-05
-0.34990993142128 -1.0078957080841 -0.77009129524231 -1.3586845397949 -3.8769617080688 0.0041501112282276 -5.3034502343507e-05
-0.34629479050636 -1.0457479953766 -0.71588540077209 -1.3751435279846 -3.921290397644 0.0040957517921925 5.221099127084e-05
-0.34255591034889 -1.0845417976379 -0.65849232673645 -1.3935508728027 -3.9651744365692 0.0040490217506886 0.0001074142055586
-0.33861485123634 -1.1250610351562 -0.59672355651855 -1.4142801761627 -4.0092096328735 0.0042521543800831 7.3674447776284e-05
-0.3345390856266 -1.1681132316589 -0.52930021286011 -1.4379255771637 -4.0529537200928 0.0045220442116261 1.0951988770103e-05
-0.33039823174477 -1.2142052650452 -0.45464110374451 -1.4650835990906 -4.096134185791 0.0051171369850636 4.4270789658185e-05
-0.32623544335365 -1.2652530670166 -0.36914014816284 -1.4969625473022 -4.1387710571289 0.0062934942543507 5.3020226005174e-06
-0.32208934426308 -1.3239569664001 -0.2662136554718 -1.5349686145782 -4.1803817749023 0.0089199133217335 7.3189862632717e-06
-0.31848660111427 -1.3924527168274 -0.13842010498047 -1.5760614871979 -4.217999458313 0.016868311911821 0.00012712512398139
-0.31499114632607 -1.4483251571655 -0.032001495361328 -1.5984692573547 -4.2470817565918 0.028830248862505 -7.9227993410314e-06
-0.3022588789463 -1.4269533157349 -0.10949349403381 -1.6563651561737 -4.2763919830322 -0.02092794701457 4.8187019274337e-05
-0.29645338654518 -1.2837007045746 -0.39739990234375 -1.4884376525879 -4.260082244873 -0.013936799019575 3.556838419172e-05
-0.28969565033913 -1.2078711986542 -0.54689788818359 -1.396940946579 -4.2483863830566 -0.0050950460135937 6.1762766563334e-05
-0.28212109208107 -1.1545751094818 -0.6535792350769 -1.3401806354523 -4.2397303581238 -0.0035026483237743 6.3814426539466e-05
-0.27417126297951 -1.1094641685486 -0.74409484863281 -1.2933330535889 -4.231728553772 -0.0027966909110546 -3.8676707845298e-06
-0.26605740189552 -1.0688920021057 -0.82490038871765 -1.2521226406097 -4.2228713035583 -0.0024259500205517 -4.8778415475681e-06
-0.25756493210793 -1.032023191452 -0.89840388298035 -1.2149784564972 -4.2144236564636 -0.0021512918174267 4.5996375774848e-06
-0.24880018830299 -0.99787187576294 -0.96646428108215 -1.1807487010956 -4.2057089805603 -0.0019627027213573 1.8866073787649e-06
-0.23973360657692 -0.96560192108154 -1.0302608013153 -1.1489288806915 -4.196635723114 -0.0018682889640331 4.9748385208659e-05
-0.23034682869911 -0.93507981300354 -1.0903887748718 -1.1190721988678 -4.1872434616089 -0.0017111711204052 4.537835411611e-05
-0.2206908762455 -0.90598201751709 -1.1476438045502 -1.0908229351044 -4.1772456169128 -0.0016518048942089 9.1637615696527e-05
-0.21058383584023 -0.8779673576355 -1.2022397518158 -1.063930273056 -4.1675977706909 -0.0015807561576366 9.1312344011385e-05
-0.20023360848427 -0.8510046005249 -1.2548282146454 -1.0381338596344 -4.1567010879517 -0.0015678815543652 4.0843366150511e-05
-0.18943825364113 -0.82508158683777 -1.3051962852478 -1.0135450363159 -4.1459999084473 -0.0015004090964794 0.00011476498912089
-0.17819848656654 -0.79988598823547 -1.3538439273834 -0.98992991447449 -4.1346912384033 -0.0014164857566357 -3.6958161217626e-05
-0.16659441590309 -0.77546191215515 -1.4009437561035 -0.96729946136475 -4.1229944229126 -0.0015056543052197 3.324584395159e-05
-0.15452590584755 -0.75171780586243 -1.4464516639709 -0.94553589820862 -4.1112909317017 -0.0014660768210888 0.00011817291670013
-0.14202037453651 -0.72850394248962 -1.4908695220947 -0.9243106842041 -4.098258972168 -0.0015106610953808 4.7036901378306e-05
-0.12897172570229 -0.70580196380615 -1.5338914394379 -0.90389847755432 -4.0854783058167 -0.0014434270560741 4.9973597924691e-05
-0.11543574929237 -0.68362069129944 -1.575886964798 -0.88416075706482 -4.0718069076538 -0.0014889650046825 0.00010727681365097
-0.10133209824562 -0.66187453269958 -1.6168668270111 -0.86494469642639 -4.0575976371765 -0.0015607289969921 -1.3337591553864e-05
-0.086670309305191 -0.64044570922852 -1.6568360328674 -0.84626030921936 -4.0430755615234 -0.0015318803489208 7.3981641435239e-06
-0.071355015039444 -0.61948013305664 -1.6958532333374 -0.82821273803711 -4.0280194282532 -0.0015168599784374 0.00011657045979518
-0.055421024560928 -0.59881114959717 -1.7340877056122 -0.81075739860535 -4.0118036270142 -0.0015981607139111 0.00010091088188346
-0.038817077875137 -0.57846021652222 -1.771434545517 -0.7936635017395 -3.9954359531403 -0.0016117505729198 0.00013204330753069
-0.021485239267349 -0.55848336219788 -1.8080008029938 -0.77712821960449 -3.977952003479 -0.0017242841422558 -1.6994225006783e-05
-0.0034028589725494 -0.53867483139038 -1.8438370227814 -0.76106595993042 -3.9598429203033 -0.0016036443412304 -2.0435438273125e-05
0.0155209004879 -0.51911473274231 -1.8790168762207 -0.74548578262329 -3.9406881332397 -0.0017183236777782 9.6271527581848e-05
0.035322040319443 -0.50003957748413 -1.9132146835327 -0.73048496246338 -3.9214389324188 -0.0017722062766552 3.5401921195444e-05
0.055973380804062 -0.48102211952209 -1.9469487667084 -0.71580481529236 -3.9005680084229 -0.0019100122153759 3.380683119758e-05
0.077584594488144 -0.46223068237305 -1.9799497127533 -0.7017035484314 -3.8788902759552 -0.0020044259727001 0.00010940009815386
0.10026058554649 -0.44370555877686 -2.0122644901276 -0.68792939186096 -3.856253862381 -0.0020342282950878 8.1488033174537e-05
0.12393698096275 -0.42540550231934 -2.0438718795776 -0.67468333244324 -3.8325726985931 -0.002081673592329 8.6201027443167e-05
0.14875110983849 -0.40727424621582 -2.0748426914215 -0.66201114654541 -3.8075807094574 -0.0022509507834911 7.4621842941269e-05
0.17478308081627 -0.3894202709198 -2.1050734519958 -0.64975380897522 -3.7818458080292 -0.0024528913199902 4.3493428165675e-06
0.20204147696495 -0.37172245979309 -2.1346900463104 -0.63797116279602 -3.7545397281647 -0.0026071481406689 4.5681667870667e-06
0.23062404990196 -0.35431861877441 -2.1635241508484 -0.62681150436401 -3.7259929180145 -0.0027990750968456 1.0992630450346e-05
