-5.5170090718093e-07 -2.3053644326865e-07 0.91483932733536
-1.7736778090693e-07 -4.3791342818622e-07 0.91483920812607
-8.4018054735679e-08 -2.5066972852983e-07 0.91483920812607
-3.3938611920803e-09 -5.6775166967782e-07 0.91483938694
-2.0103969600171e-09 -3.5133521691932e-07 0.91483944654465
-2.186073828625e-07 -8.0641621025279e-07 0.91483920812607
-8.1448797573103e-07 -6.0958882386331e-07 0.91483932733536
-8.7103364876384e-07 -1.0351493529015e-07 0.91483944654465
-2.3737385390632e-07 -4.9220096798308e-07 0.91483968496323
-5.1001131851081e-07 -5.9217370562692e-07 0.91483968496323
-1.0177393505728e-06 -9.9958322152816e-07 0.91483974456787
-8.4415449919106e-07 -6.6680780719253e-07 0.91483956575394
-9.1529449264272e-07 -6.421765306186e-07 0.91483956575394
-9.8176144547324e-07 -5.3168224667388e-07 0.91483932733536
-9.9132444120187e-07 -5.7107052953143e-07 0.91483932733536
-4.575129537443e-07 -7.4670413141575e-07 0.91483938694
-5.0806715989893e-07 -4.6796901642665e-07 0.91483932733536
-1.6842385264226e-07 -2.0025223079756e-07 0.91483920812607
7.4141794925708e-08 -1.577825514687e-07 0.91483932733536
1.5081590731825e-07 2.206647877756e-07 0.91483938694
3.1932981414684e-07 5.5844202506705e-07 0.91483938694
1.0391671168009e-07 8.0679637903813e-07 0.91483932733536
3.3590799830563e-07 7.1918788080438e-07 0.91483932733536
3.4753776390062e-07 5.133479135111e-07 0.91483944654465
1.7715393596518e-07 2.1161928032143e-07 0.91483938694
-7.4410785089185e-08 2.4395166065005e-07 0.91483938694
7.2940380846376e-08 3.104120480657e-07 0.91483938694
1.2238103863638e-07 2.2084142869971e-07 0.91483974456787
4.9777065669332e-07 2.5139766535176e-07 0.91483986377716
4.4898763462697e-07 1.5309024092858e-07 0.91483986377716
1.6634449195863e-07 -1.6876428787782e-07 0.91484022140503
-4.1304971887257e-08 2.0197731487315e-07 0.91484045982361
-5.9243473060633e-07 7.476081123059e-07 0.9148405790329
-8.5833283947068e-07 4.6152774757502e-07 0.91484045982361
-1.1293998340989e-06 4.7776933342902e-07 0.9148405790329
-8.6880004346312e-07 6.7711391693592e-07 0.9148405790329
-1.4068057225813e-06 9.231533226739e-07 0.9148405790329
-1.5841101230762e-06 1.2893967777927e-06 0.91484040021896
-1.8236181631437e-06 1.0071029237224e-06 0.91484051942825
-1.8312307474844e-06 7.9272416542153e-07 0.9148405790329
-2.0178747490718e-06 8.4119028542773e-07 0.91484081745148
-2.0234906514816e-06 9.672259011495e-07 0.91484081745148
-1.7613198224353e-06 1.101383418245e-06 0.91484093666077
-1.4738592426511e-06 1.2834841527365e-06 0.91484093666077
-1.0062500450658e-06 1.1131953669974e-06 0.91484105587006
-5.9347570413593e-07 1.2251670113983e-06 0.91484081745148
-5.7164010058841e-07 1.4134041066427e-06 0.91484075784683
-8.9811516090776e-07 1.2622692793229e-06 0.91484063863754
-6.0473377061498e-07 1.4576600051441e-06 0.91484069824219
2.8467309221014e-07 1.3687135833607e-06 0.91484093666077
2.5811328896452e-07 8.5588118281521e-07 0.91484087705612
6.7165764505717e-08 1.0103457270816e-06 0.91484075784683
4.2972537528385e-08 1.0645934480635e-06 0.91484099626541
-4.3022217255384e-07 1.1972141464867e-06 0.91484093666077
-2.8576039312611e-07 6.0484376263048e-07 0.91484099626541
-1.530013946649e-07 2.4520139163542e-07 0.91484123468399
-4.077216431142e-07 5.4110156355591e-08 0.91484099626541
-3.9779990856914e-08 3.2258702731269e-07 0.91484117507935
1.4120503522008e-07 2.0330003280833e-07 0.91484135389328
-5.7816663456833e-07 2.8552639719237e-07 0.91484159231186
-7.3889765417334e-07 2.6437382416589e-07 0.91484159231186
0.0076507781632245 0.0098091969266534 0.91495782136917
0.016250390559435 0.019820803776383 0.91504085063934
0.023097056895494 0.031490862369537 0.91512525081635
0.031108502298594 0.042093362659216 0.91522651910782
0.038076303899288 0.053662102669477 0.91532188653946
0.045735195279121 0.064628072082996 0.91538512706757
0.054750747978687 0.07423622906208 0.91540110111237
0.063810616731644 0.083881251513958 0.91542518138885
0.072919480502605 0.093393743038177 0.91543674468994
0.082080952823162 0.10288714617491 0.91544210910797
0.090939372777939 0.11265926063061 0.91547101736069
0.10013300180435 0.12224470824003 0.91557514667511
0.10907235741615 0.13190853595734 0.9155780673027
0.11810510605574 0.14153879880905 0.91559153795242
0.12722291052341 0.15106974542141 0.91558665037155
0.13634081184864 0.16061849892139 0.91559773683548
0.14544755220413 0.17012421786785 0.91558581590652
0.15442653000355 0.1798330694437 0.9155787229538
0.16340143978596 0.18953643739223 0.9156266450882
0.17250265181065 0.19906762242317 0.91558921337128
0.18153569102287 0.20866842567921 0.91558974981308
0.19067871570587 0.21822181344032 0.91558980941772
0.19984067976475 0.22770741581917 0.91562801599503
0.20867492258549 0.2375116199255 0.91563814878464
0.21784554421902 0.24703268706799 0.9156585931778
