-0.021001480519772 0.074449494481087 1.2745171785355 0.0028518345206976 0.00036348766298033 -3.0951616764069 3.742084663827e-05
-0.026929181069136 0.084049120545387 1.2535434961319 0.0027707756962627 0.00040647541754879 -3.0683093070984 8.4059109212831e-05
-0.032859336584806 0.093646034598351 1.2325756549835 0.0027945539914072 0.00058047799393535 -3.040901184082 2.4708186174394e-05
-0.038760852068663 0.10326899588108 1.2115970849991 0.0028444956988096 0.00059713242808357 -3.0139436721802 0.00010289376950823
-0.044721141457558 0.11285288631916 1.1906065940857 0.002995579270646 0.00074254703940824 -2.9873208999634 -1.7433283119317e-06
-0.050645798444748 0.12244392931461 1.1696325540543 0.0031440344173461 0.00088349363068119 -2.9608640670776 0.00011801957589341
-0.056579187512398 0.13205109536648 1.1486473083496 0.0032322525512427 0.0010628802701831 -2.9334051609039 0.00015112978871912
-0.062514320015907 0.14165395498276 1.1276584863663 0.0034888158552349 0.0014500776305795 -2.9061262607574 8.0742756836116e-05
-0.06842415779829 0.15124736726284 1.1066880226135 0.0037817100528628 0.0015898136189207 -2.8790409564972 -4.5394586777547e-05
-0.074354700744152 0.16086775064468 1.0857019424438 0.0041450508870184 0.0019409506348893 -2.8519299030304 1.4456183635048e-05
-0.080293260514736 0.17045737802982 1.0647271871567 0.0045129149220884 0.0022973611485213 -2.8248624801636 -3.7457110011019e-05
-0.086231261491776 0.18004468083382 1.0437437295914 0.0051929065957665 0.0026102291885763 -2.7977688312531 -1.681103753981e-06
-0.092139527201653 0.18965658545494 1.0227620601654 0.0055445027537644 0.0032140142284334 -2.7705082893372 4.8078927648021e-05
-0.098095268011093 0.199263215065 1.0017876625061 0.0062119294889271 0.0035305130295455 -2.7431533336639 3.7429992516991e-05
-0.10400389134884 0.20885376632214 0.98081064224243 0.0069051184691489 0.0041521266102791 -2.7157037258148 -4.0619238461659e-06
-0.10993047058582 0.21845509111881 0.95982360839844 0.0075420313514769 0.0047599589452147 -2.688768863678 1.2053985301463e-05
-0.11002397537231 0.2175644338131 0.94998371601105 0.0043367301113904 0.0030667230021209 -2.6722440719604 -0.0041093290783465
-0.10513938963413 0.20797741413116 0.94998252391815 0.0013571650488302 0.00097611389355734 -2.6717357635498 -0.010296933352947
-0.10028728842735 0.1983877569437 0.94997721910477 0.00039162405300885 8.6452724644914e-05 -2.6716797351837 -0.016696928068995
-0.095443069934845 0.18876647949219 0.94996863603592 2.9829578124918e-05 -9.5278028311441e-07 -2.6718974113464 -0.022994097322226
-0.090585112571716 0.17917624115944 0.94997417926788 -4.4452754082158e-05 -0.00016286766913254 -2.6720194816589 -0.029777556657791
-0.085740283131599 0.16956998407841 0.94997239112854 -9.7445103165228e-05 -0.00029689780785702 -2.6719245910645 -0.036486033350229
-0.080891370773315 0.1599732786417 0.94998127222061 -0.00015763789997436 -0.00022918664035387 -2.6718106269836 -0.04285740852356
-0.076035678386688 0.1503728479147 0.94997906684875 -0.00021050928626209 -0.00022869886015542 -2.6719975471497 -0.049437656998634
-0.071193367242813 0.14077374339104 0.9499699473381 -0.00020263651094865 -0.00033884908771142 -2.6721978187561 -0.055875830352306
-0.066347286105156 0.13117457926273 0.94997549057007 -0.00034309821785428 -0.00032329358509742 -2.671567440033 -0.062183436006308
-0.06149098277092 0.12158763408661 0.94996559619904 -0.0004179643583484 -0.0003208662965335 -2.6715874671936 -0.06855983287096
-0.056642986834049 0.11199915409088 0.94997179508209 -0.00045548100024462 -0.00035606388701126 -2.671648979187 -0.075048632919788
-0.051785118877888 0.10238653421402 0.94997936487198 -0.00054813647875562 -0.00039812346221879 -2.6716799736023 -0.081268154084682
-0.046938233077526 0.092785656452179 0.94997483491898 -0.00048962887376547 -0.00039245377411135 -2.671783208847 -0.087495006620884
-0.042084969580173 0.083171337842941 0.95003974437714 -0.00093761895550415 -0.00039488647598773 -2.6718621253967 -0.092141829431057
-0.04063767939806 0.080326229333878 0.98413610458374 -0.0088390186429024 -0.0063360310159624 -2.6735689640045 -0.093002326786518
-0.040612071752548 0.080310106277466 1.0321009159088 -0.0085952533408999 -0.0072799595072865 -2.6735391616821 -0.09292633831501
-0.040621787309647 0.080291882157326 1.0800851583481 -0.0086011551320553 -0.0067235925234854 -2.6736555099487 -0.092684060335159
-0.040599703788757 0.080301240086555 1.1280784606934 -0.0077499905601144 -0.0060188085772097 -2.673330783844 -0.09229077398777
-0.040636375546455 0.080268248915672 1.1760423183441 -0.0078971004113555 -0.0059978887438774 -2.6734292507172 -0.092168286442757
-0.040638826787472 0.080251336097717 1.2240504026413 -0.0076536736451089 -0.0058630821295083 -2.6739394664764 -0.091888822615147
