-0.060118582099676 0.25931546092033 -1.8438429832458 -1.5598747730255 -1.6774220466614 -0.00033406564034522 3.742084663827e-05
-0.095712333917618 0.26894614100456 -1.9043231010437 -1.508992433548 -1.7398202419281 -0.00060300179757178 8.4059109212831e-05
-0.13308301568031 0.27435871958733 -1.9618365764618 -1.4569687843323 -1.8044147491455 -0.00086860009469092 2.4708186174394e-05
-0.17183104157448 0.27541586756706 -2.0166175365448 -1.4033632278442 -1.8700256347656 -0.0010857994202524 0.00010289376950823
-0.21210423111916 0.27156445384026 -2.0684657096863 -1.3478972911835 -1.9372742176056 -0.0014005119446665 -1.7433283119317e-06
-0.25342717766762 0.2627691924572 -2.1175158023834 -1.2902638912201 -2.0049693584442 -0.0017550403717905 0.00011801957589341
-0.29632702469826 0.24821898341179 -2.1633658409119 -1.230236530304 -2.0752141475677 -0.0022173339966685 0.00015112978871912
-0.34007611870766 0.22782418131828 -2.2060163021088 -1.1677460670471 -2.146096944809 -0.0027916843537241 8.0742756836116e-05
-0.38449731469154 0.20134064555168 -2.245288848877 -1.1026835441589 -2.2177135944366 -0.0035882408265024 -4.5394586777547e-05
-0.42946496605873 0.16842409968376 -2.280960559845 -1.0349681377411 -2.2896134853363 -0.004541914910078 1.4456183635048e-05
-0.47485104203224 0.12883850932121 -2.3126022815704 -0.96487045288086 -2.3624312877655 -0.0057259015738964 -3.7457110011019e-05
-0.52018845081329 0.082730740308762 -2.3401131629944 -0.89284157752991 -2.4347970485687 -0.007382195442915 -1.681103753981e-06
-0.56541979312897 0.030269116163254 -2.3630924224854 -0.81938409805298 -2.5072374343872 -0.0093892030417919 4.8078927648021e-05
-0.61032330989838 -0.028204470872879 -2.3811590671539 -0.74557304382324 -2.5794539451599 -0.012108128517866 3.7429992516991e-05
-0.65468680858612 -0.092040807008743 -2.3940951824188 -0.67235207557678 -2.651287317276 -0.015804570168257 -4.0619238461659e-06
-0.69825971126556 -0.16038206219673 -2.4016797542572 -0.60115146636963 -2.7222299575806 -0.020634215325117 1.2053985301463e-05
-0.69928705692291 -0.19435432553291 -2.4047453403473 -0.55583357810974 -2.7395849227905 -0.013011734932661 -0.0041093290783465
-0.6648074388504 -0.19529178738594 -2.4056041240692 -0.54462289810181 -2.7058775424957 -0.0037274770438671 -0.010296933352947
-0.63068306446075 -0.19683459401131 -2.4042460918427 -0.54131484031677 -2.6708674430847 -0.00064687058329582 -0.016696928068995
-0.59740698337555 -0.19937279820442 -2.400940656662 -0.54116010665894 -2.6376745700836 0.00019880011677742 -0.022994097322226
-0.56497204303741 -0.20260074734688 -2.3964455127716 -0.54213953018188 -2.6053860187531 0.00050063803792 -0.029777556657791
-0.53338301181793 -0.20653226971626 -2.3908836841583 -0.54361295700073 -2.5739181041718 0.00066133216023445 -0.036486033350229
-0.50260818004608 -0.21108081936836 -2.3843865394592 -0.54548382759094 -2.543121099472 0.0006079263985157 -0.04285740852356
-0.4727281332016 -0.2162769138813 -2.3769361972809 -0.54769253730774 -2.5131809711456 0.00068565085530281 -0.049437656998634
-0.44378077983856 -0.22206571698189 -2.3685648441315 -0.55026245117188 -2.4840819835663 0.00075431540608406 -0.055875830352306
-0.41584885120392 -0.22849634289742 -2.3592188358307 -0.55309081077576 -2.4562590122223 0.00079246237874031 -0.062183436006308
-0.38901889324188 -0.23554900288582 -2.3489108085632 -0.55620813369751 -2.4298832416534 0.0008663721382618 -0.06855983287096
-0.36296570301056 -0.24298647046089 -2.3378953933716 -0.55975198745728 -2.4037246704102 0.00083442404866219 -0.075048632919788
-0.33785355091095 -0.25094869732857 -2.3260095119476 -0.56354069709778 -2.3785936832428 0.00088926032185555 -0.081268154084682
-0.31365406513214 -0.25933936238289 -2.3133594989777 -0.5678186416626 -2.3541276454926 0.00091787055134773 -0.087495006620884
-0.29044044017792 -0.26830080151558 -2.2995767593384 -0.57319736480713 -2.3310277462006 0.00041814520955086 -0.092141829431057
-0.2832282781601 -0.185288220644 -2.2743701934814 -0.66659188270569 -2.322093963623 0.011996228247881 -0.093002326786518
-0.28323638439178 -0.080235987901688 -2.2237515449524 -0.82171750068665 -2.3222341537476 0.013086277991533 -0.09292633831501
-0.28323972225189 0.0045318305492401 -2.1579489707947 -0.97276639938354 -2.3223032951355 0.012278039008379 -0.092684060335159
-0.28318512439728 0.069138020277023 -2.0788328647614 -1.1176986694336 -2.3220818042755 0.011493641883135 -0.09229077398777
-0.2832065820694 0.11467215418816 -1.9881174564362 -1.2543017864227 -2.3220524787903 0.0112533159554 -0.092168286442757
-0.28313767910004 0.14315316081047 -1.8863503932953 -1.3849227428436 -2.3217258453369 0.01118179038167 -0.091888822615147
