-1.1853958170605e-07 3.199710363333e-07 0.91483902931213
-1.9944522477999e-07 3.6737807818099e-07 0.91483896970749
-3.7882838910264e-07 7.732347739875e-07 0.91483902931213
-7.6600491638601e-07 5.6927393643491e-07 0.91483896970749
-7.5179940495218e-07 5.1059203087789e-07 0.91483896970749
-6.6112522745243e-07 3.8496287402268e-07 0.91483891010284
-5.2791750704273e-07 7.2448239052392e-07 0.9148388504982
-7.2916526505651e-07 2.2178339520451e-07 0.91483891010284
-5.2019044005647e-07 1.6848576933626e-07 0.91483896970749
-6.4852912373681e-07 -9.3893262942402e-08 0.91483932733536
-5.959870463812e-07 -2.816190374233e-07 0.91483938694
-6.8986133783255e-07 -6.1582306898345e-07 0.91483950614929
-1.8984997041116e-07 -8.4554528712033e-07 0.91483950614929
-1.9913238702429e-07 -3.1710692383058e-07 0.91483950614929
-2.4668128162375e-07 -2.0867447858564e-07 0.91483938694
-3.4553742978005e-08 -5.7371636330572e-07 0.91483938694
-1.3381830399339e-07 -5.319475349097e-07 0.91483956575394
-2.5257594415962e-07 -2.2961823731293e-07 0.91483968496323
-4.3622497969409e-07 -3.331339826218e-07 0.91483980417252
-3.8898514276298e-07 1.7805155039241e-07 0.91483992338181
-4.4093403062107e-07 3.9110548755161e-07 0.91483992338181
-4.6290585942188e-07 3.1896524887998e-07 0.91484016180038
-1.4387242686098e-07 6.4948312683555e-07 0.91484022140503
6.0954945979574e-08 4.3811627392643e-07 0.91484016180038
1.8086802811013e-07 1.9811601248421e-07 0.91484004259109
1.1561552781814e-07 1.2583528530286e-07 0.91484004259109
2.3860829401201e-07 6.5990047914966e-07 0.91484045982361
1.1735747307284e-07 5.8809337133425e-07 0.91484028100967
6.2277320012072e-07 4.3935060034528e-07 0.91484016180038
8.7477530996694e-07 -2.4000967187021e-06 0.91484045982361
0.0017516070511192 -0.0035979265812784 0.9169550538063
0.0042554461397231 -0.0088264849036932 0.94707489013672
0.0040606264956295 -0.0086429687216878 0.99347406625748
0.0037875513080508 -0.0084951436147094 1.0401810407639
0.0037472192198038 -0.0087283113971353 1.0863063335419
0.0035921309608966 -0.0087601970881224 1.1324166059494
0.0036655326839536 -0.0090265683829784 1.1790677309036
