-0.0088231675326824 0.074456810951233 1.2798446416855 0.0026425672695041 -2.1559120796155e-05 3.140997171402 4.2724459490273e-05
-0.0081835705786943 0.084044560790062 1.2617753744125 0.0026518681552261 -5.9227444580756e-05 3.1404612064362 9.6333598776255e-05
-0.0075311884284019 0.093656048178673 1.2437446117401 0.0024507809430361 1.8757797079161e-05 3.1399488449097 -2.483247044438e-06
-0.0069023333489895 0.10325768589973 1.2256932258606 0.0024137776345015 7.6485011959448e-05 3.1393556594849 0.00012305965356063
-0.0062407534569502 0.1128648519516 1.2076388597488 0.0023198223207146 5.6711946854193e-06 3.1390821933746 0.0001075157415471
-0.0056209415197372 0.1224457770586 1.18958568573 0.0023401237558573 -2.6265941414749e-05 3.1378397941589 6.5051048295572e-05
-0.0049518216401339 0.13205535709858 1.1715348958969 0.0023368042893708 0.00011604674364207 3.137508392334 -4.6783763536951e-05
-0.0043207881972194 0.14166006445885 1.1534937620163 0.0022922963835299 2.0270052118576e-05 3.1371760368347 8.8377673819195e-05
-0.0036889109760523 0.15126046538353 1.1354402303696 0.0023314710706472 -0.00015053816605359 3.1359887123108 0.00010306674084859
-0.0030511980876327 0.16087181866169 1.1173920631409 0.0023812323343009 1.654825246078e-05 3.1360173225403 5.982434595353e-05
-0.0024002185091376 0.1704645305872 1.0993378162384 0.0024567889049649 -0.00015171842824202 3.1356048583984 7.1958551416174e-05
-0.0017555952072144 0.18006284534931 1.0812895298004 0.00243447907269 -1.7107548046624e-05 3.1349813938141 1.822776721383e-05
-0.0011113118380308 0.18967235088348 1.0632367134094 0.0026671944651753 -0.00012900237925351 3.1349649429321 5.4964351875242e-05
-0.00047575775533915 0.19926536083221 1.0451937913895 0.0028533129952848 -7.3068818892352e-05 3.1338684558868 -2.4954058972071e-05
0.00014764629304409 0.2088662981987 1.0271378755569 0.003133044578135 -0.00012137403246015 3.1335527896881 5.0759426812874e-05
0.00078163109719753 0.21846155822277 1.0090899467468 0.0035341016482562 -0.0001603964046808 3.1328909397125 5.4735362937208e-05
0.001412314362824 0.22805285453796 0.99103611707687 0.0042842873372138 -0.00016305239114445 3.1321175098419 4.2332245357102e-05
0.0020853690803051 0.23766422271729 0.97298103570938 0.0053774854168296 -7.9677985922899e-05 3.131954908371 5.3933486924507e-05
0.0027096350677311 0.24725931882858 0.95493447780609 0.0075717619620264 -0.00017068938177545 3.1307036876678 -1.0309372555639e-05
0.0028242808766663 0.24271778762341 0.9499945640564 0.0028863400220871 -8.8945700554177e-05 3.1258065700531 4.1754312405828e-05
0.0027005020529032 0.23311395943165 0.94999438524246 0.0021425939630717 -4.1146184230456e-05 3.1262199878693 2.9321075999178e-05
0.002611055970192 0.22351044416428 0.9499933719635 0.0015966895734891 -5.5548007367179e-05 3.1272640228271 1.5840168998693e-05
0.0024870438501239 0.21391597390175 0.94998949766159 0.001263516373001 5.9601676184684e-05 3.1279995441437 2.0606861994565e-07
0.0023826509714127 0.2043127566576 0.9499922990799 0.0012151333503425 -2.5281980924774e-05 3.1277451515198 9.5418916316703e-05
0.0022562239319086 0.19471681118011 0.94998717308044 0.001039246795699 -7.7006545325276e-05 3.1280655860901 1.4441192774939e-07
0.0021547647193074 0.1851252168417 0.94998425245285 0.0008146520704031 3.0080027499935e-05 3.1285176277161 6.7421192397887e-06
0.0020418204367161 0.17552198469639 0.9499853849411 0.00069680804153904 -1.5445481039933e-05 3.1278846263885 -1.6502366634086e-05
0.001940525136888 0.16592913866043 0.94998741149902 0.0003698643122334 -6.3642022723798e-05 3.1287925243378 -6.7223722908238e-06
0.001843860372901 0.15632697939873 0.94997954368591 8.8443892309442e-05 2.6136292945012e-05 3.1287679672241 -8.3880695456173e-06
0.001717884093523 0.14672102034092 0.949986577034 -0.0001292105007451 9.170085832011e-05 3.1282601356506 4.9956626753556e-05
0.0016172528266907 0.13712006807327 0.94997882843018 -0.00041601131670177 0.00016985580441542 3.1285123825073 -1.9729373889277e-05
0.0015002740547061 0.12752512097359 0.94997930526733 -0.00067201658384874 1.5288886061171e-05 3.1285545825958 4.1613082430558e-05
0.0013616383075714 0.11791595816612 0.94998478889465 -0.0011292523704469 0.0001466771500418 3.1279983520508 3.0181001420715e-05
0.0012579504400492 0.10831725597382 0.94997823238373 -0.001319480012171 -1.523356877442e-05 3.1282730102539 2.1361558538047e-05
0.0011280449107289 0.098723113536835 0.94997173547745 -0.0015705238329247 -2.2005311620887e-05 3.1283988952637 7.2585266025271e-05
0.0010550059378147 0.089149564504623 0.94997531175613 -0.0014921441907063 8.0900281318463e-05 3.1291091442108 -3.5143730201526e-06
0.00092361681163311 0.079533264040947 0.94997584819794 -0.0013518169289455 0.0001900629431475 3.1285712718964 0.00016609937301837
0.000832699239254 0.06993405520916 0.94997942447662 -0.0015270719304681 5.361564035411e-05 3.1294531822205 7.7852520917077e-05
0.00071240682154894 0.060345888137817 0.94997411966324 -0.001620054943487 8.2862490671687e-05 3.1293647289276 7.3340255767107e-05
0.00057183019816875 0.050733998417854 0.94997423887253 -0.0012882782611996 5.4266176448436e-05 3.1290619373322 9.4457100203726e-06
0.00050257053226233 0.041131570935249 0.94997715950012 -0.0013498266926035 5.0967362767551e-05 3.1297516822815 4.1896651964635e-05
0.00037125498056412 0.031534239649773 0.94996809959412 -0.0012856980320066 -5.9454872825881e-05 3.1294898986816 -1.7950796973309e-05
0.00026668980717659 0.021944507956505 0.94997578859329 -0.0012040917063132 9.0672838268802e-05 3.129691362381 3.0612249247497e-05
0.00012502074241638 0.012331292033195 0.94996654987335 -0.0011801762739196 -2.5811395971687e-05 3.1291718482971 3.9622449548915e-05
2.7681700885296e-05 0.0027305334806442 0.94996607303619 -0.0012107096845284 8.8819106167648e-05 3.1294708251953 1.6099880667753e-05
-6.2569975852966e-05 -0.006847932934761 0.94995868206024 -0.0011845064582303 0.0001314633700531 3.1301646232605 1.8788297893479e-05
-0.00016969535499811 -0.016451373696327 0.94996970891953 -0.0012868293561041 2.0232626411598e-05 3.1301572322845 1.0165569619858e-05
-0.00027233362197876 -0.026045076549053 0.94996255636215 -0.0013200078392401 0.00016894971486181 3.1300818920135 2.7512234737515e-05
-0.00041696615517139 -0.035639613866806 0.94994127750397 -0.0012026379117742 9.0511755843181e-05 3.1305391788483 1.9014056306332e-05
-0.00048085674643517 -0.045246534049511 0.94993984699249 -0.0011933275964111 -4.6433713578153e-05 3.1303057670593 -2.8921278499183e-05
-0.00063829869031906 -0.054848782718182 0.94994556903839 -0.0012680771760643 9.7476207884029e-05 3.1299026012421 4.5877328375354e-05
-0.00074454955756664 -0.0644496306777 0.94994008541107 -0.0012095634592697 2.2563224774785e-05 3.1297125816345 3.9336933696177e-05
-0.00086347106844187 -0.074050940573215 0.94992935657501 -0.0012938163708895 2.7287051125313e-05 3.1295416355133 2.0005718397442e-05
-0.00096790585666895 -0.083660669624805 0.94994193315506 -0.0012968722730875 4.9549644245417e-06 3.12917137146 7.0375594077632e-05
-0.0010668532922864 -0.093251153826714 0.94990354776382 -0.0012992075644433 2.3332126147579e-05 3.129899263382 3.8612517528236e-05
-0.0012051966041327 -0.10285116732121 0.94991797208786 -0.0013996227644384 9.8022603197023e-05 3.1298799514771 7.0897920522839e-05
-0.0013176444917917 -0.11243683099747 0.94990861415863 -0.0012258783681318 3.5346678487258e-05 3.1296308040619 8.0568324847263e-06
-0.0014160582795739 -0.12204101681709 0.94990956783295 -0.0014479053206742 5.6342018069699e-05 3.1297166347504 -5.4853771871421e-06
-0.0015271082520485 -0.13164070248604 0.94985729455948 -0.0014331593411043 0.00016571958258282 3.1293435096741 3.9938855479704e-05
-0.0016360431909561 -0.14124721288681 0.94991648197174 -0.0015054153045639 1.7934526113095e-05 3.1299610137939 4.0498154703528e-05
-0.0017488654702902 -0.15084040164948 0.94992160797119 -0.0015423935838044 6.4013744122349e-05 3.1296937465668 5.3385887440527e-05
-0.001835597679019 -0.16044372320175 0.94988238811493 -0.0013084814418107 0.00017853251483757 3.1304566860199 3.244246909162e-05
-0.0019687172025442 -0.17004628479481 0.9498997926712 -0.0012591438135132 2.4648690668982e-05 3.1298027038574 1.8809463654179e-05
-0.0020838584750891 -0.17963841557503 0.94988608360291 -0.0015947559149936 9.0634879597928e-05 3.1298885345459 -2.3068914742908e-05
-0.0021964712068439 -0.18924829363823 0.94989597797394 -0.0012303431285545 4.4573156628758e-05 3.1291131973267 8.8556789705763e-06
-0.0023001646623015 -0.19884802401066 0.94988459348679 -0.0012420900166035 0.00018790749891195 3.1291635036469 2.4769431547611e-05
-0.0024219481274486 -0.20844341814518 0.94986945390701 -0.0012820254778489 5.5782511481084e-06 3.1301009654999 2.2446942239185e-05
-0.0025260159745812 -0.21805199980736 0.94986885786057 -0.0011217932915315 6.7290849983692e-05 3.1295917034149 -2.3740180040477e-05
-0.0026434361934662 -0.22763387858868 0.94990277290344 -0.0013803050387651 7.6568241638597e-05 3.1295380592346 7.4896248406731e-05
-0.0027724578976631 -0.23723338544369 0.94989049434662 -0.0012836434179917 0.00021545075287577 3.1297426223755 1.44742161865e-05
-0.0028508193790913 -0.24683737754822 0.94987148046494 -0.0011532498756424 0.0002053628268186 3.1299784183502 1.9203638657928e-05
