0.0046301819384098 0.27840468287468 -1.8439643383026 -1.578503370285 -1.565505027771 6.2662889831699e-05 4.2724459490273e-05
0.0074583031237125 0.30215641856194 -1.9064416885376 -1.539808511734 -1.5621740818024 8.9842607849278e-05 9.6333598776255e-05
0.010489080101252 0.32481619715691 -1.9675993919373 -1.5011506080627 -1.5586512088776 5.9801866882481e-05 -2.483247044438e-06
0.013821694999933 0.34618517756462 -2.0275485515594 -1.4625637531281 -1.5545561313629 3.1191637390293e-05 0.00012305965356063
0.017449472099543 0.36634346842766 -2.0864503383636 -1.4237766265869 -1.5503828525543 0.00015564613568131 0.0001075157415471
0.021469209343195 0.38514563441277 -2.1444127559662 -1.3845636844635 -1.5456101894379 7.3630144470371e-05 6.5051048295572e-05
0.025579068809748 0.40252205729485 -2.2014429569244 -1.3449218273163 -1.5411822795868 6.6477587097324e-05 -4.6783763536951e-05
0.03022250905633 0.41842839121819 -2.2577261924744 -1.3045363426208 -1.53599858284 9.937935101334e-05 8.8377673819195e-05
0.035417649894953 0.43267914652824 -2.3133444786072 -1.2631998062134 -1.5301353931427 0.00021334343182389 0.00010306674084859
0.040987107902765 0.44497296214104 -2.3683154582977 -1.2205476760864 -1.5240530967712 0.0001694744132692 5.982434595353e-05
0.047204110771418 0.4551200568676 -2.4227614402771 -1.1763315200806 -1.5175406932831 0.00026913336478174 7.1958551416174e-05
0.054280374199152 0.4627260863781 -2.4767715930939 -1.129988193512 -1.5099194049835 0.00024147680960596 1.822776721383e-05
0.062152955681086 0.46725842356682 -2.530371427536 -1.0810508728027 -1.501562833786 0.00029488257132471 5.4964351875242e-05
0.07141837477684 0.46817871928215 -2.5836763381958 -1.0288736820221 -1.4915328025818 0.00036020926199853 -2.4954058972071e-05
0.081631749868393 0.46420094370842 -2.6367239952087 -0.97209405899048 -1.4809608459473 0.00035591772757471 5.0759426812874e-05
0.093805402517319 0.45426318049431 -2.6896393299103 -0.90970230102539 -1.4682590961456 0.00047941855154932 5.4735362937208e-05
0.10831889510155 0.43627259135246 -2.7425363063812 -0.83952188491821 -1.4529910087585 0.00062866858206689 4.2332245357102e-05
0.12548789381981 0.40695855021477 -2.7954959869385 -0.75845527648926 -1.4355692863464 0.00088520697318017 5.3933486924507e-05
0.14745292067528 0.36167618632317 -2.848733663559 -0.66217541694641 -1.4125804901123 0.001441199099645 -1.0309372555639e-05
0.14804610610008 0.30550619959831 -2.850692987442 -0.59929013252258 -1.4069867134094 0.00053473166190088 4.1754312405828e-05
0.13276824355125 0.25655218958855 -2.8289246559143 -0.57132387161255 -1.4225561618805 0.0004007404204458 2.9321075999178e-05
0.11947879195213 0.21341797709465 -2.8066210746765 -0.54999256134033 -1.4370093345642 0.00026102713309228 1.5840168998693e-05
0.10883101820946 0.17509028315544 -2.7841520309448 -0.53371381759644 -1.4480793476105 0.0001565997954458 2.0606861994565e-07
0.1002651154995 0.14071604609489 -2.7614357471466 -0.52204132080078 -1.4567632675171 0.00012226752005517 9.5418916316703e-05
0.09254464507103 0.1089982688427 -2.7385532855988 -0.51298308372498 -1.4648015499115 0.00020094565115869 1.4441192774939e-07
0.08601912856102 0.079739540815353 -2.7155435085297 -0.50656175613403 -1.4715383052826 6.8861758336425e-05 6.7421192397887e-06
0.080628007650375 0.052469223737717 -2.6924104690552 -0.50229215621948 -1.476588010788 0.00012274435721338 -1.6502366634086e-05
0.075381845235825 0.026652783155441 -2.6691148281097 -0.499431848526 -1.4821331501007 8.4120547398925e-05 -6.7223722908238e-06
0.070843786001205 0.0022244155406952 -2.645690202713 -0.49816203117371 -1.4868068695068 -4.5817578211427e-05 -8.3880695456173e-06
0.066805928945541 -0.021007567644119 -2.6221213340759 -0.49821782112122 -1.4907503128052 -8.2057202234864e-05 4.9956626753556e-05
0.06327161192894 -0.043236285448074 -2.5984592437744 -0.49941372871399 -1.4941725730896 -4.6532833948731e-05 -1.9729373889277e-05
0.059766381978989 -0.064635306596756 -2.5745816230774 -0.50168800354004 -1.4980938434601 3.0953204259276e-05 4.1613082430558e-05
0.056904882192612 -0.085318118333817 -2.5507302284241 -0.50436973571777 -1.5005552768707 -0.00010685273446143 3.0181001420715e-05
0.054120630025864 -0.1053092777729 -2.5266861915588 -0.50815725326538 -1.5033702850342 -6.8944180384278e-05 2.1361558538047e-05
0.05140408873558 -0.1247892677784 -2.5024192333221 -0.51275563240051 -1.5063533782959 -0.0001020843628794 7.2585266025271e-05
0.048957914113998 -0.14368298649788 -2.4779732227325 -0.51831650733948 -1.5089118480682 -7.1089947596192e-05 -3.5143730201526e-06
0.046654790639877 -0.16215518116951 -2.4532825946808 -0.52478885650635 -1.5114660263062 -0.00011138268746436 0.00016609937301837
0.0445257127285 -0.18027999997139 -2.4286363124847 -0.53113532066345 -1.5137977600098 -0.00011329003609717 7.7852520917077e-05
0.04273709654808 -0.19800832867622 -2.4038760662079 -0.53809332847595 -1.515474319458 -5.9407437220216e-05 7.3340255767107e-05
0.04085835814476 -0.2154383957386 -2.378808259964 -0.54595136642456 -1.5175285339355 -8.2534039393067e-05 9.4457100203726e-06
0.039159387350082 -0.23263719677925 -2.3536610603333 -0.55395579338074 -1.519403219223 -3.5088742151856e-05 4.1896651964635e-05
0.037654012441635 -0.24960950016975 -2.328417301178 -0.56226015090942 -1.5206351280212 4.7165667638183e-05 -1.7950796973309e-05
0.036041349172592 -0.2663736641407 -2.3029716014862 -0.57098913192749 -1.5227134227753 -6.3698971644044e-05 3.0612249247497e-05
0.034735292196274 -0.28300598263741 -2.2774229049683 -0.57987904548645 -1.5238738059998 -3.6757672205567e-05 3.9622449548915e-05
0.033409684896469 -0.29948118329048 -2.2516877651215 -0.58911824226379 -1.5252559185028 -3.413506783545e-05 1.6099880667753e-05
0.03219136595726 -0.31582120060921 -2.2257814407349 -0.59874749183655 -1.5265922546387 -5.9645855799317e-05 1.8788297893479e-05
0.030945390462875 -0.33204630017281 -2.1996946334839 -0.6085319519043 -1.5280668735504 -5.6069577112794e-05 1.0165569619858e-05
0.0299411714077 -0.34818628430367 -2.1734969615936 -0.61852812767029 -1.5288019180298 -0.00015811272896826 2.7512234737515e-05
0.028784364461899 -0.36432912945747 -2.1469864845276 -0.62898373603821 -1.5301239490509 -8.6825573816895e-05 1.9014056306332e-05
0.027914136648178 -0.3803439438343 -2.1203382015228 -0.63955926895142 -1.5307643413544 2.7376925572753e-05 -2.8921278499183e-05
0.02693709731102 -0.39628747105598 -2.0935003757477 -0.65036010742188 -1.5317530632019 -5.70232514292e-05 4.5877328375354e-05
0.026049226522446 -0.41226246953011 -2.0664265155792 -0.66153025627136 -1.5326652526855 3.4291064366698e-05 3.9336933696177e-05
0.025142759084702 -0.42824366688728 -2.0390939712524 -0.67291522026062 -1.5337429046631 -7.991143502295e-05 2.0005718397442e-05
0.024381250143051 -0.44416669011116 -2.0115549564362 -0.68442606925964 -1.5342524051666 -8.134194649756e-05 7.0375594077632e-05
0.023580640554428 -0.4601791203022 -1.9837679862976 -0.69623374938965 -1.5351922512054 -0.00012211152352393 3.8612517528236e-05
0.022765725851059 -0.47612908482552 -1.9557099342346 -0.7082405090332 -1.536194562912 -2.340623177588e-05 7.0897920522839e-05
0.022060960531235 -0.4921398460865 -1.9273626804352 -0.7206072807312 -1.5367977619171 -5.1062786951661e-05 8.0568324847263e-06
0.02138289809227 -0.50823497772217 -1.8987643718719 -0.73302531242371 -1.5375266075134 -8.2295620813966e-05 -5.4853771871421e-06
0.020722001791 -0.52446174621582 -1.8698513507843 -0.74580478668213 -1.5381531715393 -8.8256085291505e-05 3.9938855479704e-05
0.02007731795311 -0.54060840606689 -1.8405883312225 -0.7587902545929 -1.5388488769531 8.8650500401855e-05 4.0498154703528e-05
0.019463151693344 -0.55685877799988 -1.8110444545746 -0.77202177047729 -1.5395021438599 -0.00010685273446143 5.3385887440527e-05
0.018907159566879 -0.57339954376221 -1.7809970378876 -0.78577303886414 -1.5399641990662 2.8807437047362e-05 3.244246909162e-05
0.018334001302719 -0.58988738059998 -1.7506475448608 -0.79968738555908 -1.5405795574188 -5.7500088587403e-05 1.8809463654179e-05
0.017789453268051 -0.60655117034912 -1.7200589179993 -0.81341600418091 -1.5410711765289 -5.4639065638185e-05 -2.3068914742908e-05
0.017296403646469 -0.62329196929932 -1.6888585090637 -0.82810020446777 -1.5414113998413 -5.4400647059083e-05 8.8556789705763e-06
0.01678666472435 -0.64023375511169 -1.6573286056519 -0.84262251853943 -1.5419390201569 -0.00010566064156592 2.4769431547611e-05
0.016200631856918 -0.65737581253052 -1.6253221035004 -0.85736060142517 -1.5429594516754 3.5006320104003e-05 2.2446942239185e-05
0.01582869887352 -0.67475032806396 -1.5926659107208 -0.87295532226562 -1.5428946018219 -2.3644650354981e-05 -2.3740180040477e-05
0.015366166830063 -0.69215703010559 -1.5597670078278 -0.88811230659485 -1.5432260036469 -6.6559994593263e-05 7.4896248406731e-05
0.014872640371323 -0.70990753173828 -1.5261149406433 -0.90414357185364 -1.5440397262573 -5.0585949793458e-05 1.44742161865e-05
0.014391988515854 -0.72795820236206 -1.491815328598 -0.92052865028381 -1.5448837280273 -0.00011996575631201 1.9203638657928e-05
