-8.7624556499577e-07 -2.8717136046907e-07 0.91483879089355
-9.5497921392962e-07 -4.4327990167403e-07 0.9148388504982
-3.1121177812565e-07 -3.4360698464297e-07 0.91483914852142
-4.4671585897049e-07 -6.7441959572534e-07 0.91483938694
-9.2680170382664e-07 -7.5467717408628e-08 0.91483938694
-1.2401028470777e-06 5.0923199523822e-07 0.91483950614929
-1.0269043286826e-06 8.0439025396117e-07 0.91483950614929
-5.3254342446962e-07 1.0228998235107e-06 0.91483956575394
-6.7593077801575e-07 1.1332484746163e-06 0.91483944654465
-8.9249704160466e-07 7.7452000368794e-07 0.91483950614929
-7.5921013831248e-07 7.9994151747087e-07 0.91483944654465
-1.0503780458748e-06 6.8430102828643e-07 0.91483956575394
-9.4471408829122e-07 9.7961333267449e-07 0.91483950614929
-1.0238122740702e-06 7.6731765830118e-07 0.91483956575394
-1.022585706778e-06 8.4635360053653e-07 0.91483962535858
-1.3898737734053e-06 1.0946320117e-06 0.91483974456787
-1.5527783716607e-06 1.0072421900986e-06 0.91483968496323
-1.8120506410924e-06 1.1569419484658e-06 0.91483962535858
-2.2794899905421e-06 7.9600039271099e-07 0.91483962535858
-2.3979469006008e-06 1.0808220167746e-06 0.91483950614929
-1.9403607893764e-06 9.5178523906725e-07 0.91483950614929
-2.1085486423544e-06 9.7289796485711e-07 0.91483944654465
-2.5731512778293e-06 1.053202595358e-06 0.91483938694
-2.4084408778435e-06 8.603196306467e-07 0.91483932733536
-2.5763265512069e-06 5.136291179042e-07 0.91483956575394
-2.7269245492789e-06 2.5202643882949e-07 0.91483968496323
-2.2803294541518e-06 -1.3387543162935e-07 0.91483950614929
-2.8821903015341e-06 -5.2542958428603e-07 0.91483938694
-2.8400356768543e-06 -1.1385778009299e-07 0.91483932733536
-2.6040074772027e-06 6.2289359448187e-08 0.91483938694
-2.7854327981913e-06 -2.7314499106978e-07 0.91483926773071
-3.0235344183893e-06 -4.1743084011614e-07 0.91483926773071
-2.9739076126134e-06 -5.5798295761633e-07 0.91483938694
-2.8722895422106e-06 -3.3128605991806e-07 0.91483938694
-3.3895369142556e-06 -4.196220686481e-07 0.91483944654465
1.6270694231935e-06 -0.00025283297873102 0.91484045982361
-0.00016538880299777 -0.0097091151401401 0.91486066579819
-0.00021550571545959 -0.019321005791426 0.91487997770309
-0.00024542264873162 -0.028921520337462 0.91490614414215
-0.00030813255580142 -0.038515787571669 0.91491883993149
-0.00034318587859161 -0.048123639076948 0.91493725776672
-0.00041162839625031 -0.057713706046343 0.91494703292847
-0.00045679110917263 -0.067316845059395 0.91497814655304
-0.00047935277689248 -0.076922073960304 0.91498643159866
-0.00053609960014001 -0.08651901781559 0.91501361131668
-0.00053940038196743 -0.09610190987587 0.91503709554672
-0.00059273047372699 -0.1057136952877 0.91507887840271
-0.00065779534634203 -0.11531241983175 0.91511142253876
-0.00069561204873025 -0.12491820752621 0.91514408588409
-0.00072066596476361 -0.13451784849167 0.91515696048737
-0.00074787880294025 -0.14412268996239 0.91516649723053
-0.00074211659375578 -0.1537177413702 0.91515511274338
-0.00077511131530628 -0.16331671178341 0.9151514172554
-0.00079574307892472 -0.17292243242264 0.91514879465103
-0.00083927280502394 -0.18251265585423 0.91513764858246
-0.0009140080655925 -0.1921442002058 0.91514509916306
-0.0009696856723167 -0.20172488689423 0.91513627767563
-0.0010389143135399 -0.21132525801659 0.91512662172318
-0.0010489482665434 -0.22097866237164 0.91507351398468
-0.001095230341889 -0.23053786158562 0.9150864481926
-0.0011865284759551 -0.24013625085354 0.91509568691254
-0.0011890550376847 -0.24978682398796 0.91481524705887
-0.0012329339515418 -0.25930291414261 0.91485154628754
-0.0012583518400788 -0.26889938116074 0.91487503051758
-0.0013276091776788 -0.27850386500359 0.91489320993423
-0.001372970524244 -0.28811237215996 0.91491782665253
-0.001395583152771 -0.29770556092262 0.9149386882782
-0.001419716863893 -0.30730694532394 0.91497403383255
-0.0014506184961647 -0.31690761446953 0.91500455141068
-0.0015246401308104 -0.32651403546333 0.91503775119781
-0.001560528180562 -0.33609002828598 0.91506683826447
