-0.0059138741344213 0.047407299280167 1.3009778261185 0.00084906566189602 1.3828175724484e-05 3.0584232807159 6.4037594711408e-05
-0.0036862399429083 0.042381763458252 1.294452548027 0.00088018283713609 -5.9790887462441e-05 3.0109405517578 9.5779658295214e-05
-0.0014837458729744 0.037362217903137 1.2879424095154 0.00094112189253792 -0.00014190515503287 2.9625954627991 1.0536065929045e-05
0.00074077025055885 0.032339051365852 1.2814167737961 0.00097917846869677 -0.00026283366605639 2.9142739772797 8.8924927695189e-05
0.0029317028820515 0.027345165610313 1.2749145030975 0.00089773256331682 -0.00028631073655561 2.866370677948 1.109545246436e-05
0.0051278658211231 0.022325456142426 1.2684178352356 0.00086979556363076 -0.00024564209161326 2.8180532455444 -9.9536237030406e-07
0.007334042340517 0.017315223813057 1.2619123458862 0.00081775244325399 -0.00039023923454806 2.7694506645203 0.00011452778562671
0.0095703974366188 0.012295737862587 1.2553845643997 0.0010038695763797 -0.00041126401629299 2.7218861579895 7.9734512837604e-05
0.01176093518734 0.0072770267724991 1.2488663196564 0.00087735353736207 -0.00046418551937677 2.6736583709717 7.3060851718765e-05
0.013995453715324 0.0022608861327171 1.2423614263535 0.00080443307524547 -0.00049326353473589 2.6255688667297 0.00012708928261418
0.016190700232983 -0.002753734588623 1.2358536720276 0.00091918517136946 -0.00066045968560502 2.5771927833557 4.7790170356166e-05
0.018393263220787 -0.0077693536877632 1.2293318510056 0.00076281814835966 -0.00053684186423197 2.5294630527496 1.8856395627154e-06
0.020591899752617 -0.012782283127308 1.2228302955627 0.00083446758799255 -0.00060025224229321 2.4811615943909 7.0331152528524e-06
0.022818423807621 -0.017773754894733 1.2163105010986 0.0008131135837175 -0.00053018925245851 2.4332666397095 1.0034816568805e-06
0.025014258921146 -0.022805489599705 1.209795832634 0.0006899805739522 -0.00066188169876114 2.3846030235291 2.860378663172e-05
0.027224615216255 -0.027820214629173 1.2032864093781 0.00056425156071782 -0.00060817680787295 2.3369309902191 9.1042247731821e-06
0.02943366765976 -0.032829403877258 1.1967860460281 0.00046661988017149 -0.00068413565168157 2.2887427806854 5.7176093832823e-05
0.031642213463783 -0.037844333797693 1.1902666091919 0.00044762418838218 -0.00063995289383456 2.2413787841797 -1.5348273336713e-06
0.033852241933346 -0.042861465364695 1.183767080307 0.0005108529003337 -0.00051992363296449 2.1927161216736 1.2495622286224e-05
0.036072574555874 -0.047859959304333 1.1772519350052 0.00046584458323196 -0.00041475010220893 2.1448223590851 0.00010412272240501
0.038254991173744 -0.052901305258274 1.1706992387772 0.00043813325464725 -0.00035486178239807 2.0966143608093 3.3430862913519e-06
0.040477909147739 -0.057882249355316 1.164243221283 7.0410613261629e-05 -0.00022507485118695 2.0491225719452 -1.8667557014851e-05
0.042683243751526 -0.062891945242882 1.1577131748199 0.00014217750867829 -0.00012774905189872 2.0008239746094 9.6885873063002e-05
0.044880919158459 -0.067907489836216 1.1511968374252 5.0094899052056e-05 -4.9988750106422e-05 1.9525126218796 -3.2909174478846e-05
0.047084607183933 -0.072909280657768 1.1446866989136 4.0350638300879e-05 -0.00014455031487159 1.9042114019394 8.0645841080695e-05
0.049323346465826 -0.07799357175827 1.1381312608719 0.0004621798871085 -0.00034866432542913 1.8572179079056 -8.103447726171e-06
0.051491171121597 -0.082933865487576 1.1316758394241 0.00049598165787756 -0.0010826163925231 1.8082909584045 1.7662971004029e-05
0.05370981618762 -0.087986305356026 1.1250879764557 0.00053823267808184 -0.0017243644688278 1.7603150606155 1.575160581524e-06
0.055925235152245 -0.09298051148653 1.1186109781265 0.00057047751033679 -0.0026481267996132 1.7126111984253 2.9841516152374e-05
0.058139588683844 -0.098017379641533 1.112112402916 0.00065089983399957 -0.0031445412896574 1.6649078130722 4.0209273720393e-05
0.060360450297594 -0.10301437228918 1.1055498123169 0.00054696702864021 -0.0031799306161702 1.6167442798615 2.8842816391261e-05
0.062552198767662 -0.10802758485079 1.0990210771561 0.00038836488965899 -0.0030073968227953 1.5685976743698 9.3331502284855e-05
0.064765237271786 -0.11305727809668 1.0925277471542 0.00044925330439582 -0.0026326996739954 1.5208078622818 2.9312298011064e-06
0.066972523927689 -0.11804562807083 1.0860687494278 0.00014171742077451 -0.0023408334236592 1.4726084470749 0.00012055724073434
0.06917205452919 -0.12306171655655 1.0795793533325 2.6518200684222e-05 -0.0023200286086649 1.4248809814453 4.9784312068368e-06
0.071378782391548 -0.12807117402554 1.0730125904083 3.9348582504317e-05 -0.0021071471273899 1.3764810562134 5.8618436014513e-05
0.073596552014351 -0.13309918344021 1.0664862394333 0.00023071207397152 -0.002039268380031 1.3292720317841 2.8397456844687e-05
0.075800336897373 -0.13812710344791 1.0599360466003 0.0001228264591191 -0.0020477212965488 1.2807078361511 4.1106042772299e-05
0.078011780977249 -0.14315441250801 1.0534687042236 -0.00029958024970256 -0.0019074487499893 1.2328561544418 2.2872431145515e-05
0.08022216707468 -0.1481376439333 1.0469688177109 -0.00024488428607583 -0.0019236244261265 1.1847854852676 3.6431618354982e-05
0.082418531179428 -0.15314684808254 1.0404539108276 -0.00043082609772682 -0.0018866187892854 1.1367624998093 -3.3944779715966e-05
0.084627449512482 -0.15818029642105 1.0339785814285 -0.00045974520617165 -0.0019052450079471 1.0891538858414 -1.6465597582282e-05
0.086860366165638 -0.16320617496967 1.0273382663727 -0.00037700042594224 -0.0018583986675367 1.0415000915527 -2.7110736482427e-05
0.089061543345451 -0.16819237172604 1.0208160877228 -0.00052199722267687 -0.0017040412640199 0.99303382635117 0.00011921679106308
0.09125417470932 -0.17319738864899 1.0143387317657 -0.00074169569415972 -0.0018274068133906 0.94486898183823 7.2573922807351e-05
0.09344345331192 -0.1782138645649 1.0078521966934 -0.00078670878428966 -0.0019548162817955 0.89696824550629 7.9722878581379e-05
0.095663458108902 -0.18321710824966 1.0013107061386 -0.0009360876865685 -0.0018605920486152 0.84912407398224 -3.23380345435e-06
0.09788404405117 -0.18823936581612 0.99481445550919 -0.0012351205805317 -0.0017452677711844 0.80110532045364 -1.2280517694307e-05
0.1000802218914 -0.19327175617218 0.98823797702789 -0.0014205924235284 -0.0019844814669341 0.75341880321503 6.8214591010474e-05
0.10228598117828 -0.19827109575272 0.98180288076401 -0.001789515488781 -0.0018701880471781 0.70545899868011 6.2444712966681e-05
0.10450558364391 -0.20328134298325 0.97520315647125 -0.0021023612935096 -0.002086402149871 0.65748059749603 3.5030592698604e-05
0.10671402513981 -0.20829150080681 0.96875667572021 -0.002653288654983 -0.0023816949687898 0.61012834310532 1.7011723684845e-05
0.10890771448612 -0.2133115530014 0.96208620071411 -0.0035382511559874 -0.0026634987443686 0.56223952770233 5.1140417781426e-05
0.11112432181835 -0.2183158993721 0.95574903488159 -0.0053508207201958 -0.0032997222151607 0.51480376720428 2.5611458113417e-05
0.11248622834682 -0.22160536050797 0.9498342871666 -0.0013201091205701 -0.0016004802891985 0.4716988503933 -2.6044736500808e-07
0.10765255987644 -0.21216389536858 0.94973635673523 0.0085726454854012 0.0044946298003197 0.46614381670952 -9.2245915084277e-07
0.10280342400074 -0.20254155993462 0.94970786571503 0.0054889894090593 0.0030665055382997 0.46701925992966 2.5715944502736e-05
0.097896918654442 -0.19296020269394 0.94974762201309 0.0039907284080982 0.0020439357031137 0.46836811304092 7.3543946200516e-05
0.093039616942406 -0.18332120776176 0.94987922906876 0.0031489015091211 0.001772090094164 0.46816405653954 7.2019887738861e-05
0.088180184364319 -0.1737434566021 0.94986057281494 0.002600948093459 0.0013255079975352 0.4685545861721 2.9398070182651e-05
0.083290934562683 -0.16414994001389 0.94974076747894 0.0024333442561328 0.0014216892886907 0.46892303228378 2.5548117264407e-05
0.078422546386719 -0.15453740954399 0.94980466365814 0.0020828056149185 0.0012635489692912 0.46916592121124 0.00010281469440088
0.073546230792999 -0.14494064450264 0.94981402158737 0.002002424094826 0.0010181237012148 0.46887573599815 6.9048452132847e-05
0.068691700696945 -0.13535988330841 0.94979441165924 0.0016721694264561 0.0010813180124387 0.46921339631081 2.4894241050788e-06
0.063815742731094 -0.12575694918633 0.94981133937836 0.0016124597750604 0.00071139639476314 0.46960085630417 9.7367301350459e-05
0.058974519371986 -0.11614076793194 0.94989341497421 0.0013865755172446 0.00083077530143782 0.46856167912483 7.1395743361791e-06
0.054071985185146 -0.10653537511826 0.94984793663025 0.0013867585221305 0.00083848857320845 0.46903723478317 7.9820092651062e-05
0.049190565943718 -0.096954897046089 0.94986492395401 0.0014162879670039 0.00074797793058679 0.46933922171593 5.3679534175899e-05
0.044329181313515 -0.087324023246765 0.94988059997559 0.0012000857386738 0.00072267168434337 0.46893626451492 4.2733404370665e-06
0.03950423002243 -0.077759087085724 0.94991970062256 0.0011930324835703 0.00069760164478794 0.46888169646263 3.9106686017476e-05
0.034609742462635 -0.06816528737545 0.94993996620178 0.00097605574410409 0.00056241452693939 0.46983227133751 3.1885399948806e-05
0.029733553528786 -0.058566734194756 0.94991022348404 0.0013484914088622 0.00070485839387402 0.46916791796684 5.1411079766694e-05
0.024884313344955 -0.048972457647324 0.94994759559631 0.0014345803065225 0.00076337513746694 0.46917882561684 3.0645220249426e-05
0.020013332366943 -0.03937491774559 0.9499477148056 0.0014910933095962 0.00074985140236095 0.46873393654823 -9.8977170637227e-07
0.015159361064434 -0.029765024781227 0.94996535778046 0.0013782716123387 0.00083735614316538 0.46877402067184 8.6682644905522e-05
0.010291703045368 -0.020165711641312 0.94992518424988 0.0016180735547096 0.0010122964158654 0.46919447183609 4.5625623897649e-05
0.0054087862372398 -0.010554537177086 0.94994109869003 0.0016142254462466 0.0007126948912628 0.4685223698616 1.3018167919654e-05
0.00054125487804413 -0.00083248317241669 0.94982135295868 0.0027051183860749 0.00074929575202987 0.46762606501579 -3.4319989936193e-05
-0.0043555721640587 0.0086308643221855 0.94993090629578 0.0014289154205471 0.00069182523293421 0.46899130940437 2.3124695871957e-05
-0.0092384517192841 0.01823066920042 0.94992315769196 0.0015745859127492 0.00085653632413596 0.46946689486504 8.4575658547692e-05
-0.014083281159401 0.027842491865158 0.94996792078018 0.0014629432698712 0.00074548600241542 0.46854239702225 9.3752591055818e-05
-0.018981330096722 0.037451647222042 0.94995892047882 0.0014347122050822 0.00088772817980498 0.46870538592339 8.310895645991e-05
-0.023842517286539 0.047030508518219 0.94996100664139 0.0013811845565215 0.00068510189885274 0.46901944279671 3.999455657322e-05
-0.028728857636452 0.056622296571732 0.94998961687088 0.0014117512619123 0.00064796954393387 0.46940365433693 -2.7122630854137e-05
-0.033592984080315 0.066215433180332 0.94996243715286 0.00122758327052 0.00070902029983699 0.46937987208366 3.7234032788547e-05
-0.038492545485497 0.075832068920135 0.94995725154877 0.0012362846173346 0.00068336335243657 0.46941494941711 -1.0197964002145e-05
-0.043354209512472 0.085431948304176 0.94997584819794 0.0011314161820337 0.00080574839375913 0.46933600306511 -1.976166095119e-05
-0.048197727650404 0.095028162002563 0.94998276233673 0.001297841896303 0.00075837253825739 0.46856674551964 3.2315849239239e-05
-0.053076222538948 0.10461278259754 0.94998514652252 0.0012843311997131 0.00064954295521602 0.46904724836349 3.0324330509757e-05
-0.057953231036663 0.11423197388649 0.94995087385178 0.0011118227848783 0.00050440279301256 0.46896481513977 4.6960591134848e-05
-0.062828652560711 0.12381987273693 0.94995951652527 0.0011137436376885 0.00059744861209765 0.46894913911819 0.0001239038829226
-0.067712649703026 0.1334088742733 0.94997411966324 0.001053087064065 0.00058276177151129 0.46933668851852 -1.0702922736527e-05
-0.072562329471111 0.14302769303322 0.94999009370804 0.0010745183099061 0.00063701468752697 0.46890327334404 6.5702632127795e-05
-0.077441424131393 0.15260255336761 0.94997990131378 0.0010532699525356 0.00066982762655243 0.46973806619644 5.7768618717091e-05
-0.082311883568764 0.16223500669003 0.94993329048157 0.00021426120656542 0.00063437182689086 0.46914905309677 5.9117369346495e-06
-0.087192915380001 0.17182072997093 0.94998204708099 0.0010070427088067 0.0007539612124674 0.46873274445534 4.0652335883351e-05
-0.092049688100815 0.1814392209053 0.94997084140778 0.0015632228460163 0.00070584745844826 0.46851393580437 8.6242398538161e-06
-0.096930012106895 0.19102002680302 0.94997775554657 0.0011070757173002 0.00071109604323283 0.46890166401863 2.0448562281672e-05
-0.10177774727345 0.20059435069561 0.94997906684875 0.00088387855794281 0.00059236789820716 0.46919798851013 7.1082737122197e-05
-0.1066934093833 0.21022972464561 0.94997870922089 0.0013492095749825 0.00064236851176247 0.46839374303818 1.2583212082973e-05
-0.1115428507328 0.21982622146606 0.94998753070831 0.0011135827517137 0.00054466200526804 0.46867820620537 -6.2235361838248e-05
