0.048104140907526 0.22197434306145 -1.749317407608 -1.6150465011597 -1.4396145343781 0.00013085060345475 6.4037594711408e-05
0.074226230382919 0.214609593153 -1.7603077888489 -1.5967853069305 -1.3653771877289 0.000248629366979 9.5779658295214e-05
0.099315494298935 0.20557972788811 -1.7699222564697 -1.5781743526459 -1.2920978069305 0.00033446005545557 1.0536065929045e-05
0.12317690253258 0.19480893015862 -1.778094291687 -1.5592284202576 -1.2202820777893 0.00039311102591455 8.8924927695189e-05
0.14582857489586 0.1823978126049 -1.784818649292 -1.5401079654694 -1.1496977806091 0.00045653036795557 1.109545246436e-05
0.16728243231773 0.16828486323357 -1.7899549007416 -1.5208878517151 -1.0799167156219 0.0004918163176626 -9.9536237030406e-07
0.18736824393272 0.15255972743034 -1.7935917377472 -1.5016105175018 -1.0116984844208 0.0006296222563833 0.00011452778562671
0.20606550574303 0.13526102900505 -1.7956717014313 -1.4823365211487 -0.94491243362427 0.000706393038854 7.9734512837604e-05
0.22343048453331 0.11652085185051 -1.7962143421173 -1.4631071090698 -0.87936758995056 0.00080986670218408 7.3060851718765e-05
0.23942074179649 0.096473664045334 -1.795214176178 -1.4440722465515 -0.81542181968689 0.00091524771414697 0.00012708928261418
0.25411257147789 0.075081795454025 -1.7925112247467 -1.4254856109619 -0.7523832321167 0.0010587756987661 4.7790170356166e-05
0.26747784018517 0.052476853132248 -1.7883653640747 -1.4070818424225 -0.69098043441772 0.0010482852812856 1.8856395627154e-06
0.2795761525631 0.028778046369553 -1.7825238704681 -1.3893668651581 -0.63067364692688 0.0012609546538442 7.0331152528524e-06
0.29045233130455 0.0041179358959198 -1.7752685546875 -1.372088432312 -0.57186150550842 0.0013186519499868 1.0034816568805e-06
0.30017313361168 -0.021514922380447 -1.7663636207581 -1.3554179668427 -0.51393580436707 0.0015008037444204 2.860378663172e-05
0.3087337911129 -0.047993928194046 -1.7559580802917 -1.3394932746887 -0.45733904838562 0.0016533916350454 9.1042247731821e-06
0.31625398993492 -0.07508710026741 -1.7440695762634 -1.3243551254272 -0.40180540084839 0.0017811839934438 5.7176093832823e-05
0.3227661550045 -0.10279825329781 -1.7307677268982 -1.3099541664124 -0.34733200073242 0.0018984859343618 -1.5348273336713e-06
0.32833370566368 -0.13114622235298 -1.7159109115601 -1.2965338230133 -0.29361152648926 0.0018980090972036 1.2495622286224e-05
0.33301910758018 -0.15998628735542 -1.6997199058533 -1.2838246822357 -0.24079942703247 0.0019108837004751 0.00010412272240501
0.33681663870811 -0.18927338719368 -1.682181596756 -1.2719521522522 -0.18893527984619 0.0016605441924185 3.3430862913519e-06
0.33986505866051 -0.2185540497303 -1.6634593009949 -1.2607696056366 -0.13785362243652 0.0012375896330923 -1.8667557014851e-05
0.34217008948326 -0.24829557538033 -1.6434724330902 -1.250189781189 -0.087499380111694 0.00033207586966455 9.6885873063002e-05
0.34374651312828 -0.27807596325874 -1.622398853302 -1.2400190830231 -0.037968397140503 -0.0011115486267954 -3.2909174478846e-05
0.34470161795616 -0.30787423253059 -1.6002564430237 -1.2302503585815 0.01081395149231 -0.0032368118409067 8.0645841080695e-05
0.34504160284996 -0.33783438801765 -1.5769715309143 -1.22092628479 0.059215307235718 -0.0059497766196728 -8.103447726171e-06
0.34482464194298 -0.36755636334419 -1.5526831150055 -1.2124223709106 0.10707259178162 -0.0089717321097851 1.7662971004029e-05
0.34404787421227 -0.39783790707588 -1.5270113945007 -1.2054486274719 0.15437054634094 -0.011285346001387 1.575160581524e-06
0.34281715750694 -0.42812421917915 -1.4999990463257 -1.2008440494537 0.20114350318909 -0.012522261589766 2.9841516152374e-05
0.3411258161068 -0.45899632573128 -1.4713842868805 -1.1989641189575 0.24735188484192 -0.012102168053389 4.0209273720393e-05
0.33902248740196 -0.49032643437386 -1.4413430690765 -1.1994738578796 0.29335284233093 -0.010443966835737 2.8842816391261e-05
0.33651146292686 -0.52158379554749 -1.4103209972382 -1.2012448310852 0.33868336677551 -0.0083733014762402 9.3331502284855e-05
0.33361706137657 -0.55299162864685 -1.3781268596649 -1.2037079334259 0.38376355171204 -0.0067515783011913 2.9312298011064e-06
0.33042654395103 -0.58414006233215 -1.3452334403992 -1.2065842151642 0.42859673500061 -0.0054192952811718 0.00012055724073434
0.32688269019127 -0.61534309387207 -1.3113219738007 -1.2101407051086 0.47314429283142 -0.0044734887778759 4.9784312068368e-06
0.32306513190269 -0.6466851234436 -1.2765030860901 -1.2143523693085 0.51739239692688 -0.0037787370383739 5.8618436014513e-05
0.319066375494 -0.67787075042725 -1.2409687042236 -1.2192251682281 0.56071877479553 -0.0033934526145458 2.8397456844687e-05
0.31467375159264 -0.70948243141174 -1.2038910388947 -1.225156545639 0.60492968559265 -0.0030198507010937 4.1106042772299e-05
0.31020054221153 -0.74067449569702 -1.166312456131 -1.2315654754639 0.64805817604065 -0.0027714185416698 2.2872431145515e-05
0.30545076727867 -0.77217626571655 -1.127513885498 -1.2390208244324 0.69135117530823 -0.0025737695395947 3.6431618354982e-05
0.30051216483116 -0.80394315719604 -1.0874707698822 -1.247504234314 0.73459219932556 -0.0022354535758495 -3.3944779715966e-05
0.29542145133018 -0.83590984344482 -1.0463769435883 -1.2567181587219 0.77749705314636 -0.0022190026938915 -1.6465597582282e-05
0.29020246863365 -0.86836266517639 -1.0040292739868 -1.2670469284058 0.82035660743713 -0.0020254068076611 -2.7110736482427e-05
0.28485712409019 -0.90073156356812 -0.96058058738708 -1.2780723571777 0.86279034614563 -0.0018711499869823 0.00011921679106308
0.27938207983971 -0.93352556228638 -0.91554403305054 -1.2902584075928 0.90530514717102 -0.0017133168876171 7.2573922807351e-05
0.27379068732262 -0.96677088737488 -0.86897373199463 -1.3035085201263 0.94765782356262 -0.0017447881400585 7.9722878581379e-05
0.26813396811485 -1.0007202625275 -0.82049965858459 -1.3180134296417 0.98992228507996 -0.0018177442252636 -3.23380345435e-06
0.26240000128746 -1.0353939533234 -0.770015001297 -1.3337187767029 1.0321996212006 -0.0015781335532665 -1.2280517694307e-05
0.25660738348961 -1.0710031986237 -0.71705222129822 -1.3509700298309 1.0743143558502 -0.0015724115073681 6.8214591010474e-05
0.25080904364586 -1.1074950695038 -0.66145300865173 -1.3698525428772 1.1161139011383 -0.0015376023948193 6.2444712966681e-05
0.24492725729942 -1.1458041667938 -0.6020827293396 -1.3906028270721 1.1582415103912 -0.0016513280570507 3.5030592698604e-05
0.23905500769615 -1.1857426166534 -0.53806328773499 -1.4139614105225 1.2000348567963 -0.0016954354941845 1.7011723684845e-05
0.23317369818687 -1.2288556098938 -0.46769070625305 -1.4403488636017 1.2417094707489 -0.0018194131553173 5.1140417781426e-05
0.22734579443932 -1.2756469249725 -0.38819169998169 -1.4712066650391 1.2831771373749 -0.0020473413169384 2.5611458113417e-05
0.22158941626549 -1.3202106952667 -0.3134081363678 -1.5060095787048 1.3206608295441 -0.0013149194419384 -2.6044736500808e-07
0.21736368536949 -1.2662301063538 -0.42795443534851 -1.4574253559113 1.3225224018097 0.0028376169502735 -9.2245915084277e-07
0.21417030692101 -1.2134251594543 -0.53452849388123 -1.4001598358154 1.3177826404572 0.0018939562141895 2.5715944502736e-05
0.21081480383873 -1.1700603961945 -0.62194395065308 -1.3544280529022 1.3132956027985 0.0013684816658497 7.3543946200516e-05
0.20722803473473 -1.1320114135742 -0.69798350334167 -1.3154020309448 1.3095757961273 0.0012840814888477 7.2019887738861e-05
0.20356783270836 -1.0980212688446 -0.76627969741821 -1.2804806232452 1.3058211803436 0.0010160990059376 2.9398070182651e-05
0.19978031516075 -1.0668818950653 -0.82904148101807 -1.248722076416 1.3018290996552 0.00098033621907234 2.5548117264407e-05
0.19588503241539 -1.0373704433441 -0.88752627372742 -1.2192974090576 1.2978227138519 0.00089975073933601 0.00010281469440088
0.19183859229088 -1.0099096298218 -0.94229793548584 -1.1917796134949 1.2939097881317 0.00081010535359383 6.9048452132847e-05
0.18777403235435 -0.98378086090088 -0.99416589736938 -1.1658391952515 1.2894465923309 0.00073381140828133 2.4894241050788e-06
0.18350872397423 -0.95878744125366 -1.0435447692871 -1.1413052082062 1.285248041153 0.00069184973835945 9.7367301350459e-05
0.17909368872643 -0.93471646308899 -1.0906851291656 -1.1179418563843 1.2810304164886 0.00060315802693367 7.1395743361791e-06
0.17461809515953 -0.91183376312256 -1.1359317302704 -1.0957009792328 1.2763936519623 0.00065990164875984 7.9820092651062e-05
0.16998991370201 -0.889488697052 -1.1795489788055 -1.0742907524109 1.2715866565704 0.00060315802693367 5.3679534175899e-05
0.16517195105553 -0.86798453330994 -1.2216045856476 -1.0535802841187 1.2670657634735 0.00053926184773445 4.2733404370665e-06
0.16029104590416 -0.84705758094788 -1.2623455524445 -1.0336487293243 1.2619225978851 0.00055404379963875 3.9106686017476e-05
0.15521892905235 -0.8266384601593 -1.3018386363983 -1.0144221782684 1.2568700313568 0.00059791281819344 3.1885399948806e-05
0.14996322989464 -0.80707955360413 -1.3399863243103 -0.99622225761414 1.2515394687653 0.00067516043782234 5.1411079766694e-05
0.14454826712608 -0.78775978088379 -1.3771390914917 -0.97850203514099 1.2461726665497 0.00069614127278328 3.0645220249426e-05
0.13894209265709 -0.76899433135986 -1.4132845401764 -0.96115589141846 1.2410132884979 0.00081773474812508 -9.8977170637227e-07
0.13323721289635 -0.750483751297 -1.4487850666046 -0.94408845901489 1.2348153591156 0.0007748194038868 8.6682644905522e-05
0.12731632590294 -0.73258638381958 -1.4832105636597 -0.92786192893982 1.2289988994598 0.00082965567708015 4.5625623897649e-05
0.12103924155235 -0.71479749679565 -1.5168657302856 -0.91195344924927 1.2230722904205 0.00079770758748055 1.3018167919654e-05
0.1146419942379 -0.69751191139221 -1.5497779846191 -0.89631772041321 1.2167069911957 0.00080295279622078 -3.4319989936193e-05
0.10815891623497 -0.6803617477417 -1.5820951461792 -0.88106822967529 1.2099874019623 0.00079770758748055 2.3124695871957e-05
0.10138449072838 -0.66361331939697 -1.6136562824249 -0.8663592338562 1.2028925418854 0.00080438330769539 8.4575658547692e-05
0.094323009252548 -0.64700222015381 -1.6445434093475 -0.85185360908508 1.1960842609406 0.00087114050984383 9.3752591055818e-05
0.08695062994957 -0.63084244728088 -1.6747381687164 -0.83792328834534 1.1890285015106 0.0008368082344532 8.310895645991e-05
0.079395622014999 -0.61486101150513 -1.7043964862823 -0.82416176795959 1.1815221309662 0.00078626349568367 3.999455657322e-05
0.071680396795273 -0.59903907775879 -1.7336270809174 -0.81061911582947 1.1731259822845 0.00074144080281258 -2.7122630854137e-05
0.063541740179062 -0.58356237411499 -1.7621243000031 -0.79747104644775 1.1650626659393 0.00080295279622078 3.7234032788547e-05
0.055067867040634 -0.56831383705139 -1.7901105880737 -0.78479337692261 1.1565821170807 0.00086303427815437 -1.0197964002145e-05
0.046301692724228 -0.55322980880737 -1.817446231842 -0.77241897583008 1.1481006145477 0.00082870200276375 -1.976166095119e-05
0.037211745977402 -0.53846096992493 -1.8442833423615 -0.7605402469635 1.1391751766205 0.00082393363118172 3.2315849239239e-05
0.027835220098495 -0.52383279800415 -1.8706407546997 -0.74877548217773 1.1295945644379 0.00079961493611336 3.0324330509757e-05
0.018027156591415 -0.5093789100647 -1.8965182304382 -0.73724150657654 1.1198489665985 0.00080295279622078 4.6960591134848e-05
0.0078366696834564 -0.49517607688904 -1.9218237400055 -0.72612357139587 1.109644651413 0.00083156302571297 0.0001239038829226
-0.002758651971817 -0.48112010955811 -1.946638584137 -0.71532964706421 1.0989124774933 0.00089450553059578 -1.0702922736527e-05
-0.013769775629044 -0.46732187271118 -1.9709432125092 -0.70491170883179 1.0881102085114 0.00076432898640633 6.5702632127795e-05
-0.025168806314468 -0.45371222496033 -1.9947814941406 -0.69464421272278 1.0763580799103 0.00082297995686531 5.7768618717091e-05
-0.037210375070572 -0.44033026695251 -2.0180332660675 -0.68475580215454 1.0645253658295 0.00080152228474617 5.9117369346495e-06
-0.049612432718277 -0.42713356018066 -2.0408065319061 -0.67519021034241 1.0520665645599 0.00095029547810555 4.0652335883351e-05
-0.062747627496719 -0.41445517539978 -2.0628178119659 -0.66647028923035 1.0396258831024 0.00095172598958015 8.6242398538161e-06
-0.076180130243301 -0.4014573097229 -2.0846593379974 -0.65710496902466 1.0257709026337 0.0010299272835255 2.0448562281672e-05
-0.090156465768814 -0.38884854316711 -2.1058781147003 -0.64841079711914 1.0115168094635 0.0010056085884571 7.1082737122197e-05
-0.10511460900307 -0.37682771682739 -2.1262440681458 -0.64052605628967 0.99744486808777 0.0010923929512501 1.2583212082973e-05
-0.12021198868752 -0.36449480056763 -2.1465601921082 -0.63212633132935 0.98162150382996 0.00093408301472664 -6.2235361838248e-05
