1.6661418555941e-07 -1.2867391774307e-07 0.91483908891678
5.7588403024056e-07 1.2873148591552e-07 0.91483914852142
5.8477274933466e-07 -3.8154990988915e-07 0.91483932733536
1.0021440175478e-06 -1.188978586697e-07 0.91483956575394
8.7878521526363e-07 -1.4519837066018e-07 0.91483956575394
6.3221989421436e-07 -3.5153050248482e-08 0.91483956575394
5.734857495554e-07 -2.2143689193399e-07 0.91483962535858
3.2597512245047e-07 -6.8267877395556e-07 0.91483956575394
2.5911788270605e-07 -8.5430815488508e-07 0.91483950614929
-2.2734027993465e-07 -6.9341712105597e-07 0.91483962535858
4.1853314769469e-07 -7.4556407980708e-07 0.91483962535858
3.8760663301218e-07 -6.9620659814973e-07 0.91483974456787
-3.4484507693833e-08 -6.5357028233848e-07 0.91483968496323
-1.8412646340948e-07 -5.1100715836583e-07 0.91483974456787
-2.0511548370905e-07 -4.3995859755341e-07 0.91483968496323
-6.881517151669e-07 -6.2025480929151e-07 0.91483962535858
-7.6256782222117e-07 -6.3766879065952e-07 0.91483974456787
-3.8619009501417e-07 -4.7458004814871e-07 0.91483986377716
-4.9249683797825e-07 -3.9473224688891e-08 0.91483986377716
-2.3399985593642e-07 -3.2304052410836e-07 0.91483992338181
-6.704445354444e-07 -5.0196359779875e-07 0.91483986377716
-9.4630746616531e-07 -4.6538235665139e-07 0.91483998298645
-9.5191677473849e-07 -5.8941827774106e-07 0.91484022140503
-1.0927708444797e-06 -6.84175574861e-07 0.91484016180038
-1.1943149047511e-06 -1.7205908875439e-07 0.91484040021896
-9.4071089051795e-07 -1.4597816289097e-07 0.9148405790329
-8.0011596992335e-07 -2.3020761830139e-07 0.91484069824219
-1.0304568149877e-06 5.846975170698e-08 0.91484069824219
-1.0136982382392e-06 7.3453293225612e-08 0.91484069824219
-9.2191226030991e-07 1.8756531972031e-07 0.91484075784683
-1.0244432360196e-06 3.4407491966704e-07 0.91484063863754
-1.1848587746499e-06 1.749430396103e-07 0.91484069824219
-1.3729236343352e-06 -4.1702925557274e-08 0.91484051942825
-1.3956105249235e-06 -5.685846531378e-07 0.9148405790329
-1.0233400189463e-06 -6.674650308014e-07 0.91484075784683
-4.2660889221224e-07 -5.4107073310661e-07 0.91484069824219
-1.5992153379329e-08 -2.7493294396663e-07 0.91484075784683
-1.5286768473288e-07 -9.3920604626874e-08 0.91484075784683
-2.8741129654009e-07 4.300333955598e-07 0.91484087705612
-4.8626983328859e-08 5.8078882148038e-07 0.91484075784683
-3.4417257666064e-07 5.0484680969021e-07 0.91484075784683
-5.2337009037728e-07 3.4001814697149e-07 0.91484105587006
-7.6134739401823e-07 6.8119362595098e-08 0.91484117507935
-9.6940868843376e-07 -1.9447192300959e-07 0.91484141349792
-7.6824733241665e-07 -6.3260119986808e-07 0.91484159231186
-8.6828663370397e-07 -9.038924986271e-07 0.91484171152115
-6.4284995460184e-07 -9.3398176659321e-07 0.9148416519165
-9.8869361409015e-07 -1.2650648386625e-06 0.91484183073044
-9.6896201284835e-07 -1.3517261550078e-06 0.91484194993973
-4.4688823663819e-07 -1.2073874131602e-06 0.91484218835831
6.5091974477127e-08 -1.6061432006609e-06 0.91484218835831
1.3814097599152e-07 -1.6562538576181e-06 0.9148423075676
2.5239893375328e-07 -2.0992588360969e-06 0.9148423075676
-4.6292349509258e-08 -1.683131927166e-06 0.91484218835831
-4.1014425278263e-07 -2.3923250864755e-06 0.91484236717224
-3.1141487966124e-07 -2.5655906483735e-06 0.91484242677689
-1.5566524780297e-07 -2.3509069251304e-06 0.91484242677689
-3.3943749144782e-07 -2.037759486484e-06 0.91484242677689
-3.6761846899935e-07 -1.8986193026649e-06 0.9148423075676
-7.5840284807782e-07 -2.197027015427e-06 0.9148423075676
-1.3398786222751e-06 -2.5892370558722e-06 0.91484254598618
-1.3024368854531e-06 -2.9303366773092e-06 0.91484242677689
-1.2964699180884e-06 -2.644214191605e-06 0.91484242677689
-1.7379794599037e-06 -2.3748198145768e-06 0.91484248638153
-1.7929588693733e-06 -2.0936511191394e-06 0.91484254598618
-1.2585405784193e-06 -2.1755083707831e-06 0.91484260559082
-1.2451607744879e-06 -2.3309708012675e-06 0.91484260559082
-1.4006831179358e-06 -2.3930342649692e-06 0.9148428440094
-1.2026747526761e-06 -2.575327471277e-06 0.9148428440094
-0.00042739982018247 0.0020158351399004 0.91487270593643
-0.0029623522423208 0.012834568507969 0.91502445936203
-0.0054579442366958 0.023614713922143 0.9151890873909
-0.008073590695858 0.034385342150927 0.9153391122818
-0.010562218725681 0.045208666473627 0.91538488864899
-0.014921222813427 0.055119339376688 0.91544419527054
-0.01977620460093 0.064680069684982 0.9155130982399
-0.024686714634299 0.074291586875916 0.91550242900848
-0.029610101133585 0.08388801664114 0.9154526591301
-0.03458035364747 0.093409113585949 0.91549801826477
-0.039551287889481 0.10302480310202 0.91544830799103
-0.044417385011911 0.11256533116102 0.91545963287354
-0.049190048128366 0.12218573689461 0.91557246446609
-0.053943563252687 0.13186651468277 0.91558307409286
-0.058921039104462 0.14139330387115 0.91537493467331
-0.063889391720295 0.15093250572681 0.91538763046265
-0.068488493561745 0.16069960594177 0.91547101736069
-0.073299653828144 0.1703649610281 0.91547453403473
-0.078133873641491 0.17995326220989 0.91548389196396
-0.083109855651855 0.18949875235558 0.91560453176498
-0.088024377822876 0.19910667836666 0.9155837893486
-0.093010269105434 0.20862120389938 0.91562175750732
-0.097878843545914 0.21822360157967 0.91572892665863
-0.10247080773115 0.22797131538391 0.91571098566055
-0.10757287591696 0.23745033144951 0.91567397117615
-0.11247438937426 0.24702304601669 0.91565907001495
-0.11741332709789 0.25657385587692 0.91567504405975
-0.12213405966759 0.26627525687218 0.91566812992096
-0.12694302201271 0.27592211961746 0.91562360525131
-0.13204951584339 0.28535580635071 0.91562455892563
-0.13683317601681 0.29501420259476 0.91567134857178
-0.14154566824436 0.30472409725189 0.91559761762619
