-0.0077271778136492 0.047488331794739 1.3018480539322 0.00080775760579854 -0.00022035960864741 3.0583598613739 8.6668340372853e-05
-0.0064728334546089 0.042525291442871 1.2957875728607 0.00090247753541917 -7.0479494752362e-05 3.0104763507843 7.3000905103981e-05
-0.0052543077617884 0.037557512521744 1.2897530794144 0.00088423059787601 -0.00025802565505728 2.9622402191162 5.7586217735661e-05
-0.0040020439773798 0.032620742917061 1.2837375402451 0.0008548399200663 -0.00025311033823527 2.9142045974731 -1.1368231753295e-05
-0.0027976557612419 0.027646601200104 1.2776871919632 0.00087516277562827 -0.00025180305237882 2.8659112453461 1.6749290807638e-05
-0.001532781869173 0.022698298096657 1.2716461420059 0.00076598016312346 -0.00026390451239422 2.8183629512787 4.7019941121107e-05
-0.00032194331288338 0.017735958099365 1.2656192779541 0.00077687593875453 -0.00036591172101907 2.7691969871521 4.2222054617014e-05
0.00090498477220535 0.012769460678101 1.2595686912537 0.00078015384497121 -0.00043098593596369 2.7213971614838 0.00010483544610906
0.0021262243390083 0.0078135877847672 1.2535437345505 0.0007358223083429 -0.00032735656714067 2.672839641571 4.7043966333149e-05
0.0033727064728737 0.0028624907135963 1.2475097179413 0.00071454659337178 -0.00041584670543671 2.6252784729004 3.4576249163365e-05
0.0046261698007584 -0.0021084845066071 1.2414553165436 0.00081337860319763 -0.0004846467054449 2.5775384902954 2.6925132260658e-05
0.0058267638087273 -0.0070598796010017 1.2354251146317 0.00074189563747495 -0.00039638840826228 2.5289063453674 4.6126227971399e-05
0.0070994421839714 -0.012023359537125 1.2293748855591 0.00076364178676158 -0.00045310056884773 2.481452703476 1.5639368939446e-05
0.0083034113049507 -0.016962088644505 1.2233822345734 0.00055767607409507 -0.00048105863970704 2.4330720901489 2.9033839382464e-05
0.0095453262329102 -0.021931365132332 1.217325925827 0.0006055950652808 -0.00054493045900017 2.3847725391388 8.6670719610993e-05
0.010757274925709 -0.026879414916039 1.2112958431244 0.0005825359839946 -0.00052720605162904 2.3366270065308 5.5081505706767e-05
0.012008100748062 -0.031865313649178 1.2052416801453 0.00056313630193472 -0.00060827127890661 2.288676738739 -1.1186520168849e-05
0.013226665556431 -0.03681793063879 1.1991903781891 0.00052111118566245 -0.00040965992957354 2.2406873703003 6.2530411923944e-06
0.014458023011684 -0.041775226593018 1.1931865215302 0.00025011898833327 -0.00039742537774146 2.1926548480988 2.5601906600059e-05
0.015714809298515 -0.046728655695915 1.1871546506882 0.00022787609486841 -0.00035724230110645 2.1448330879211 -2.764240889519e-05
0.016945943236351 -0.051719971001148 1.1810470819473 0.00025796543923207 -0.00022019482275937 2.0967726707458 8.3983140939381e-05
0.018191210925579 -0.056661147624254 1.1750365495682 0.00024364332784899 -0.00022912357235327 2.0486626625061 5.9405017964309e-05
0.019391745328903 -0.061622072011232 1.1690107584 0.00030522994347848 0.00012799227260984 2.0004920959473 7.1615235356148e-05
0.020634539425373 -0.066584877669811 1.1629831790924 1.097110180126e-05 6.8701527197845e-05 1.9527667760849 4.0932060073828e-05
0.021875016391277 -0.071533486247063 1.1569201946259 9.6254050731659e-05 0.00010927480616374 1.9048149585724 6.8045861553401e-05
0.023108340799809 -0.076479874551296 1.1509126424789 4.2622163164197e-05 -0.00015414119116031 1.8566637039185 -2.2499386886921e-06
0.024340208619833 -0.081465870141983 1.1448459625244 0.00023291134857573 -0.00067560223396868 1.8085632324219 6.9051449827384e-05
0.025577958673239 -0.086430728435516 1.1387960910797 0.00051558716222644 -0.0014545794110745 1.760583281517 6.8085828388575e-05
0.026799086481333 -0.091401815414429 1.1327329874039 0.00066600099671632 -0.0023680380545557 1.7123161554337 0.00012292487372179
0.028057765215635 -0.096376344561577 1.1266897916794 0.0007834262214601 -0.0032331256661564 1.6655286550522 -1.3080240023555e-05
0.029258854687214 -0.10128907859325 1.1206617355347 0.00051383109530434 -0.0037723896093667 1.6165009737015 5.7102033679257e-06
0.030505783855915 -0.10626403987408 1.1146129369736 0.00059790804516524 -0.0036698125768453 1.5688275098801 6.5888225435629e-06
0.031735274940729 -0.11121898144484 1.1086132526398 0.0003544403007254 -0.0034581408835948 1.5206264257431 9.6431756446691e-07
0.032959945499897 -0.11617702245712 1.1025129556656 0.00017848666175269 -0.0029665387701243 1.4725770950317 3.7359317502705e-05
0.034195389598608 -0.12113147974014 1.0965263843536 0.00030897435499355 -0.0026657972484827 1.4246215820312 1.7164404198411e-05
0.035440143197775 -0.12612111866474 1.0904829502106 -8.0189071013592e-05 -0.0023357637692243 1.377143740654 0.00012356972729322
0.036654245108366 -0.13105048239231 1.0844448804855 -0.00019293403602205 -0.0023899143561721 1.3284558057785 -4.8133125574168e-07
0.037903498858213 -0.13601753115654 1.0783712863922 6.3318773754872e-05 -0.0020552296191454 1.2808603048325 4.2509625927778e-05
0.039127815514803 -0.14100323617458 1.0723395347595 -6.3472441979684e-05 -0.00203055748716 1.2333776950836 5.9785281337099e-05
0.040381632745266 -0.1459528952837 1.0662624835968 -0.0002435882051941 -0.002125428756699 1.1851246356964 5.7233599363826e-05
0.041596584022045 -0.15088929235935 1.0602169036865 -0.00029833696316928 -0.0018772975308821 1.1366363763809 -3.7080920378685e-07
0.042812503874302 -0.15585668385029 1.0542439222336 -0.00040792828076519 -0.0019564731046557 1.0889362096786 -9.2397458502091e-06
0.044052049517632 -0.16080795228481 1.0481851100922 -0.00060212740208954 -0.0018175209406763 1.0407409667969 4.9839854909806e-05
0.04528746753931 -0.16577404737473 1.0421009063721 -0.00063715677242726 -0.0017474244814366 0.99308478832245 2.4081646188279e-05
0.046526610851288 -0.17073532938957 1.0361236333847 -0.00075734884012491 -0.0017720020841807 0.94565623998642 5.2269810112193e-05
0.047742858529091 -0.17569383978844 1.0300730466843 -0.00095413968665525 -0.0017402002122253 0.8970735669136 1.6517140011274e-06
0.048993229866028 -0.18066155910492 1.023900270462 -0.00079921900760382 -0.0017583870794624 0.84891134500504 5.5136941227829e-05
0.050225719809532 -0.18560048937798 1.0179163217545 -0.001102521084249 -0.0017795296153054 0.80095016956329 -4.5230804971652e-05
0.05143877863884 -0.19053772091866 1.0120511054993 -0.0014738151803613 -0.0019531664438546 0.75313323736191 9.1073216026416e-06
0.052678346633911 -0.19553139805794 1.0058751106262 -0.0016574569744989 -0.001878393930383 0.70522028207779 4.0930928662419e-05
0.053934916853905 -0.2004791200161 0.99976789951324 -0.0019500305643305 -0.0021743436809629 0.65727072954178 3.9131296944106e-05
0.055159822106361 -0.20542418956757 0.99375557899475 -0.002420462667942 -0.0022823922336102 0.60981541872025 1.3225808288553e-05
0.056368470191956 -0.21039807796478 0.98768943548203 -0.0031828870996833 -0.002582395914942 0.56242299079895 0.00011696949513862
0.057627514004707 -0.21535578370094 0.98174583911896 -0.0046439813449979 -0.0031259949319065 0.51467508077621 3.902332537109e-05
0.058846488595009 -0.22031131386757 0.9755836725235 -0.006964813452214 -0.0038390473928303 0.46802759170532 0.00010349303192925
0.060075670480728 -0.22527700662613 0.96963977813721 -0.012952584773302 -0.0061948043294251 0.42331671714783 2.6300111130695e-05
0.061314187943935 -0.23021265864372 0.96354937553406 -0.031895600259304 -0.013156354427338 0.38503485918045 -3.5433527045825e-06
0.062550157308578 -0.23509418964386 0.95756393671036 -0.077334307134151 -0.029058996587992 0.35829618573189 6.5791689848993e-05
0.063787743449211 -0.23999097943306 0.95149159431458 -0.13143408298492 -0.045444525778294 0.32943794131279 -1.6819598386064e-05
0.062171220779419 -0.23424726724625 0.94969141483307 -0.087211832404137 -0.02736971527338 0.29606312513351 -2.1891182768741e-05
0.059648558497429 -0.22473758459091 0.94970709085464 0.00075042800744995 -0.00033260131021962 0.2592955827713 1.2932559002365e-05
0.057081066071987 -0.21526721119881 0.9496237039566 0.05235605314374 0.013151238672435 0.24116708338261 -1.613732365513e-06
0.054576374590397 -0.20555877685547 0.94977658987045 0.010343433357775 0.0029879433568567 0.25604438781738 0.00010106364061357
0.05200120806694 -0.19595021009445 0.94983166456223 0.0053156791254878 0.0016223099082708 0.25767317414284 5.3165698773228e-05
0.049465715885162 -0.18633097410202 0.94979619979858 0.004100832156837 0.0012051383964717 0.25803264975548 1.3408487120614e-06
0.046897076070309 -0.17674276232719 0.94991445541382 0.00303776236251 0.00091202754992992 0.25890791416168 1.942134622368e-05
0.04436369985342 -0.16713699698448 0.94980335235596 0.0027661847416312 0.00058856589021161 0.25877326726913 3.3472517770861e-06
0.041820511221886 -0.15754225850105 0.94974207878113 0.0025117769837379 0.00088830315507948 0.2589305639267 5.478525054059e-05
0.039274796843529 -0.14794024825096 0.9497931599617 0.0019894225988537 0.00067342759575695 0.25884866714478 1.2405923371261e-05
0.036715716123581 -0.13835591077805 0.94980049133301 0.0018831369234249 0.00070056063123047 0.25924763083458 1.7346234017168e-05
0.034184880554676 -0.1287334561348 0.94980263710022 0.0018255269387737 0.00045987631892785 0.25891610980034 1.7122243662016e-05
0.031636476516724 -0.11914244294167 0.9498633146286 0.0016720957355574 0.00042903280700557 0.25858050584793 3.5032811865676e-05
0.029084101319313 -0.10953308641911 0.94978922605515 0.0016769772628322 0.00036723498487845 0.25894993543625 -8.196419912565e-06
0.026511762291193 -0.099949717521667 0.94977605342865 0.0015366383595392 0.00038027204573154 0.2593207359314 5.7020683016162e-05
0.023963708430529 -0.090350925922394 0.94985544681549 0.0014417236670852 0.00040161929791793 0.25972574949265 3.5200540878577e-05
0.021461579948664 -0.08077098429203 0.94988566637039 0.0012855164241046 0.00033059174893424 0.25970479846001 8.9471293904353e-05
0.01891702413559 -0.071158349514008 0.94994723796844 0.0016447874950245 0.0003891040396411 0.25906041264534 -5.3375874813355e-06
0.01635379716754 -0.061572402715683 0.94992280006409 0.001435061218217 0.00032294070115313 0.25952911376953 -3.3490778150735e-06
0.013816691935062 -0.051955983042717 0.94989520311356 0.0014823549427092 0.00036364991683513 0.25870952010155 7.4062008934561e-05
0.011307157576084 -0.042354822158813 0.94991475343704 0.0014679027954116 0.00039170036325231 0.25854748487473 0.00010215735528618
0.0087071470916271 -0.032764777541161 0.94989585876465 0.0016033634310588 0.00050388631643727 0.25923073291779 0.00010034138540505
0.0061699524521828 -0.023161426186562 0.94988304376602 0.0017505780560896 0.0003632441512309 0.25909516215324 3.3411459298804e-05
0.0036000162363052 -0.013576164841652 0.94989168643951 0.0017550576012582 0.00043611641740426 0.25940307974815 4.6172917791409e-06
0.0010715462267399 -0.0039708465337753 0.94996351003647 0.0015417911345139 0.00047294373507611 0.2589864730835 3.3498665288789e-05
-0.0015095099806786 0.0056425482034683 0.94992399215698 0.0016164637636393 0.00048383945249952 0.25902172923088 -1.2635409802897e-06
-0.0040390752255917 0.015232540667057 0.94996041059494 0.0014898910885677 0.00042315473547205 0.2591510117054 5.6209741160274e-05
-0.0065499804913998 0.02485253661871 0.94994795322418 0.0015548163792118 0.00046990785631351 0.25893250107765 5.8394813095219e-05
-0.0091114342212677 0.034427538514137 0.9499603509903 0.00152589881327 0.000441956857685 0.25875195860863 1.3657304407388e-05
-0.011658623814583 0.044041097164154 0.94996249675751 0.001592556363903 0.00033675762824714 0.25849613547325 6.5716027165763e-05
-0.014189349487424 0.053637586534023 0.94996309280396 0.001286915387027 0.00047223130241036 0.25892660021782 1.5978886949597e-05
-0.016754837706685 0.063234463334084 0.9499539732933 0.0012087048962712 0.00038293027319014 0.25870874524117 0.00012886048352811
-0.019293077290058 0.072833448648453 0.94996577501297 0.001422320608981 0.00030428473837674 0.25897783041 0.00010417704470456
-0.02183891274035 0.082430154085159 0.94996881484985 0.0013962141238153 0.00033714572782628 0.25908267498016 3.5962159017799e-05
-0.024402650073171 0.092029720544815 0.94996684789658 0.0013392309192568 0.00025641845422797 0.25903603434563 2.4150183890015e-05
-0.026968758553267 0.10160034894943 0.94996958971024 0.0012216813629493 0.00046152711729519 0.2595092356205 9.8118594905827e-05
-0.029492534697056 0.11123035848141 0.94997543096542 0.0011942674173042 0.0002914845244959 0.25879228115082 8.701366459718e-05
-0.032044410705566 0.12082621455193 0.94997996091843 0.0010582149261609 0.00049355265218765 0.25914919376373 2.4837301680236e-05
-0.034587606787682 0.13042984902859 0.94998723268509 0.0011158263077959 0.00029087683651596 0.25907403230667 4.5618398871738e-05
-0.03714307025075 0.14002488553524 0.94996476173401 0.0010883817449212 0.00025408042711206 0.25942876935005 4.1926982703444e-06
-0.039692390710115 0.14961791038513 0.94998502731323 0.0010323817841709 0.0002760382485576 0.25940907001495 2.9750775865978e-05
-0.042240645736456 0.15922018885612 0.94998353719711 0.0011158116394654 0.00026627804618329 0.25863426923752 3.061172174057e-05
-0.044791895896196 0.16883033514023 0.94997900724411 0.0010446038795635 0.0002757165057119 0.2588666677475 4.3066040234407e-05
-0.047354854643345 0.1784220635891 0.94997012615204 0.00087285396875814 0.00032267026836053 0.25927186012268 -4.6488694351865e-06
-0.049881659448147 0.18801817297935 0.94999784231186 0.00090015202295035 0.00039503493462689 0.25923219323158 1.7435871995986e-05
-0.052427902817726 0.19759663939476 0.94999200105667 0.00097694806754589 0.00035098288208246 0.25918459892273 4.2540159483906e-05
-0.054971650242805 0.2072466313839 0.9499883055687 0.0009364650468342 0.00029609416378662 0.25815060734749 1.3193044651416e-05
-0.057514563202858 0.21681401133537 0.94999301433563 0.001104959170334 0.00027075002435595 0.2585161626339 -2.5846102289506e-05
-0.060070209205151 0.22641777992249 0.94999539852142 0.0010378871811554 0.00018927916244138 0.25869676470757 9.9129283626098e-05
-0.062636986374855 0.23600742220879 0.94998061656952 0.00078681390732527 0.00042627466609702 0.2591600716114 6.4999541791622e-05
