0.042164418846369 0.22068735957146 -1.7461256980896 -1.6170170307159 -1.4453282356262 0.00015946083294693 8.6668340372853e-05
0.065076917409897 0.21292731165886 -1.7556335926056 -1.5997242927551 -1.3744921684265 0.00024719885550439 7.3000905103981e-05
0.087128728628159 0.20366904139519 -1.763840675354 -1.5822348594666 -1.3043446540833 0.00028057745657861 5.7586217735661e-05
0.10812386870384 0.19288393855095 -1.7707087993622 -1.5646183490753 -1.2353827953339 0.00035067251883447 -1.1368231753295e-05
0.12806949019432 0.1804995238781 -1.7762396335602 -1.5466742515564 -1.1672630310059 0.0003392284270376 1.6749290807638e-05
0.14687260985374 0.16665169596672 -1.7803883552551 -1.5287475585938 -1.1003823280334 0.00051851919852197 4.7019941121107e-05
0.16459426283836 0.15134188532829 -1.7830982208252 -1.5107185840607 -1.0341579914093 0.00057097128592432 4.2222054617014e-05
0.180962651968 0.13457438349724 -1.7844088077545 -1.4927778244019 -0.96978783607483 0.00063296011649072 0.00010483544610906
0.19621381163597 0.11659142374992 -1.7842991352081 -1.4748268127441 -0.90633177757263 0.00064058951102197 4.7043966333149e-05
0.21018227934837 0.097341030836105 -1.782778263092 -1.45716547966 -0.8444676399231 0.00075741461478174 3.4576249163365e-05
0.22297248244286 0.076798886060715 -1.7797157764435 -1.4398345947266 -0.78357291221619 0.00084562948904932 2.6925132260658e-05
0.23462828993797 0.055183857679367 -1.7751777172089 -1.4228336811066 -0.72365427017212 0.00090618780814111 4.6126227971399e-05
0.2451020181179 0.032562702894211 -1.7692694664001 -1.40616106987 -0.66513180732727 0.00097819021902978 1.5639368939446e-05
0.2544809281826 0.0091156661510468 -1.7618870735168 -1.3900284767151 -0.60764479637146 0.0010263507720083 2.9033839382464e-05
0.26283368468285 -0.015418082475662 -1.7530250549316 -1.3745541572571 -0.55112314224243 0.0011050289031118 8.6670719610993e-05
0.27007159590721 -0.040498048067093 -1.7428364753723 -1.3596017360687 -0.49602484703064 0.0012452190276235 5.5081505706767e-05
0.27642402052879 -0.066474229097366 -1.7311525344849 -1.3453772068024 -0.44141840934753 0.0013491695281118 -1.1186520168849e-05
0.2818098962307 -0.093018084764481 -1.7181529998779 -1.3318483829498 -0.38802480697632 0.0013358180876821 6.2530411923944e-06
0.28630599379539 -0.12001207470894 -1.7038114070892 -1.3190965652466 -0.33548879623413 0.0012695377226919 2.5601906600059e-05
0.28999146819115 -0.14740160107613 -1.6882295608521 -1.307080745697 -0.2840461730957 0.0011355464812368 -2.764240889519e-05
0.29288157820702 -0.17556336522102 -1.671204328537 -1.295835018158 -0.23290109634399 0.00092716864310205 8.3983140939381e-05
0.29501828551292 -0.2037208378315 -1.6530420780182 -1.2852432727814 -0.18268203735352 0.00035067251883447 5.9405017964309e-05
0.29647645354271 -0.23215654492378 -1.6337745189667 -1.2751886844635 -0.13333177566528 -0.00064091035164893 7.1615235356148e-05
0.29724559187889 -0.26076057553291 -1.613353729248 -1.2655041217804 -0.084543943405151 -0.0019061977509409 4.0932060073828e-05
0.29745301604271 -0.28950408101082 -1.591953754425 -1.2561912536621 -0.036218404769897 -0.0040285997092724 6.8045861553401e-05
0.29705008864403 -0.31810286641121 -1.5695791244507 -1.2471063137054 0.011109828948975 -0.0066924504935741 -2.2499386886921e-06
0.29610595107079 -0.34693244099617 -1.5461456775665 -1.2384037971497 0.058528900146484 -0.010019104927778 6.9051449827384e-05
0.29467210173607 -0.37578895688057 -1.5216789245605 -1.2308166027069 0.10483598709106 -0.013330738991499 6.8085828388575e-05
0.29275807738304 -0.4049988090992 -1.4957880973816 -1.2252237796783 0.15097999572754 -0.015679400414228 0.00012292487372179
0.29041346907616 -0.43448570370674 -1.4684684276581 -1.2222294807434 0.1965126991272 -0.016438525170088 -1.3080240023555e-05
0.28762969374657 -0.46452811360359 -1.4395463466644 -1.2221848964691 0.24181127548218 -0.015163939446211 5.7102033679257e-06
0.28450831770897 -0.49500492215157 -1.4092590808868 -1.2245297431946 0.28656435012817 -0.012836735695601 6.5888225435629e-06
0.28102311491966 -0.52564454078674 -1.3777935504913 -1.2280955314636 0.33115339279175 -0.0099993161857128 9.6431756446691e-07
0.27717551589012 -0.55635023117065 -1.3454716205597 -1.2320485115051 0.37548923492432 -0.0075629167258739 3.7359317502705e-05
0.27306279540062 -0.58687281608582 -1.3123404979706 -1.2362985610962 0.41925954818726 -0.0059895925223827 1.7164404198411e-05
0.26866540312767 -0.61727976799011 -1.2784831523895 -1.2407491207123 0.46276521682739 -0.0048206262290478 0.00012356972729322
0.26400956511497 -0.64778566360474 -1.2437660694122 -1.2456481456757 0.50596952438354 -0.0042422227561474 -4.8133125574168e-07
0.25912436842918 -0.67839431762695 -1.2079486846924 -1.2514140605927 0.54903936386108 -0.0037177018821239 4.2509625927778e-05
0.25396212935448 -0.709068775177 -1.1710851192474 -1.2579703330994 0.59214305877686 -0.0032549314200878 5.9785281337099e-05
0.2486797273159 -0.73988842964172 -1.1333999633789 -1.2651474475861 0.63474178314209 -0.0029259137809277 5.7233599363826e-05
0.24315509200096 -0.77084875106812 -1.0944428443909 -1.2734696865082 0.67720937728882 -0.0026917867362499 -3.7080920378685e-07
0.23747786879539 -0.80183100700378 -1.0544502735138 -1.2824921607971 0.71954393386841 -0.0025124959647655 -9.2397458502091e-06
0.23166045546532 -0.83330869674683 -1.0132880210876 -1.2924113273621 0.76174783706665 -0.0021644048392773 4.9839854909806e-05
0.22572097182274 -0.8650209903717 -0.97090530395508 -1.3032734394073 0.80354595184326 -0.0021198205649853 2.4081646188279e-05
0.21968802809715 -0.8968620300293 -0.92726063728333 -1.3149707317352 0.84522390365601 -0.0020606927573681 5.2269810112193e-05
0.21346768736839 -0.92932605743408 -0.88185000419617 -1.3278667926788 0.88720369338989 -0.0019166879355907 1.6517140011274e-06
0.20717868208885 -0.96262407302856 -0.83468770980835 -1.3419890403748 0.92915344238281 -0.0019562654197216 5.5136941227829e-05
0.20084485411644 -0.99620389938354 -0.78573441505432 -1.3572030067444 0.97066783905029 -0.0018001012504101 -4.5230804971652e-05
0.19444140791893 -1.0303704738617 -0.73461604118347 -1.3737726211548 1.012104511261 -0.0018015317618847 9.1073216026416e-06
0.18799886107445 -1.0661363601685 -0.6807963848114 -1.3918936252594 1.0533676147461 -0.0018222741782665 4.0930928662419e-05
0.18150672316551 -1.1031520366669 -0.62356853485107 -1.411937713623 1.094865322113 -0.0017822198569775 3.9131296944106e-05
0.17500600218773 -1.1415576934814 -0.56240272521973 -1.4340634346008 1.1359276771545 -0.0019038133323193 1.3225808288553e-05
0.16847476363182 -1.1826343536377 -0.49567675590515 -1.4589898586273 1.1770696640015 -0.0021067075431347 0.00011696949513862
0.16196021437645 -1.2268455028534 -0.42101502418518 -1.4878475666046 1.2181925773621 -0.0023799352347851 3.902332537109e-05
0.15557441115379 -1.2766854763031 -0.33493375778198 -1.5217504501343 1.2585015296936 -0.0028648786246777 0.00010349303192925
0.14949712157249 -1.3340816497803 -0.23048877716064 -1.5622098445892 1.2970881462097 -0.0041890554130077 2.6300111130695e-05
0.14442881941795 -1.4008166790009 -0.10217022895813 -1.6032562255859 1.3301463127136 -0.00849274918437 -3.5433527045825e-06
0.14119347929955 -1.4457316398621 -0.0094959735870361 -1.6018245220184 1.3529243469238 -0.018214266747236 6.5791689848993e-05
0.13765010237694 -1.4516513347626 0.0036113262176514 -1.5519165992737 1.3775501251221 -0.02743748947978 -1.6819598386064e-05
0.13154086470604 -1.455409526825 -0.0068438053131104 -1.5866949558258 1.4058194160461 -0.015698235481977 -2.1891182768741e-05
0.12430104613304 -1.4595453739166 -0.026607990264893 -1.6560816764832 1.4360203742981 -0.0002780370414257 1.2932559002365e-05
0.11970099806786 -1.3771011829376 -0.21519207954407 -1.6038269996643 1.4503717422485 0.0069133825600147 -1.613732365513e-06
0.12044581770897 -1.2679471969604 -0.42463421821594 -1.4599668979645 1.4352507591248 0.001831728965044 0.00010106364061357
0.11895045638084 -1.2158231735229 -0.52926182746887 -1.4022266864777 1.4320464134216 0.001031119376421 5.3165698773228e-05
0.11723765730858 -1.1738636493683 -0.61390590667725 -1.3581783771515 1.429949760437 0.00070162490010262 1.3408487120614e-06
0.11543473601341 -1.1369209289551 -0.68795466423035 -1.320042848587 1.4277367591858 0.0006687231361866 1.942134622368e-05
0.11359176039696 -1.1038722991943 -0.75471830368042 -1.2860689163208 1.4257297515869 0.00044985488057137 3.3472517770861e-06
0.11167249083519 -1.0733053684235 -0.81612157821655 -1.2549290657043 1.4237141609192 0.00064202025532722 5.478525054059e-05
0.10969123244286 -1.0445265769958 -0.87336921691895 -1.2260496616364 1.4215846061707 0.00050516799092293 1.2405923371261e-05
0.10763511061668 -1.017484664917 -0.92717123031616 -1.1991024017334 1.4197773933411 0.00043507292866707 1.7346234017168e-05
0.10561141371727 -0.99170541763306 -0.97828245162964 -1.1736071109772 1.4172825813293 0.00050183013081551 1.7122243662016e-05
0.10341128706932 -0.96711158752441 -1.0267791748047 -1.1495132446289 1.4153485298157 0.0004393644630909 3.5032811865676e-05
0.10124692320824 -0.94362688064575 -1.073385477066 -1.1263687610626 1.4130635261536 0.00033493712544441 -8.196419912565e-06
0.098914712667465 -0.92094421386719 -1.1180942058563 -1.1042654514313 1.4109301567078 0.00033589079976082 5.7020683016162e-05
0.096674054861069 -0.89879727363586 -1.1612565517426 -1.083099603653 1.4080219268799 0.00040169432759285 3.5200540878577e-05
0.09428796172142 -0.8775053024292 -1.2030003070831 -1.0624856948853 1.4056277275085 0.0002715177834034 8.9471293904353e-05
0.09177502989769 -0.85690784454346 -1.2431755065918 -1.0432662963867 1.4033575057983 0.00035496428608894 -5.3375874813355e-06
0.089178651571274 -0.83671283721924 -1.2824635505676 -1.0239124298096 1.4010076522827 0.0002114363014698 -3.3490778150735e-06
0.086509793996811 -0.8171489238739 -1.3205208778381 -1.0057015419006 1.3986487388611 0.00038023665547371 7.4062008934561e-05
0.083881467580795 -0.79786157608032 -1.357738494873 -0.98768019676208 1.3956484794617 0.00045605376362801 0.00010215735528618
0.08111771941185 -0.77911281585693 -1.3940315246582 -0.97027254104614 1.3926587104797 0.00045128539204597 0.00010034138540505
0.078204244375229 -0.76069521903992 -1.4293785095215 -0.95351600646973 1.3899426460266 0.00039168074727058 3.3411459298804e-05
0.075199693441391 -0.74262380599976 -1.4640443325043 -0.93689107894897 1.3870658874512 0.00046559050679207 4.6172917791409e-06
0.072126477956772 -0.72464156150818 -1.4980683326721 -0.92058992385864 1.3837556838989 0.00039644911885262 3.3498665288789e-05
0.068918317556381 -0.70717716217041 -1.5313336849213 -0.90485668182373 1.3806891441345 0.00051327422261238 -1.2635409802897e-06
0.065659612417221 -0.68984961509705 -1.5640151500702 -0.88934946060181 1.3773007392883 0.00046415999531746 5.6209741160274e-05
0.06235083937645 -0.67287588119507 -1.5961065292358 -0.87422680854797 1.3739533424377 0.00046463683247566 5.8394813095219e-05
0.058795541524887 -0.65610504150391 -1.6275203227997 -0.85952138900757 1.3704981803894 0.00040503218770027 1.3657304407388e-05
0.05522546172142 -0.63954591751099 -1.6584794521332 -0.84520769119263 1.3668913841248 0.00038023665547371 6.5716027165763e-05
0.051430314779282 -0.62317323684692 -1.688930273056 -0.83095812797546 1.3633003234863 0.00044890120625496 1.5978886949597e-05
0.047502130270004 -0.60703897476196 -1.7188510894775 -0.81721091270447 1.3594222068787 0.00046034529805183 0.00012886048352811
0.043539136648178 -0.59103965759277 -1.748368024826 -0.80369758605957 1.3551745414734 0.00029249861836433 0.00010417704470456
0.039342969655991 -0.57521557807922 -1.7773680686951 -0.79050707817078 1.3510084152222 0.00033970549702644 3.5962159017799e-05
0.035008996725082 -0.55951023101807 -1.8060207366943 -0.777428150177 1.3466553688049 0.00043650344014168 2.4150183890015e-05
0.030579656362534 -0.5440137386322 -1.8341970443726 -0.76475858688354 1.3418321609497 0.00040264800190926 9.8118594905827e-05
0.025789827108383 -0.52858996391296 -1.8619482517242 -0.75231862068176 1.3376069068909 0.00039883330464363 8.701366459718e-05
0.02095565199852 -0.51332640647888 -1.8893563747406 -0.74017596244812 1.3326497077942 0.00054283812642097 2.4837301680236e-05
0.01597461104393 -0.49816751480103 -1.9163842201233 -0.72830748558044 1.3274149894714 0.00045891478657722 4.5618398871738e-05
0.010677427053452 -0.483158826828 -1.9430618286133 -0.71664357185364 1.3221545219421 0.00032635405659676 4.1926982703444e-06
0.0051656663417816 -0.46821236610413 -1.9693002700806 -0.70523142814636 1.3166766166687 0.00036593154072762 2.9750775865978e-05
-0.00063410401344299 -0.45344042778015 -1.9951779842377 -0.69416666030884 1.3111324310303 0.00033398345112801 3.061172174057e-05
-0.0065664350986481 -0.43866777420044 -2.0207707881927 -0.68332409858704 1.3050131797791 0.00037642195820808 4.3066040234407e-05
-0.012792736291885 -0.42403173446655 -2.0460114479065 -0.6726598739624 1.2987604141235 0.00040837004780769 -4.6488694351865e-06
-0.019319921731949 -0.40946364402771 -2.0708634853363 -0.6624219417572 1.2923846244812 0.00050469115376472 1.7435871995986e-05
-0.026137739419937 -0.39500880241394 -2.0954096317291 -0.6522843837738 1.2854695320129 0.00047751143574715 4.2540159483906e-05
-0.033382803201675 -0.38062810897827 -2.1195845603943 -0.64246344566345 1.2785968780518 0.00043268874287605 1.3193044651416e-05
-0.040760904550552 -0.36630797386169 -2.1434435844421 -0.63302636146545 1.270881652832 0.00055237486958504 -2.5846102289506e-05
-0.048689275979996 -0.35204267501831 -2.1669313907623 -0.62374973297119 1.2632279396057 0.00042648985981941 9.9129283626098e-05
-0.056786209344864 -0.33779573440552 -2.1901886463165 -0.614661693573 1.2546744346619 0.0005309171974659 6.4999541791622e-05
