1.123360604538e-07 1.1956744572217e-07 0.91483891010284
3.1977106118575e-07 2.343700629126e-07 0.91483891010284
-2.6580769940665e-07 1.39880057759e-07 0.91483891010284
-1.0298447250534e-07 2.885767855787e-07 0.91483891010284
-3.1704860248283e-07 3.2931524174273e-07 0.91483920812607
2.2751137862542e-08 2.4178117996598e-07 0.91483938694
-8.5725162080053e-08 5.3123517318454e-07 0.91483950614929
9.3465104100687e-08 5.4753460432266e-08 0.91483962535858
-2.6579979817143e-07 -2.058321797449e-07 0.91483968496323
-4.4982701297158e-07 -3.4969147577613e-08 0.91483980417252
-2.7722984441425e-07 -6.4865773197198e-08 0.91483998298645
-1.6784342449228e-07 1.6135530245265e-07 0.91483998298645
-4.7559004201503e-07 2.8991394174227e-07 0.91484034061432
-6.4766351215439e-07 7.8239332879093e-07 0.91484034061432
-2.727372532263e-07 6.2389716504185e-07 0.91484051942825
-4.629743273199e-07 6.2120705024427e-07 0.9148405790329
8.0007261260562e-08 2.2640364250037e-07 0.91484034061432
2.6104217454304e-07 -1.1384029363626e-07 0.91484028100967
7.5167079671701e-08 -5.3447558912012e-07 0.91484034061432
-2.7136414360029e-07 -3.9272822505154e-07 0.91484028100967
-5.425522999758e-07 -2.2719291337125e-07 0.91484028100967
-5.8023601923196e-07 -3.579912117857e-07 0.91484016180038
-6.3096229041548e-07 -3.3190909221048e-07 0.91484051942825
-8.7230620238188e-07 -2.7523907419891e-07 0.91484063863754
-8.6926883113847e-07 -2.1304400377176e-07 0.91484081745148
-4.9375159960618e-07 -6.491722501778e-07 0.91484069824219
-1.9772772930082e-07 -5.0700623432931e-07 0.91484069824219
-9.6122455772729e-08 -9.0593324841848e-08 0.91484051942825
-6.6428881950742e-08 -1.0580939147076e-07 0.91484081745148
-3.2532597060708e-07 2.2625161477663e-07 0.91484099626541
-4.4356177397731e-08 3.278775295712e-07 0.91484093666077
7.2296984399145e-07 7.630775371581e-07 0.91484099626541
7.0930207130004e-07 7.8124497804311e-07 0.91484117507935
3.7722602996837e-07 9.1687104486482e-07 0.91484123468399
5.080963205728e-07 7.7344657256617e-07 0.91484123468399
2.1464474286859e-07 5.2873605227433e-07 0.91484141349792
1.6609311614957e-07 7.6075747301729e-07 0.91484141349792
1.9439882237293e-07 8.093529118014e-07 0.91484159231186
-1.1433728275279e-07 6.8390585283851e-07 0.91484189033508
-4.0652500388205e-07 7.8959311622384e-07 0.91484212875366
-3.7311713185773e-07 1.0129359679922e-06 0.91484212875366
-2.7054085194322e-07 1.1925227454412e-06 0.9148423075676
-4.0031042658484e-07 1.1141896720801e-06 0.91484224796295
4.2044611348047e-08 1.0156254575122e-06 0.91484236717224
-2.4164728529286e-07 1.1428677453296e-06 0.91484236717224
-3.7588293366753e-07 9.4169541853262e-07 0.91484260559082
4.4579522295862e-08 8.789885441729e-07 0.91484266519547
-3.93474010707e-07 8.2773186704799e-07 0.91484260559082
-7.0404047392003e-07 4.901522174805e-07 0.91484260559082
-2.2307834512958e-07 4.0333054585062e-07 0.91484290361404
-3.0291317898445e-07 5.2613995649153e-07 0.91484278440475
-6.1774272808179e-07 4.7343473852379e-07 0.91484308242798
-2.3630687451259e-07 5.832291662955e-07 0.91484314203262
-6.0995967032795e-07 7.2123185645978e-07 0.91484314203262
-7.3531714406272e-07 5.9632952797983e-07 0.91484326124191
-7.0652322392561e-07 5.188373393139e-07 0.91484349966049
-6.5651954628265e-07 6.057329073883e-07 0.91484367847443
-9.3545196477862e-07 9.5187294846255e-07 0.91484367847443
-8.4146387280271e-07 1.0551577815932e-06 0.91484355926514
-1.2830672631026e-06 6.7512348778109e-07 0.91484397649765
-1.3016082220929e-06 6.5718325004127e-07 0.91484397649765
-1.2819023140764e-06 7.6324448627929e-07 0.91484409570694
-1.5218603266476e-06 1.0871682434299e-06 0.91484427452087
-1.3255415751701e-06 1.0280720061928e-06 0.91484433412552
-1.4542501958204e-06 9.9743886039505e-07 0.91484463214874
-1.2336857935225e-06 9.5480913842039e-07 0.91484469175339
-1.4338016853799e-06 8.1477276125952e-07 0.91484481096268
-1.5614958783772e-06 7.3306563308506e-07 0.91484487056732
-1.6054900697782e-06 6.7059312414131e-07 0.91484463214874
-2.2019078187441e-06 5.4874629995538e-07 0.91484493017197
-2.369981530137e-06 5.4229030865827e-07 0.91484487056732
-2.3834854800953e-06 6.3686309204058e-07 0.91484481096268
-2.3131906345952e-06 4.6624427341158e-07 0.91484469175339
-2.1179016584938e-06 2.6443566980561e-07 0.91484487056732
-2.0568861600623e-06 3.6321910101833e-07 0.9148451089859
-0.00062855257419869 0.0056900205090642 0.91489380598068
-0.0017820704961196 0.015669908374548 0.91500020027161
-0.0029505682177842 0.025621976703405 0.91525053977966
-0.0042102257721126 0.035624410957098 0.91528117656708
-0.0053568547591567 0.045566495507956 0.91528314352036
-0.0065243085846305 0.055564634501934 0.91522842645645
-0.0076673156581819 0.065550647675991 0.91518545150757
-0.0088742384687066 0.075487978756428 0.91513699293137
-0.0107685290277 0.085372269153595 0.91522163152695
-0.01335287746042 0.094981856644154 0.91524171829224
-0.015756599605083 0.10451830923557 0.91531693935394
-0.018223730847239 0.11419235169888 0.91535353660583
-0.02075163833797 0.12376774102449 0.91537511348724
-0.023142136633396 0.13344095647335 0.91545033454895
-0.025921674445271 0.14294181764126 0.91548383235931
-0.028244314715266 0.15262392163277 0.91554421186447
-0.030914507806301 0.16223861277103 0.91554301977158
-0.033329419791698 0.17186370491982 0.9156014919281
-0.035706281661987 0.18155609071255 0.91568022966385
-0.038497935980558 0.19097253680229 0.91570848226547
-0.040990341454744 0.2005680501461 0.91575241088867
-0.043311156332493 0.2103278785944 0.91577631235123
-0.046168953180313 0.21979309618473 0.91588830947876
-0.04847701638937 0.22954045236111 0.9159117937088
-0.050904672592878 0.23908786475658 0.91593492031097
-0.053404308855534 0.24870690703392 0.91596579551697
-0.055977039039135 0.25830546021461 0.91602098941803
-0.05871744081378 0.26785919070244 0.91605043411255
-0.061114117503166 0.27748546004295 0.91609442234039
-0.063663884997368 0.28704315423965 0.91616004705429
-0.065757043659687 0.2968567609787 0.91640043258667
-0.068372324109077 0.3064814209938 0.9164662361145
-0.071140833199024 0.31596830487251 0.91644060611725
-0.073752336204052 0.32550498843193 0.91647237539291
