9.7267329692841e-05 0.049268990755081 1.2972847223282 0.0011992944637313 3.1580642826157e-05 3.05930519104 -1.7997263057623e-05
0.005535252392292 0.045253425836563 1.2887804508209 0.0012055350234732 -6.6290893300902e-05 3.0110895633698 8.4795952716377e-05
0.011004116386175 0.04126401245594 1.2802733182907 0.0013086328981444 -0.00031713460339233 2.9631323814392 8.2105516412412e-06
0.01641608029604 0.037268236279488 1.2717742919922 0.0012905314797536 -0.00026142573915422 2.9145381450653 4.585126589518e-06
0.021848034113646 0.033272072672844 1.2632859945297 0.0012430413626134 -0.00042205650242977 2.866352558136 -8.3946642916999e-06
0.027294829487801 0.02928414940834 1.2547829151154 0.0012366098817438 -0.0003999286564067 2.8184716701508 3.5693730751518e-05
0.032754622399807 0.025286450982094 1.2462780475616 0.0012925143819302 -0.0005257175071165 2.7699596881866 4.4245971366763e-06
0.038190893828869 0.021281391382217 1.2377589941025 0.0012677970807999 -0.00064523069886491 2.721732378006 3.0219758627936e-05
0.043627992272377 0.017278492450714 1.2292693853378 0.0012905530165881 -0.00071468931855634 2.6739044189453 -1.2085230082448e-05
0.049074940383434 0.013264983892441 1.2207287549973 0.0013519426574931 -0.00085185188800097 2.6252434253693 -2.958959339594e-05
0.054518520832062 0.0092658251523972 1.2122453451157 0.0013729768106714 -0.00093830615514889 2.5777194499969 4.2727264371933e-05
0.05996698141098 0.0052823945879936 1.2037522792816 0.0013626286527142 -0.0011284148786217 2.5292749404907 1.4597820154449e-05
0.065395668148994 0.0012842044234276 1.1952465772629 0.0013808688381687 -0.0010745531180874 2.4813690185547 -3.3640164929238e-06
0.070848301053047 -0.0027057379484177 1.1867396831512 0.0013233125209808 -0.0013050250709057 2.4333910942078 -4.3571806600085e-05
0.076299145817757 -0.0067287757992744 1.1782338619232 0.001434764242731 -0.0013837427832186 2.3854236602783 1.5431660358445e-05
0.081730216741562 -0.010700717568398 1.1697571277618 0.0012695726472884 -0.0014802169753239 2.3368175029755 1.0229990039079e-05
0.087193801999092 -0.014728896319866 1.1612190008163 0.0012597093591467 -0.0015048865461722 2.2889933586121 8.1134981883224e-05
0.092632278800011 -0.018716156482697 1.1527053117752 0.0011959149269387 -0.0014282810734585 2.2409024238586 6.0758597101085e-05
0.098066434264183 -0.022696614265442 1.1442337036133 0.00099468568805605 -0.0013097143964842 2.1929059028625 -6.3881657297316e-06
0.10351397097111 -0.026709478348494 1.1357181072235 0.00084589020116255 -0.00083463278133422 2.1447474956512 -1.8089392597176e-06
0.10894645750523 -0.030714470893145 1.1272112131119 0.0002018429513555 -0.00044091511517763 2.0970828533173 -2.8625185223063e-05
0.11438748240471 -0.034712694585323 1.1186883449554 -8.2128994108643e-05 0.00037058122688904 2.0487432479858 8.2839560491266e-06
0.11983877420425 -0.038710467517376 1.1101841926575 -0.00060423591639847 0.0012604392832145 2.0007972717285 6.7077067797072e-05
0.12529143691063 -0.042700972408056 1.1016759872437 -0.00073710194556043 0.0018341721734032 1.9525030851364 9.2607069746009e-06
0.13071581721306 -0.046708390116692 1.0931664705276 -0.00082152744289488 0.0018841167911887 1.9043312072754 0.00011379534407752
0.13618278503418 -0.050702426582575 1.0846344232559 -0.00041598995449021 0.0014180701691657 1.8563516139984 2.8265412765904e-05
0.14160028100014 -0.054698891937733 1.0761581659317 -7.7121469075792e-05 0.00056674476945773 1.8084248304367 4.8076992243296e-05
0.14707493782043 -0.05872593075037 1.0676250457764 0.00018805790750775 -0.00034957757452503 1.761274933815 6.9003112912469e-07
0.15250813961029 -0.062712743878365 1.0591295957565 0.00019655982032418 -0.0010767969070002 1.7126805782318 7.5065021519549e-05
0.15794005990028 -0.066685721278191 1.0506316423416 0.00051163393072784 -0.0011872496688738 1.6646875143051 2.1221952920314e-05
0.16339381039143 -0.070696763694286 1.0421047210693 0.00059451814740896 -0.0011818101629615 1.6166038513184 9.3828013632447e-05
0.1688342243433 -0.074712581932545 1.0336012840271 0.00047428713878617 -0.0013310664799064 1.5689091682434 -2.9466542400769e-05
0.17426909506321 -0.078696884214878 1.0250794887543 0.00039667816599831 -0.0013165454147384 1.5203907489777 4.4630593038164e-05
0.17969790101051 -0.082665964961052 1.0165985822678 0.00036534696118906 -0.0013993384782225 1.4722003936768 0.0001040831048158
0.18515428900719 -0.086669743061066 1.0081415176392 0.00020272354595363 -0.0013189733726904 1.424641251564 6.3105121625995e-06
0.19059759378433 -0.090692363679409 0.99956786632538 0.00016410929674748 -0.0012407830217853 1.3764925003052 1.3874338947062e-05
0.19604176282883 -0.094681918621063 0.99104940891266 9.334728383692e-05 -0.0011963596334681 1.328573346138 -1.0988315807481e-05
0.20149421691895 -0.098701432347298 0.9825519323349 2.8380680305418e-05 -0.0012393161887303 1.2804563045502 1.4299958820629e-05
0.20693004131317 -0.10269716382027 0.97404408454895 -7.6329568400979e-05 -0.0011733717983589 1.2327514886856 0.00012207715190016
0.21236473321915 -0.10668577253819 0.96558845043182 -0.00014907705190126 -0.0013396780705079 1.184624671936 -1.3537077393266e-05
0.21782091259956 -0.11068011820316 0.95700526237488 2.3037273422233e-05 -0.0013360037701204 1.1357944011688 3.828780609183e-05
0.22035239636898 -0.11298017203808 0.94992220401764 0.0012828123290092 0.0006239116191864 1.09676861763 8.4934537881054e-05
0.21079754829407 -0.10808344185352 0.94978106021881 0.0010187313891947 0.001628493075259 1.0961730480194 1.5392821524074e-06
0.2011920362711 -0.10316728055477 0.94982141256332 0.00069417752092704 0.0014357687905431 1.0962122678757 2.5057481252588e-05
0.19158391654491 -0.098226144909859 0.94989252090454 0.00057645904598758 0.0014577684924006 1.0961302518845 4.4235589484742e-06
0.18200066685677 -0.093336090445518 0.94982039928436 0.00077860831515864 0.001425389200449 1.0963193178177 3.472838216112e-05
0.17239864170551 -0.088389426469803 0.94989806413651 0.00082243513315916 0.0015685011167079 1.0960881710052 0.00010728831693996
0.16279479861259 -0.083467483520508 0.94990706443787 0.00061623123474419 0.0014670061646029 1.0960937738419 -3.0542574677384e-05
0.15319456160069 -0.078553348779678 0.94985747337341 0.00091230409452692 0.001547992345877 1.0959939956665 8.8037340901792e-05
0.14359346032143 -0.073624491691589 0.94986253976822 0.00095283088739961 0.001405511982739 1.0963317155838 3.0170978789101e-05
0.1339952647686 -0.06870673596859 0.94988524913788 0.00077867798972875 0.0014289480168372 1.0960103273392 -2.0441939341254e-05
0.12440150976181 -0.063770830631256 0.94986683130264 0.0010530651779845 0.0016113884048536 1.0950018167496 4.198437454761e-05
0.11480265110731 -0.05885936319828 0.94987040758133 0.00082122086314484 0.0015409911284223 1.0956658124924 2.1268783712003e-06
0.10520278662443 -0.053923234343529 0.94991904497147 0.00070965784834698 0.0013167017605156 1.096090555191 6.9724366767332e-05
0.095586270093918 -0.049023382365704 0.94989955425262 0.00079410540638492 0.0014748789835721 1.0956729650497 1.4433692740567e-05
0.086004473268986 -0.044097766280174 0.94991046190262 0.00084479269571602 0.0015802846755832 1.0958033800125 6.9509784225374e-05
0.076454140245914 -0.039189480245113 0.9499471783638 0.00076437334064394 0.0015781425172463 1.0957324504852 0.00017202500021085
0.066835261881351 -0.034271195530891 0.9499568939209 0.00083896156866103 0.0014728229725733 1.0960417985916 -6.0179863794474e-06
0.057234205305576 -0.02935503423214 0.94995725154877 0.00071178993675858 0.0015300234081224 1.0959334373474 -2.261789268232e-05
0.047632358968258 -0.024420782923698 0.94996124505997 0.00064117461442947 0.0015145918587223 1.0959507226944 2.4617649614811e-05
0.038044288754463 -0.019493170082569 0.94993591308594 0.00067972240503877 0.0014250711537898 1.0958683490753 1.1932957022509e-05
0.028463549911976 -0.014590717852116 0.94997090101242 0.00058685609837994 0.001474606920965 1.0962462425232 5.9918679653492e-06
0.018840454518795 -0.0096399635076523 0.94995045661926 0.00074575142934918 0.0014013706240803 1.0956511497498 0.000127207415062
0.0092494115233421 -0.004739984869957 0.9499626159668 0.00058095465647057 0.0014976222300902 1.0957938432693 7.7091674029361e-05
-0.00035087764263153 0.00019450485706329 0.94996529817581 0.0005333480075933 0.0013712479267269 1.0962203741074 -6.3803777266003e-06
-0.00997593998909 0.0051019638776779 0.94995951652527 0.00055467069614679 0.0012584116775542 1.0957802534103 4.0093200368574e-05
-0.01953749358654 0.010041788220406 0.94997179508209 0.00054865615675226 0.0014868042198941 1.0954420566559 0.00010420424951008
-0.029153347015381 0.014966703951359 0.94999665021896 0.00061797193484381 0.0014046360738575 1.0955866575241 -2.5373394237249e-05
-0.03874497115612 0.019888021051884 0.94995546340942 0.00069211318623275 0.0013813953846693 1.0956157445908 3.5520627079677e-06
-0.048354938626289 0.024797070771456 0.94995677471161 0.00077596254413947 0.0013542878441513 1.0954496860504 -2.2375052139978e-05
-0.057951711118221 0.029731296002865 0.9499608874321 0.00055209506535903 0.0012404989684001 1.0963107347488 4.954615724273e-05
-0.067556291818619 0.034630909562111 0.94996988773346 0.00064887019107118 0.0012874435633421 1.0961276292801 1.2223333214934e-05
-0.077159374952316 0.039595182985067 0.94995695352554 0.00058500573504716 0.0011864430271089 1.0956956148148 8.182702731574e-05
-0.086755074560642 0.044497840106487 0.94996786117554 0.00063169852364808 0.0012533775297925 1.0957560539246 -3.6085817555431e-05
-0.096359275281429 0.049431055784225 0.94994455575943 0.00062974699540064 0.0010798494331539 1.095632314682 3.0567389330827e-05
-0.10595507919788 0.05435361713171 0.94997930526733 0.00045438460074365 0.0010800621239468 1.0959279537201 5.5486543715233e-06
-0.11554785817862 0.059271611273289 0.94996726512909 0.00066296890145168 0.0011026130523533 1.0952903032303 0.00011593446834013
-0.12514927983284 0.064192771911621 0.94995284080505 0.00070201593916863 0.0009516489226371 1.095677614212 -1.1184826689714e-05
-0.13475857675076 0.069103568792343 0.94995307922363 0.0006502537871711 0.00090721936430782 1.0955611467361 2.6688234356698e-05
-0.14435271918774 0.074038311839104 0.94996297359467 0.00046815958921798 0.00082771835150197 1.0954743623734 9.9554572443594e-06
-0.15395426750183 0.078972309827805 0.94996577501297 0.00049982842756435 0.00082241790369153 1.0956690311432 -1.7433239918319e-05
-0.1635617017746 0.083888523280621 0.94996666908264 0.00067800405668095 0.00079980894224718 1.096298456192 -3.5059536457993e-05
-0.17315788567066 0.088810279965401 0.94996064901352 0.00045731465797871 0.00072971725603566 1.0959539413452 -9.8976715889876e-06
-0.18277233839035 0.093722797930241 0.94996690750122 0.00058087427169085 0.00050898280460387 1.0957947969437 3.0951414373703e-05
-0.19235083460808 0.098654203116894 0.94995146989822 0.0003117827582173 0.00063406670233235 1.0959957838058 -2.2368203644874e-06
-0.20194560289383 0.10356247425079 0.94994974136353 0.0004339384031482 0.00047913371236064 1.0959128141403 6.5935193561018e-05
-0.21155971288681 0.10851005464792 0.94997626543045 0.00025392902898602 0.00043528684182093 1.0954701900482 -3.1478937216889e-06
-0.22112268209457 0.11339826881886 0.94997400045395 0.00030275795143098 0.00022725464077666 1.0960347652435 3.2158655812964e-05
