0.068383544683456 0.23118397593498 -1.7655813694 -1.608434677124 -1.4198877811432 0.00017710380780045 -1.7997263057623e-05
0.10556492209435 0.22804209589958 -1.784893989563 -1.585976600647 -1.3348019123077 0.00038834265433252 8.4795952716377e-05
0.14154180884361 0.22246596217155 -1.8023478984833 -1.5630130767822 -1.2508134841919 0.0005375926848501 8.2105516412412e-06
0.17617353796959 0.2144555747509 -1.8179137706757 -1.5394127368927 -1.1678612232208 0.00057287863455713 4.585126589518e-06
0.20917162299156 0.20398804545403 -1.8314769268036 -1.5155265331268 -1.0867199897766 0.00077553442679346 -8.3946642916999e-06
0.24048218131065 0.19118162989616 -1.8431091308594 -1.4911346435547 -1.0071380138397 0.0009190624114126 3.5693730751518e-05
0.26998123526573 0.17601582407951 -1.8527405261993 -1.4665155410767 -0.92942118644714 0.0011417453642935 4.4245971366763e-06
0.29762014746666 0.15862509608269 -1.8603620529175 -1.4416196346283 -0.85351800918579 0.001323897158727 3.0219758627936e-05
0.32326874136925 0.13914105296135 -1.8658893108368 -1.4168629646301 -0.77981233596802 0.0016300266142935 -1.2085230082448e-05
0.34713777899742 0.11755272746086 -1.8694245815277 -1.3921291828156 -0.70755434036255 0.0018622463103384 -2.958959339594e-05
0.36896213889122 0.094360321760178 -1.8709738254547 -1.3676624298096 -0.63802027702332 0.0022875850554556 4.2727264371933e-05
0.38911327719688 0.06940171122551 -1.8704211711884 -1.3436322212219 -0.56952548027039 0.0027234142180532 1.4597820154449e-05
0.40744337439537 0.042905300855637 -1.867879152298 -1.320152759552 -0.50291562080383 0.0032083576079458 -3.3640164929238e-06
0.42409643530846 0.015008419752121 -1.8633947372437 -1.2973747253418 -0.4383065700531 0.0039736814796925 -4.3571806600085e-05
0.43914303183556 -0.014092952013016 -1.856880903244 -1.27561378479 -0.37519311904907 0.0047599859535694 1.5431660358445e-05
0.4526980817318 -0.044298440217972 -1.8484213352203 -1.2548327445984 -0.31344366073608 0.0057899542152882 1.0229990039079e-05
0.46482023596764 -0.075558692216873 -1.8380167484283 -1.235344171524 -0.25307941436768 0.007141787558794 8.1134981883224e-05
0.47557625174522 -0.10748651623726 -1.8258948326111 -1.2172718048096 -0.19451570510864 0.0088293142616749 6.0758597101085e-05
0.48509439826012 -0.14015033841133 -1.8118088245392 -1.2005994319916 -0.13670039176941 0.010824400931597 -6.3881657297316e-06
0.49345859885216 -0.17343667149544 -1.7960391044617 -1.1854274272919 -0.080272674560547 0.013217646628618 -1.8089392597176e-06
0.50072658061981 -0.20704105496407 -1.7788286209106 -1.1714334487915 -0.025360107421875 0.015692431479692 -2.8625185223063e-05
0.50696980953217 -0.24098852276802 -1.7600762844086 -1.1580650806427 0.02898120880127 0.017533976584673 8.2839560491266e-06
0.51232612133026 -0.27486470341682 -1.7401249408722 -1.1445662975311 0.082567691802979 0.017960745841265 6.7077067797072e-05
0.51679885387421 -0.30845645070076 -1.7192492485046 -1.1300382614136 0.13527917861938 0.016109187155962 9.2607069746009e-06
0.52045714855194 -0.34149363636971 -1.6976907253265 -1.1145308017731 0.18689441680908 0.012036044150591 0.00011379534407752
0.52343308925629 -0.3742587864399 -1.6751828193665 -1.0990889072418 0.23773336410522 0.0067240782082081 2.8265412765904e-05
0.52565181255341 -0.40700033307076 -1.6511895656586 -1.0854315757751 0.28809928894043 0.0020291395485401 4.8076992243296e-05
0.52731215953827 -0.44007781147957 -1.625693321228 -1.074821472168 0.33752632141113 -0.0008871965110302 6.9003112912469e-07
0.5283659696579 -0.47347953915596 -1.5985691547394 -1.0672059059143 0.38669395446777 -0.0022156648337841 7.5065021519549e-05
0.52889287471771 -0.5069694519043 -1.5702033042908 -1.0618135929108 0.43518590927124 -0.002588789910078 2.1221952920314e-05
0.5289386510849 -0.54056572914124 -1.5406267642975 -1.0579409599304 0.4831976890564 -0.0024211816489697 9.3828013632447e-05
0.52852427959442 -0.57398557662964 -1.5101110935211 -1.055139541626 0.53079700469971 -0.0023236684501171 -2.9466542400769e-05
0.52770984172821 -0.60730171203613 -1.4786252975464 -1.0536158084869 0.57803440093994 -0.0019538812339306 4.4630593038164e-05
0.526491522789 -0.64046883583069 -1.4462397098541 -1.0528590679169 0.6250467300415 -0.0018926076591015 0.0001040831048158
0.52501857280731 -0.67332911491394 -1.4131529331207 -1.0531704425812 0.67118358612061 -0.0017290525138378 6.3105121625995e-06
0.52315366268158 -0.70633244514465 -1.3790426254272 -1.0544283390045 0.71746158599854 -0.0015600137412548 1.3874338947062e-05
0.5210212469101 -0.73914694786072 -1.3442163467407 -1.0566074848175 0.76341342926025 -0.0013819150626659 -1.0988315807481e-05
0.51865899562836 -0.77187418937683 -1.3085150718689 -1.0596520900726 0.80897331237793 -0.0014026574790478 1.4299958820629e-05
0.51604402065277 -0.80443644523621 -1.2720975875854 -1.0636215209961 0.85426235198975 -0.001166146248579 0.00012207715190016
0.51320540904999 -0.83686065673828 -1.2348935604095 -1.0683612823486 0.89964294433594 -0.0011532716453075 -1.3537077393266e-05
0.51020133495331 -0.86953139305115 -1.1967804431915 -1.0739529132843 0.94480800628662 -0.0011158399283886 3.828780609183e-05
0.50581061840057 -0.89358067512512 -1.1711978912354 -1.0782260894775 0.98000383377075 9.508803486824e-05 8.4934537881054e-05
0.49673402309418 -0.87662100791931 -1.2050397396088 -1.06214427948 0.97161102294922 0.0013134069740772 1.5392821524074e-06
0.48753488063812 -0.85943341255188 -1.2385015487671 -1.0457520484924 0.96216058731079 0.0013038702309132 2.5057481252588e-05
0.47801768779755 -0.84277749061584 -1.2706952095032 -1.0300569534302 0.95304536819458 0.0012642927467823 4.4235589484742e-06
0.46836841106415 -0.82682061195374 -1.3019063472748 -1.0149171352386 0.94298028945923 0.0012437887489796 3.472838216112e-05
0.45839536190033 -0.81109809875488 -1.3320691585541 -1.0005140304565 0.93315458297729 0.001463133841753 0.00010728831693996
0.44815909862518 -0.79592800140381 -1.3613538742065 -0.98636913299561 0.92302751541138 0.0014421530067921 -3.0542574677384e-05
0.43768155574799 -0.78136587142944 -1.3896384239197 -0.97289109230042 0.91254281997681 0.001430232077837 8.8037340901792e-05
0.42700564861298 -0.76698923110962 -1.4173424243927 -0.95954513549805 0.90150022506714 0.0014078207314014 3.0170978789101e-05
0.4159334897995 -0.75300884246826 -1.4440472126007 -0.94659495353699 0.89065980911255 0.0013987608253956 -2.0441939341254e-05
0.40453231334686 -0.73969554901123 -1.469614982605 -0.93475770950317 0.87988805770874 0.0015580244362354 4.198437454761e-05
0.39299714565277 -0.72638773918152 -1.4949615001678 -0.92259573936462 0.86784553527832 0.0015365667641163 2.1268783712003e-06
0.38111865520477 -0.7133526802063 -1.5194826126099 -0.91086339950562 0.85590410232544 0.0015184469521046 6.9724366767332e-05
0.36888015270233 -0.70103907585144 -1.5430495738983 -0.89987707138062 0.84378814697266 0.0016982145607471 1.4433692740567e-05
0.35629546642303 -0.68893980979919 -1.5658476352692 -0.8892879486084 0.83156442642212 0.0017478056252003 6.9509784225374e-05
0.34352338314056 -0.67709946632385 -1.5882036685944 -0.8786780834198 0.81856489181519 0.0018045492470264 0.00017202500021085
0.33033978939056 -0.66560816764832 -1.6097679138184 -0.86862730979919 0.80532217025757 0.0017630644142628 -6.0179863794474e-06
0.31678092479706 -0.65448665618896 -1.6306436061859 -0.85886096954346 0.79200506210327 0.0018069334328175 -2.261789268232e-05
0.30288445949554 -0.64371037483215 -1.6507923603058 -0.84948968887329 0.77836227416992 0.0018732137978077 2.4617649614811e-05
0.28878247737885 -0.6331901550293 -1.6704454421997 -0.84041118621826 0.76383495330811 0.0018732137978077 1.1932957022509e-05
0.27426898479462 -0.62295818328857 -1.6893677711487 -0.83166766166687 0.74917888641357 0.0019428320229053 5.9918679653492e-06
0.25928151607513 -0.61317420005798 -1.7075853347778 -0.82322359085083 0.73449277877808 0.0018126554787159 0.000127207415062
0.24404418468475 -0.60371065139771 -1.7250809669495 -0.81528329849243 0.71926116943359 0.0019623823463917 7.7091674029361e-05
0.2284072637558 -0.59449744224548 -1.7420074939728 -0.80749249458313 0.70358180999756 0.0019576139748096 -6.3803777266003e-06
0.21237170696259 -0.58565235137939 -1.7582790851593 -0.8000795841217 0.68746852874756 0.0019409246742725 4.0093200368574e-05
0.19602191448212 -0.57724404335022 -1.7737221717834 -0.79330110549927 0.67126417160034 0.0021802969276905 0.00010420424951008
0.17926394939423 -0.56899499893188 -1.7886595726013 -0.78652024269104 0.65446519851685 0.0021822042763233 -2.5373394237249e-05
0.16211116313934 -0.56134486198425 -1.802809715271 -0.78019952774048 0.63759565353394 0.0022484846413136 3.5520627079677e-06
0.14465272426605 -0.55381035804749 -1.8164739608765 -0.77403092384338 0.61978387832642 0.0023219175636768 -2.2375052139978e-05
0.12680375576019 -0.54657888412476 -1.8295664787292 -0.76805114746094 0.60162734985352 0.0022055692970753 4.954615724273e-05
0.10843026638031 -0.53999209403992 -1.8414521217346 -0.76289629936218 0.58400297164917 0.0023181028664112 1.2223333214934e-05
0.089817881584167 -0.53355407714844 -1.8530995845795 -0.75760746002197 0.56514739990234 0.0023109503090382 8.182702731574e-05
0.07081925868988 -0.52759146690369 -1.863826751709 -0.75302910804749 0.54622459411621 0.0024807043373585 -3.6085817555431e-05
0.051487803459167 -0.52188444137573 -1.8741388320923 -0.74832510948181 0.52665615081787 0.002322394400835 3.0567389330827e-05
0.031791090965271 -0.51651883125305 -1.8835933208466 -0.74409770965576 0.50689220428467 0.0023171491920948 5.5486543715233e-06
0.011672854423523 -0.51178669929504 -1.8921246528625 -0.74046063423157 0.48728561401367 0.0023777075111866 0.00011593446834013
-0.0087190866470337 -0.5073094367981 -1.9001340866089 -0.73696494102478 0.46694183349609 0.0024463720619678 -1.1184826689714e-05
-0.029391407966614 -0.50310611724854 -1.9075820446014 -0.7336688041687 0.44573831558228 0.0024516172707081 2.6688234356698e-05
-0.050424218177795 -0.49937272071838 -1.9142062664032 -0.73075175285339 0.4246826171875 0.0024625845253468 9.9554572443594e-06
-0.071802496910095 -0.49607133865356 -1.9200193881989 -0.72813630104065 0.4036283493042 0.0024306364357471 -1.7433239918319e-05
-0.093424201011658 -0.49319124221802 -1.9251101016998 -0.7260320186615 0.38195514678955 0.0024683065712452 -3.5059536457993e-05
-0.11529433727264 -0.49074411392212 -1.9294872283936 -0.72403073310852 0.36005640029907 0.0024458952248096 -9.8976715889876e-06
-0.13747131824493 -0.4886486530304 -1.9330968856812 -0.72237491607666 0.33805322647095 0.0023061819374561 3.0951414373703e-05
-0.15973222255707 -0.48688673973083 -1.936238527298 -0.72094941139221 0.31528902053833 0.00235291197896 -2.2368203644874e-06
-0.18229448795319 -0.48570084571838 -1.9383161067963 -0.71992540359497 0.29295253753662 0.0021144933998585 6.5935193561018e-05
-0.20508348941803 -0.48480916023254 -1.9397594928741 -0.71908164024353 0.27026462554932 0.0019728727638721 -3.1478937216889e-06
-0.22790133953094 -0.48432493209839 -1.9405543804169 -0.71855640411377 0.24722337722778 0.0016843862831593 3.2158655812964e-05
