3.6113908663538e-07 -9.2681723629084e-08 0.91483873128891
6.1135295936765e-07 -2.9115318511685e-07 0.9148388504982
1.0382300388301e-06 -4.1659041016828e-07 0.91483896970749
5.7119996199617e-07 -3.8082532682893e-07 0.91483891010284
8.6026426515673e-07 -6.8491380034175e-07 0.91483908891678
8.3394934335956e-07 -5.8383278656038e-07 0.91483914852142
1.2985353805561e-06 -1.0611004199745e-06 0.91483938694
9.3095474085203e-07 -1.3778645779894e-06 0.91483962535858
1.0853842695724e-06 -1.3083691783322e-06 0.91483974456787
9.8107091162092e-07 -1.1556811614355e-06 0.91483974456787
1.2569227010317e-06 -1.1059913731515e-06 0.91483968496323
7.7548344279421e-07 -1.2726829936582e-06 0.91483974456787
1.3352550922718e-06 -1.0570014410405e-06 0.91483980417252
1.604826024959e-06 -8.3061428313158e-07 0.91483974456787
1.6074525319709e-06 -7.3183139193134e-07 0.91483950614929
1.376413251819e-06 -6.1208322676976e-07 0.91483950614929
1.5755412050567e-06 -5.6039306173261e-07 0.91483986377716
1.3584565294877e-06 -2.3841124630053e-07 0.91483962535858
1.8581938547868e-06 -2.8281172603783e-07 0.91483974456787
1.7274971924053e-06 -3.2618584100419e-07 0.91483986377716
1.4913617860657e-06 -1.708621510943e-07 0.91484004259109
1.7120313486885e-06 -8.8863650660187e-08 0.91484016180038
2.2000876924722e-06 3.5401848208494e-07 0.91484022140503
2.1472455955518e-06 2.5868592956613e-07 0.91484028100967
2.2633330445387e-06 -6.5583691366555e-08 0.91484034061432
2.4117252905853e-06 -7.0281083708323e-07 0.91484069824219
2.4244861833722e-06 -9.0066623670282e-07 0.91484087705612
2.2595440896112e-06 -5.0671570761551e-07 0.91484081745148
2.2963895389694e-06 -5.6312586593776e-07 0.91484099626541
2.0725676677102e-06 -5.6238707202283e-07 0.91484099626541
2.2474014258478e-06 -6.1879870827397e-07 0.91484099626541
1.926973936861e-06 -2.9218603003756e-07 0.9148411154747
2.2189769879333e-06 -6.5883817512713e-08 0.91484105587006
2.4758410290815e-06 2.8615468750104e-07 0.91484099626541
2.7253324788035e-06 1.056176230918e-07 0.91484105587006
2.5168753836624e-06 -3.886431443334e-07 0.91484117507935
2.7369594590709e-06 -5.359227657209e-07 0.91484129428864
2.6886375508184e-06 -7.8858971619411e-07 0.91484129428864
2.6934701509163e-06 -7.0013470576669e-07 0.91484117507935
3.3068615721277e-06 -6.6723049485518e-07 0.91484129428864
3.1098329600354e-06 -1.290451479008e-07 0.9148411154747
2.8962920168851e-06 -6.0060892792535e-07 0.91484117507935
2.8619333534152e-06 -4.5215941213428e-07 0.91484153270721
2.7468906864669e-06 1.1094624596808e-07 0.91484153270721
2.7374583169149e-06 2.5217929078281e-07 0.9148416519165
2.6435943709657e-06 3.7954276876917e-07 0.9148416519165
2.5986007585743e-06 4.6555052790609e-07 0.91484159231186
2.6286968477507e-06 5.4184209830055e-07 0.91484147310257
2.7980481718259e-06 3.6719211493619e-07 0.9148416519165
2.8785530048481e-06 5.5343139138131e-07 0.91484177112579
3.1966744700185e-06 2.034899608816e-07 0.91484200954437
3.0014475669304e-06 -2.3563991646824e-08 0.91484200954437
3.0532844448317e-06 2.0736598571602e-07 0.91484194993973
2.9277830435603e-06 -3.3331622262267e-07 0.91484194993973
3.5688906336873e-06 -3.0019228347555e-07 0.91484189033508
3.3856797472254e-06 -3.522712574977e-07 0.91484183073044
-0.003305992577225 0.00083223730325699 0.91487628221512
-0.014047529548407 0.0035230186767876 0.91492003202438
-0.024807475507259 0.006214305292815 0.91501945257187
-0.035578452050686 0.0088698165491223 0.91519862413406
-0.046325366944075 0.011631499044597 0.91534048318863
-0.056248959153891 0.015981508418918 0.91540253162384
-0.06592933088541 0.020829940214753 0.9154212474823
-0.075525768101215 0.025708094239235 0.91543555259705
-0.085150055587292 0.030605830252171 0.91545605659485
-0.094736859202385 0.035562634468079 0.91546475887299
-0.10427282750607 0.040531784296036 0.91549181938171
-0.11397126317024 0.045361682772636 0.91550362110138
-0.12355940788984 0.050335519015789 0.91550403833389
-0.13309602439404 0.055276971310377 0.9155130982399
-0.14281350374222 0.0601118914783 0.91551506519318
-0.1523025482893 0.065201826393604 0.91553235054016
-0.16206353902817 0.070007376372814 0.91551715135574
-0.17171169817448 0.07490773499012 0.91550838947296
-0.18126492202282 0.079829916357994 0.91547793149948
-0.1909062564373 0.084719732403755 0.91546761989594
-0.20061393082142 0.089595571160316 0.91545426845551
-0.21014696359634 0.094583779573441 0.91541266441345
-0.21975840628147 0.099445782601833 0.91537195444107
-0.22937715053558 0.10432984679937 0.91536861658096
-0.23887512087822 0.10935338586569 0.91533172130585
-0.24855248630047 0.11424322426319 0.91531479358673
-0.25798067450523 0.1192405000329 0.91530627012253
-0.26761513948441 0.1241646707058 0.91529607772827
-0.27727860212326 0.1290066242218 0.91528934240341
-0.28685078024864 0.13397814333439 0.91525816917419
-0.29640513658524 0.1389168202877 0.91523897647858
-0.30606436729431 0.14366953074932 0.9152689576149
