-0.016767300665379 0.048038944602013 1.299077630043 0.00091705162776634 4.1952065657824e-05 -3.0593180656433 8.2522536104079e-05
-0.020397923886776 0.043369278311729 1.2915241718292 0.00085981836309657 9.2142086941749e-05 -3.0109531879425 0.00013411713007372
-0.024019345641136 0.038728341460228 1.2839968204498 0.00077994010644034 0.00016102296649478 -2.9623456001282 1.2981887266506e-05
-0.027670670300722 0.03405587375164 1.2764482498169 0.00071769201895222 0.00033409177558497 -2.9146945476532 7.3266579420306e-05
-0.031302623450756 0.029403403401375 1.2688989639282 0.00080960802733898 0.00019871274707839 -2.8662185668945 0.00015441724099219
-0.034936413168907 0.024736508727074 1.2613639831543 0.00071591703454033 0.00031232659239322 -2.8178975582123 2.7972831958323e-05
-0.038619317114353 0.020048931241035 1.2538110017776 0.00079679710324854 0.00026805521338247 -2.7702360153198 6.6378437622916e-05
-0.042203806340694 0.015390485525131 1.2462550401688 0.00072884873952717 0.00026126333978027 -2.7217607498169 8.8901215349324e-05
-0.045868009328842 0.010743506252766 1.238765835762 0.00056951952865347 0.00029134628130123 -2.6739273071289 2.3398068151437e-05
-0.04950088262558 0.0060828775167465 1.2312074899673 0.00053434103028849 0.00024923868477345 -2.6255311965942 5.3596631914843e-05
-0.053133398294449 0.001409225165844 1.2236475944519 0.00060744624352083 0.00021981296595186 -2.5774655342102 2.9364760848694e-05
-0.05678616464138 -0.0032562911510468 1.2161078453064 0.00043578096665442 0.00039519177516922 -2.5295381546021 6.8915614974685e-05
-0.060400456190109 -0.0079092085361481 1.2085607051849 0.00032872203155421 0.0004207898164168 -2.4810206890106 8.7688546045683e-05
-0.064038276672363 -0.012572698295116 1.201043844223 0.00032555797952227 0.00025506183737889 -2.4332942962646 4.9649599532131e-05
-0.067675366997719 -0.017255581915379 1.193478345871 0.00031009042868391 0.00013231912453193 -2.385345697403 1.0564302101557e-05
-0.071337267756462 -0.02190387994051 1.1859357357025 0.00028396633570082 0.00012227224942762 -2.3368883132935 6.2107906160236e-06
-0.074957996606827 -0.026566617190838 1.1783971786499 9.9493088782765e-05 -5.8193210861646e-05 -2.2888503074646 -3.2063071557786e-06
-0.078613832592964 -0.031218562275171 1.1708636283875 1.3964381651022e-05 -0.00015183968935162 -2.2410435676575 0.0001037066031131
-0.082233309745789 -0.035867508500814 1.1633386611938 -0.00017593344091438 -0.00037029042141512 -2.1925933361053 -4.0180334508477e-06
-0.085883364081383 -0.040568143129349 1.1558036804199 -0.00017570506315678 -0.00054261466721073 -2.1453773975372 2.8440214009606e-05
-0.089500911533833 -0.045190431177616 1.148285150528 -0.00036271871067584 -0.00060960312839597 -2.0970888137817 2.4909724743338e-05
-0.093170262873173 -0.049891471862793 1.1406873464584 -0.00025965939857997 -0.00069317495217547 -2.0489127635956 3.3975218684645e-05
-0.096781268715858 -0.054545737802982 1.1331853866577 -0.0002779123315122 -0.0004146124701947 -2.0010809898376 3.2998228562064e-05
-0.10042859613895 -0.059191271662712 1.1255462169647 9.754732309375e-05 0.00016702919674572 -1.9523479938507 0.00011893099872395
-0.10404227674007 -0.063844189047813 1.1180943250656 0.00050439481856301 0.0012274830369279 -1.9046293497086 2.2462221750175e-05
-0.10770604759455 -0.068522483110428 1.1105148792267 0.00097543199080974 0.0028263195417821 -1.8564232587814 4.5306547690416e-05
-0.11133746802807 -0.073133058845997 1.1030306816101 0.0012905312469229 0.0047156293876469 -1.8083651065826 4.5457349187927e-05
-0.11496682465076 -0.077862575650215 1.0954744815826 0.0015102763427421 0.0060304300859571 -1.761029958725 6.6956257796846e-05
-0.1185979694128 -0.082481324672699 1.0879198312759 0.0015697825001553 0.006527008023113 -1.7126551866531 -6.4090913838299e-06
-0.12224563956261 -0.087190337479115 1.0803159475327 0.001399319851771 0.0063705244101584 -1.6647522449493 3.4196542401332e-05
-0.12589479982853 -0.091818422079086 1.0727696418762 0.00093940750230104 0.0054162344895303 -1.617036819458 4.3769123294624e-06
-0.12951083481312 -0.096507698297501 1.0653060674667 0.00057450955500826 0.0044654221273959 -1.569326043129 0.00011580163845792
-0.13315340876579 -0.10115761309862 1.0577108860016 0.00043301042751409 0.0037374331150204 -1.5209275484085 -4.4778742449125e-05
-0.13677570223808 -0.10579733550549 1.0502651929855 6.3390158175025e-05 0.0034822556190193 -1.4733500480652 8.321843779413e-06
-0.14042963087559 -0.11048071086407 1.0426107645035 0.00021799698879477 0.0033985865302384 -1.4250690937042 8.4310413512867e-05
-0.144087433815 -0.11513079702854 1.0351270437241 -5.9131736634299e-05 0.0032903745304793 -1.3767983913422 4.025356247439e-06
-0.14770641922951 -0.1198031976819 1.0274727344513 -0.00030324974795803 0.0032084020785987 -1.3288192749023 3.5110671888106e-05
-0.15133985877037 -0.12445814162493 1.0199842453003 -0.00027422828134149 0.0031750148627907 -1.2808451652527 5.2731786126969e-05
-0.15497741103172 -0.12912435829639 1.0123549699783 -0.00033101785811596 0.0030847152229398 -1.2331364154816 4.9762452363211e-06
-0.15862095355988 -0.13380545377731 1.0047438144684 -0.00058030488435179 0.0033368186559528 -1.1852415800095 0.0001100453955587
-0.1622508764267 -0.13842715322971 0.99733954668045 -0.00095688219880685 0.003357928013429 -1.137356877327 5.0388916861266e-05
-0.16589947044849 -0.14309725165367 0.98982465267181 -0.0011555717792362 0.003748593153432 -1.0895844697952 6.1905571783427e-05
-0.16954657435417 -0.14776535332203 0.98218250274658 -0.0015602529747412 0.0040985154919326 -1.0412386655807 -8.8339493231615e-06
-0.17317649722099 -0.15241566300392 0.97474294900894 -0.0023178705014288 0.0048086252063513 -0.99420040845871 7.1577043854631e-05
-0.17681281268597 -0.15708659589291 0.96716183423996 -0.0032866403926164 0.005962023511529 -0.9464151263237 4.5904052967671e-05
-0.18041896820068 -0.16174919903278 0.95949554443359 -0.0053579318337142 0.0079167876392603 -0.90005630254745 9.6178788226098e-05
-0.18408198654652 -0.16638946533203 0.95204591751099 -0.010771261528134 0.013230131939054 -0.85451740026474 1.1277838751766e-07
-0.17796817421913 -0.16131667792797 0.94974684715271 0.012986890040338 -0.014375454746187 -0.82713776826859 4.9033536924981e-05
-0.16836255788803 -0.15261188149452 0.94976902008057 0.0079667456448078 -0.010140682570636 -0.83040934801102 3.6395947972778e-05
-0.1587341427803 -0.14390423893929 0.9497589468956 0.0047581605613232 -0.0060652359388769 -0.83259117603302 4.9341393605573e-05
-0.14913958311081 -0.13517889380455 0.94978410005569 0.0034778306726366 -0.0045020277611911 -0.833172082901 9.9026496172883e-05
-0.13955883681774 -0.12647464871407 0.94979578256607 0.0027997836004943 -0.0035767257213593 -0.83358347415924 2.5949500923161e-05
-0.1299624145031 -0.11778801679611 0.94975179433823 0.0024753627367318 -0.0030606610234827 -0.83334571123123 3.5929431760451e-05
-0.12035362422466 -0.10906375944614 0.94982266426086 0.0019836120773107 -0.0027197359595448 -0.83367931842804 4.1130238969345e-05
-0.11074544489384 -0.10038983076811 0.94984728097916 0.0016377575229853 -0.0025110696442425 -0.83357030153275 9.2345972007024e-06
-0.10114394128323 -0.091702349483967 0.94976609945297 0.0017571940552443 -0.002307052956894 -0.83415585756302 3.0803403205937e-05
-0.09157295525074 -0.082961104810238 0.94981819391251 0.0015729740262032 -0.0019684399012476 -0.83359777927399 7.1801885496825e-05
-0.081937521696091 -0.074275337159634 0.94978147745132 0.0014965212903917 -0.0019742264412344 -0.83414924144745 4.8272384447046e-05
-0.072355329990387 -0.065564289689064 0.94982224702835 0.0013043084181845 -0.0018481080187485 -0.83358418941498 7.6370808528736e-05
-0.062776297330856 -0.056871555745602 0.94992762804031 0.0011801572982222 -0.0017748940736055 -0.83362060785294 -3.1787254556548e-05
-0.053205043077469 -0.048161257058382 0.94991719722748 0.001063592499122 -0.0015845603775233 -0.83379447460175 -2.5703469873406e-05
-0.043584138154984 -0.039474509656429 0.94992852210999 0.0011025118874386 -0.001655986183323 -0.83409917354584 5.3030027629575e-05
-0.033994793891907 -0.030776236206293 0.94995141029358 0.0011200198205188 -0.0015541721368209 -0.83408242464066 -1.7743468561093e-05
-0.024407222867012 -0.022073995321989 0.949986577034 0.00095484039047733 -0.0017342729261145 -0.83386528491974 3.7536676245509e-05
-0.014787897467613 -0.013375069946051 0.94991958141327 0.00094105768948793 -0.0014152989024296 -0.83387184143066 7.1355076215696e-05
-0.0051837787032127 -0.0047067850828171 0.94995605945587 0.0011140096466988 -0.001450945623219 -0.83404022455215 1.9731207430596e-05
0.0044275969266891 0.0040240772068501 0.94994568824768 0.00088459061225876 -0.0013168063014746 -0.83420675992966 -2.0597948605428e-05
0.014024689793587 0.012715466320515 0.94989222288132 0.00077951606363058 -0.0011364683741704 -0.83435779809952 8.5460087575484e-05
0.023618526756763 0.021425265818834 0.94997137784958 0.0011033246992156 -0.0014642644673586 -0.83395898342133 3.6496919619822e-06
0.033314250409603 0.030144270509481 0.94984096288681 0.00027506370679475 -0.0017466415883973 -0.83376348018646 -2.1895735699218e-05
0.042822889983654 0.038821291178465 0.94992554187775 0.00082669733092189 -0.0014464139239863 -0.83434116840363 7.0757678258815e-06
0.052420418709517 0.047542121261358 0.94995319843292 0.0010016518644989 -0.00099247915204614 -0.8340322971344 3.9501112041762e-05
0.062026470899582 0.056224677711725 0.94994693994522 0.00086604716489092 -0.0013382638571784 -0.83435583114624 4.8448268898937e-06
0.071625210344791 0.064934238791466 0.94995200634003 0.00077764556044713 -0.0012830685591325 -0.83409780263901 8.821450319374e-05
0.081235237419605 0.073609121143818 0.94996106624603 0.00096402422059327 -0.0012643049703911 -0.83466076850891 -2.4605144062662e-05
0.090839080512524 0.082327723503113 0.94996100664139 0.00066241214517504 -0.001184640917927 -0.83446109294891 0.00012178342149127
0.10039469599724 0.091037422418594 0.94996774196625 0.00075323489727452 -0.0013421871699393 -0.8333455324173 -1.7850074073067e-05
0.11000596731901 0.099707260727882 0.94997078180313 0.00084211275679991 -0.0013723077718168 -0.83412003517151 0.00010302977898391
0.11960316449404 0.10841676592827 0.94996738433838 0.00094364158576354 -0.0012626005336642 -0.83391988277435 5.5662738304818e-05
0.12920953333378 0.11712541431189 0.9499819278717 0.00094661314506084 -0.001344904419966 -0.83415973186493 3.0363018595381e-05
0.13883845508099 0.12581804394722 0.94997620582581 0.00091780768707395 -0.0012956395512447 -0.83403748273849 9.8936463473365e-05
0.14840616285801 0.13449683785439 0.95001018047333 0.00096395885339007 -0.0014951805351302 -0.83429598808289 8.3929196989629e-05
0.15800569951534 0.1432041823864 0.9499796628952 0.00099712784867734 -0.001496727229096 -0.83376675844193 3.4903991036117e-05
0.16759991645813 0.15190762281418 0.95000231266022 0.0010634175268933 -0.0015655604656786 -0.83418250083923 -3.1737366953166e-05
0.17719511687756 0.16059876978397 0.94999444484711 0.0010421090992168 -0.0015092978719622 -0.83390140533447 5.6635370128788e-05
