-0.05576553568244 0.19608399271965 -1.7341237068176 -1.6043691635132 -1.7091343402863 -0.00010113067401107 8.2522536104079e-05
-0.085159450769424 0.17455193400383 -1.7361431121826 -1.5807840824127 -1.786600112915 -0.00020150489581283 0.00013411713007372
-0.11304798722267 0.15166708827019 -1.7364857196808 -1.5575640201569 -1.8629183769226 -0.00020603486336768 1.2981887266506e-05
-0.139185577631 0.12760969996452 -1.7353208065033 -1.5346448421478 -1.937096118927 -0.00029496499337256 7.3266579420306e-05
-0.16382852196693 0.10232254862785 -1.7324757575989 -1.5122978687286 -2.010021686554 -0.0003309661988169 0.00015441724099219
-0.18675389885902 0.076165169477463 -1.7281007766724 -1.4904615879059 -2.080885887146 -0.00043372460640967 2.7972831958323e-05
-0.20829501748085 0.048882454633713 -1.7220253944397 -1.4692647457123 -2.1508376598358 -0.00046567269600928 6.6378437622916e-05
-0.22812786698341 0.020913571119308 -1.7145314216614 -1.4487931728363 -2.218808889389 -0.00045828172005713 8.8901215349324e-05
-0.24656501412392 -0.0077276527881622 -1.7053759098053 -1.4292619228363 -2.2852683067322 -0.00052241631783545 2.3398068151437e-05
-0.26357236504555 -0.037166386842728 -1.6947526931763 -1.4104561805725 -2.350355386734 -0.00046376534737647 5.3596631914843e-05
-0.27924552559853 -0.067247658967972 -1.6824901103973 -1.3926908969879 -2.4143841266632 -0.00051693269051611 2.9364760848694e-05
-0.29352203011513 -0.097633630037308 -1.6689515113831 -1.3758051395416 -2.4763605594635 -0.00061683007515967 6.8915614974685e-05
-0.30665698647499 -0.12859204411507 -1.6537520885468 -1.3599648475647 -2.5378575325012 -0.00059489556588233 8.7688546045683e-05
-0.31853666901588 -0.15979269146919 -1.6372601985931 -1.345166683197 -2.5975389480591 -0.00040344544686377 4.9649599532131e-05
-0.3293482363224 -0.191396266222 -1.6193149089813 -1.3313589096069 -2.6565034389496 -0.00040582963265479 1.0564302101557e-05
-0.33911362290382 -0.22325852513313 -1.599986076355 -1.318558216095 -2.7144882678986 -8.0626690760255e-05 6.2107906160236e-06
-0.34780541062355 -0.25527742505074 -1.5794413089752 -1.3067982196808 -2.7711400985718 0.0002173965331167 -3.2063071557786e-06
-0.35561361908913 -0.28740385174751 -1.5575928688049 -1.2959024906158 -2.8271877765656 0.00079198530875146 0.0001037066031131
-0.36248365044594 -0.3195746243 -1.534651517868 -1.2857122421265 -2.8820245265961 0.0016955917235464 -4.0180334508477e-06
-0.36848703026772 -0.35169032216072 -1.5106382369995 -1.276171207428 -2.9357805252075 0.0031685417052358 2.8440214009606e-05
-0.37372675538063 -0.38380268216133 -1.4855847358704 -1.266979932785 -2.9889490604401 0.0051664896309376 2.4909724743338e-05
-0.37825337052345 -0.41597774624825 -1.4594097137451 -1.2580466270447 -3.0419425964355 0.0081963129341602 3.3975218684645e-05
-0.38202682137489 -0.44765403866768 -1.4326601028442 -1.2488827705383 -3.0935597419739 0.012303788214922 3.2998228562064e-05
-0.38513723015785 -0.47950342297554 -1.4049484729767 -1.2397065162659 -3.1449654102325 0.017520386725664 0.00011893099872395
-0.38762894272804 -0.510666847229 -1.3764147758484 -1.231241941452 -3.1952381134033 0.023210007697344 2.2462221750175e-05
-0.38956275582314 -0.54239726066589 -1.3463990688324 -1.2244603633881 -3.2453455924988 0.028403241187334 4.5306547690416e-05
-0.39094677567482 -0.57419800758362 -1.3147439956665 -1.2212414741516 -3.294707775116 0.03126760199666 4.5457349187927e-05
-0.391795784235 -0.60704231262207 -1.2809064388275 -1.2227232456207 -3.3430676460266 0.030761677771807 6.6956257796846e-05
-0.3921767771244 -0.64072823524475 -1.2447664737701 -1.2288997173309 -3.3915853500366 0.027052361518145 -6.4090913838299e-06
-0.39210739731789 -0.67527723312378 -1.2065939903259 -1.2382388114929 -3.4395911693573 0.021329838782549 3.4196542401332e-05
-0.39163747429848 -0.70981001853943 -1.1674947738647 -1.2484731674194 -3.4869697093964 0.015637833625078 4.3769123294624e-06
-0.39075103402138 -0.74418687820435 -1.127507686615 -1.2583084106445 -3.5338335037231 0.011341530829668 0.00011580163845792
-0.38950243592262 -0.77866673469543 -1.0865697860718 -1.2676029205322 -3.5808248519897 0.0086192674934864 -4.4778742449125e-05
-0.38791385293007 -0.81267547607422 -1.0448870658875 -1.27658867836 -3.6273736953735 0.0071076937019825 8.321843779413e-06
-0.38600388169289 -0.84727907180786 -1.00181889534 -1.2861528396606 -3.6735272407532 0.0061254091560841 8.4310413512867e-05
-0.38385596871376 -0.88196468353271 -0.95739126205444 -1.296496629715 -3.7191617488861 0.005352932959795 4.025356247439e-06
-0.3813628256321 -0.91719341278076 -0.91140151023865 -1.3078322410583 -3.7646372318268 0.0048193521797657 3.5110671888106e-05
-0.37867084145546 -0.95283079147339 -0.86345887184143 -1.3204097747803 -3.8099641799927 0.0044698305428028 5.2731786126969e-05
-0.37572303414345 -0.98914742469788 -0.81351494789124 -1.3342204093933 -3.8549294471741 0.0042857713997364 4.9762452363211e-06
-0.37256470322609 -1.0265018939972 -0.76107597351074 -1.3494536876678 -3.8997883796692 0.0041145868599415 0.0001100453955587
-0.36925283074379 -1.0644664764404 -0.70584607124329 -1.3665041923523 -3.944226026535 0.0039643831551075 5.0388916861266e-05
-0.36574402451515 -1.1042141914368 -0.64679145812988 -1.3855926990509 -3.988644361496 0.0041427202522755 6.1905571783427e-05
-0.36210885643959 -1.1457042694092 -0.58361124992371 -1.4067933559418 -4.032440662384 0.0041622705757618 -8.8339493231615e-06
-0.3583120405674 -1.1896150112152 -0.51428604125977 -1.4311275482178 -4.0765242576599 0.0044908113777637 7.1577043854631e-05
-0.35441175103188 -1.2373850345612 -0.43659377098083 -1.4594767093658 -4.1201462745667 0.0052294321358204 4.5904052967671e-05
-0.35049811005592 -1.2907338142395 -0.34680819511414 -1.4928636550903 -4.1629066467285 0.0065936632454395 9.6178788226098e-05
-0.34671297669411 -1.3522958755493 -0.23713803291321 -1.5327582359314 -4.2044653892517 0.010074097663164 1.1277838751766e-07
-0.3379193842411 -1.334480047226 -0.29123783111572 -1.5378711223602 -4.2233791351318 -0.010540287941694 4.9033536924981e-05
-0.33058467507362 -1.2508246898651 -0.46048903465271 -1.4452321529388 -4.2126612663269 -0.0080728940665722 3.6395947972778e-05
-0.32281365990639 -1.1903018951416 -0.58186340332031 -1.3783504962921 -4.2026977539062 -0.0048501901328564 4.9341393605573e-05
-0.31465020775795 -1.1416547298431 -0.67951655387878 -1.3270182609558 -4.1939282417297 -0.0036957673728466 9.9026496172883e-05
-0.30617275834084 -1.0994262695312 -0.76421141624451 -1.2833545207977 -4.185161113739 -0.0029421262443066 2.5949500923161e-05
-0.29739990830421 -1.061363697052 -0.84037661552429 -1.2444965839386 -4.1761288642883 -0.0025988034904003 3.5929431760451e-05
-0.28832450509071 -1.0261235237122 -0.9102783203125 -1.2092473506927 -4.167031288147 -0.00242904946208 4.1130238969345e-05
-0.27893653512001 -0.99346518516541 -0.97511887550354 -1.1766097545624 -4.1576905250549 -0.0022321157157421 9.2345972007024e-06
-0.26929250359535 -0.96274995803833 -1.0362277030945 -1.1461656093597 -4.1477065086365 -0.0019996576011181 3.0803403205937e-05
-0.25927296280861 -0.93335294723511 -1.093859910965 -1.1175053119659 -4.1379766464233 -0.0019226484000683 7.1801885496825e-05
-0.24896922707558 -0.90547323226929 -1.1488244533539 -1.0903675556183 -4.1273226737976 -0.0018630437552929 4.8272384447046e-05
-0.23827090859413 -0.87859725952148 -1.2012763023376 -1.0645713806152 -4.1168684959412 -0.0017469339072704 7.6370808528736e-05
-0.22723665833473 -0.85264015197754 -1.2517459392548 -1.0399239063263 -4.1055383682251 -0.0018654279410839 -3.1787254556548e-05
-0.21581450104713 -0.82765603065491 -1.3002455234528 -1.0161499977112 -4.0942540168762 -0.0017214231193066 -2.5703469873406e-05
-0.20398560166359 -0.80347371101379 -1.3470425605774 -0.99351501464844 -4.0822291374207 -0.0017216615378857 5.3030027629575e-05
-0.19170728325844 -0.77998638153076 -1.3923001289368 -0.97168159484863 -4.0700449943542 -0.001642744988203 -1.7743468561093e-05
-0.17897692322731 -0.75709199905396 -1.4361748695374 -0.95064258575439 -4.0574197769165 -0.0018136911094189 3.7536676245509e-05
-0.16583386063576 -0.73482418060303 -1.478807926178 -0.93027281761169 -4.0440993309021 -0.0016715936362743 7.1355076215696e-05
-0.15216293931007 -0.71305108070374 -1.5201966762543 -0.91064810752869 -4.0303483009338 -0.0015874318778515 1.9731207430596e-05
-0.13799610733986 -0.6917085647583 -1.5606141090393 -0.89150428771973 -4.0160655975342 -0.0017557553946972 -2.0597948605428e-05
-0.12327042222023 -0.67089247703552 -1.5998756885529 -0.87306380271912 -4.0015206336975 -0.001816313713789 8.5460087575484e-05
-0.10798826813698 -0.65043497085571 -1.6381759643555 -0.85534310340881 -3.9861824512482 -0.0017841272056103 3.6496919619822e-06
-0.092056185007095 -0.63043451309204 -1.6756167411804 -0.83782434463501 -3.9704694747925 -0.0016885213553905 -2.1895735699218e-05
-0.07563653588295 -0.61071109771729 -1.7121715545654 -0.8210277557373 -3.9537510871887 -0.0017707757651806 7.0757678258815e-06
-0.058414369821548 -0.59125757217407 -1.7480299472809 -0.80437207221985 -3.9365527629852 -0.0014722757041454 3.9501112041762e-05
-0.040627628564835 -0.57232356071472 -1.7828361988068 -0.78882670402527 -3.9187860488892 -0.0019340924918652 4.8448268898937e-06
-0.022036463022232 -0.55356812477112 -1.8169510364532 -0.77346038818359 -3.9003820419312 -0.0019381456077099 8.821450319374e-05
-0.002718597650528 -0.53514909744263 -1.850350856781 -0.75859665870667 -3.8808887004852 -0.0019982270896435 -2.4605144062662e-05
0.017380565404892 -0.51683592796326 -1.8831400871277 -0.74370169639587 -3.8606679439545 -0.0018728189170361 0.00012178342149127
0.038381427526474 -0.49913501739502 -1.9148752689362 -0.73014712333679 -3.8400888442993 -0.002156775444746 -1.7850074073067e-05
0.060184329748154 -0.48154520988464 -1.9460918903351 -0.71663808822632 -3.8180882930756 -0.0022890977561474 0.00010302977898391
0.082928985357285 -0.46417593955994 -1.9766664505005 -0.70344257354736 -3.7951531410217 -0.0022120885550976 5.5662738304818e-05
0.10662731528282 -0.44708561897278 -2.0064535140991 -0.69093251228333 -3.7714822292328 -0.0025372914969921 3.0363018595381e-05
0.13138136267662 -0.43027591705322 -2.0355372428894 -0.67880415916443 -3.746794462204 -0.0027475766837597 9.8936463473365e-05
0.15713104605675 -0.41379737854004 -2.0638029575348 -0.66721796989441 -3.7212240695953 -0.0028794221580029 8.3929196989629e-05
0.18402656912804 -0.3975989818573 -2.0914421081543 -0.65590524673462 -3.694530248642 -0.0031142644584179 3.4903991036117e-05
0.21196588873863 -0.38155174255371 -2.1184313297272 -0.64524626731873 -3.6661911010742 -0.0032656602561474 -3.1737366953166e-05
0.24115738272667 -0.36593818664551 -2.1444644927979 -0.63509893417358 -3.6374173164368 -0.0036759786307812 5.6635370128788e-05
