3.5116440244565e-07 3.5721399171962e-07 0.91483938694
6.2559365687775e-07 5.8023391602546e-07 0.91483944654465
4.0481165797246e-07 5.5455450365116e-07 0.91483962535858
6.1683414287472e-07 5.4631112789139e-07 0.91483950614929
3.6563051253324e-07 9.9730414149235e-07 0.91483974456787
4.2880040496129e-07 1.1907357020391e-06 0.91483998298645
5.3970506996848e-07 1.3329440662346e-06 0.91483986377716
7.559669938928e-07 8.7728216158212e-07 0.91483986377716
7.5700029356085e-07 6.1046159771649e-07 0.91483980417252
9.2599032086582e-07 5.9677137187464e-07 0.91483986377716
1.2978392760488e-06 3.0287952768049e-07 0.91483968496323
1.5902595578154e-06 -5.02168688854e-08 0.91483962535858
1.811463789636e-06 -1.997727139269e-07 0.91483974456787
2.1536002350331e-06 -1.8694677805797e-08 0.91483998298645
1.880112336039e-06 2.5027989636328e-07 0.91483986377716
1.9050596620218e-06 4.1322655874865e-07 0.91483992338181
2.1898401882936e-06 9.7352426564612e-08 0.91484016180038
1.6656650814184e-06 3.1029998126542e-07 0.91484022140503
1.4287071508079e-06 7.3231251462857e-07 0.91484040021896
1.7008459280987e-06 8.8301544565184e-07 0.91484045982361
2.0975410279789e-06 3.5290750588501e-07 0.91484034061432
2.090229145324e-06 9.9555386157135e-08 0.91484040021896
2.3496786525357e-06 -2.6147864673476e-07 0.91484034061432
2.5702454422571e-06 -3.872471268096e-07 0.91484045982361
2.4190544536395e-06 -3.4156198580604e-07 0.91484051942825
2.4115879568853e-06 1.4888800414781e-08 0.9148405790329
2.0251616206224e-06 3.5124617170368e-07 0.9148405790329
1.9462850104901e-06 4.4260551135267e-07 0.91484051942825
1.861684609139e-06 2.3221507206017e-07 0.91484075784683
1.6443050299131e-06 5.667633899975e-07 0.91484087705612
1.4015404303791e-06 9.2902496362512e-08 0.91484093666077
1.307772436121e-06 2.3608457411228e-07 0.91484099626541
2.07818357012e-06 4.1217646185032e-07 0.9148411154747
2.1047428617749e-06 3.3452991488048e-07 0.91484117507935
2.3199122551887e-06 5.59606405659e-07 0.91484117507935
2.5895528779074e-06 1.8822315439593e-07 0.91484105587006
2.4923340333771e-06 8.1466012602505e-08 0.91484117507935
2.5032795747393e-06 -3.826521677297e-08 0.91484135389328
2.3928771497594e-06 -2.3218981937134e-07 0.91484135389328
2.3597608560522e-06 -3.6077014442526e-07 0.91484135389328
1.9924339085264e-06 -6.3722296772539e-08 0.9148416519165
1.6630032178e-06 2.0176074144729e-07 0.91484171152115
1.4727410189153e-06 2.5300150241492e-07 0.91484194993973
1.5200043890218e-06 -2.0936113287462e-08 0.91484206914902
1.3943620160717e-06 -6.4408226307933e-08 0.91484200954437
1.3968170833323e-06 -1.0951903561818e-07 0.91484189033508
1.7383370050084e-06 1.6533351754333e-07 0.91484189033508
1.8678863398236e-06 -1.6333811458935e-07 0.91484200954437
1.4424909977606e-06 2.6818273113349e-07 0.91484206914902
1.0811668289534e-06 1.9359615066605e-07 0.91484212875366
1.0645925385688e-06 5.1909427156716e-07 0.9148423075676
8.8656037178225e-07 3.5909911844101e-07 0.91484236717224
6.0540207869053e-07 1.3899884265811e-07 0.91484254598618
3.9593655287717e-07 1.2410023941811e-07 0.91484236717224
4.7227280219886e-07 1.4955928406835e-07 0.91484242677689
4.6141300913405e-07 3.4324796160945e-07 0.91484236717224
4.734175718113e-07 -2.737761235494e-07 0.91484236717224
6.9918775125188e-07 1.7408190444712e-08 0.91484248638153
4.0030295167526e-07 -8.210657398422e-08 0.91484248638153
0.0039366772398353 0.0023998145479709 0.91489523649216
0.015791973099113 0.0085812900215387 0.9150071144104
0.027858350425959 0.014574525877833 0.91510158777237
0.039284069091082 0.021155836060643 0.91522681713104
0.049184806644917 0.029590969905257 0.9152729511261
0.058790847659111 0.0383684001863 0.91532754898071
0.068095773458481 0.04725306853652 0.9153738617897
0.078048385679722 0.055680636316538 0.91544932126999
0.087641932070255 0.064375855028629 0.91547876596451
0.097272321581841 0.073067493736744 0.91554033756256
0.10696244984865 0.081758968532085 0.91555440425873
0.11658532172441 0.090431623160839 0.91560935974121
0.12607660889626 0.09919012337923 0.91547477245331
0.1356535255909 0.10790287703276 0.91556537151337
0.14529521763325 0.11657879501581 0.91553544998169
0.1548865288496 0.12530981004238 0.91545909643173
0.16452200710773 0.133983284235 0.91547113656998
0.17400945723057 0.14279380440712 0.9154931306839
0.18350370228291 0.15155531466007 0.91548353433609
0.19318436086178 0.16015581786633 0.91549742221832
0.20283567905426 0.16884559392929 0.91547554731369
0.2124135196209 0.17756731808186 0.91544300317764
0.22194711863995 0.1862598657608 0.91521435976028
0.23143562674522 0.19502478837967 0.91523176431656
0.24119670689106 0.2036324441433 0.91527688503265
0.2507481276989 0.21236717700958 0.91529673337936
