0.0077482219785452 0.071560353040695 1.2744244337082 0.002976480871439 -0.00023020699154586 3.075852394104 2.3038557628752e-05
0.017354071140289 0.079581052064896 1.2533596754074 0.0028541798237711 -0.00039961287984625 3.0370771884918 6.7460372520145e-05
0.0269520804286 0.087610572576523 1.2323232889175 0.0029279997106642 -0.00063581595895812 2.9983675479889 6.4147636294365e-05
0.036548439413309 0.095651209354401 1.2112905979156 0.0029509156011045 -0.00092750525800511 2.9592957496643 -1.6526664694538e-05
0.046141155064106 0.10366590321064 1.1902424097061 0.0032309198286384 -0.0010337885469198 2.9200286865234 -2.4502995074727e-05
0.055747501552105 0.11170156300068 1.169217467308 0.003343669231981 -0.0015507007483393 2.8811271190643 2.0393421436893e-05
0.06533494591713 0.11971274018288 1.1481672525406 0.0037736431695521 -0.001824920414947 2.8420355319977 2.7852942366735e-05
0.074918530881405 0.12774950265884 1.1271308660507 0.0043571409769356 -0.0021093229297549 2.8022074699402 5.3014544391772e-05
0.084540218114853 0.13577780127525 1.1060885190964 0.0051739574410021 -0.0028268194291741 2.7626602649689 3.0872888601152e-05
0.094136968255043 0.1438159942627 1.0850400924683 0.0062198787927628 -0.0035925402771682 2.7233521938324 2.5510096747894e-05
0.10373723506927 0.15184330940247 1.0640070438385 0.0072185480967164 -0.0042033172212541 2.6833567619324 6.6985143348575e-05
0.11334353685379 0.15985769033432 1.0429648160934 0.0077493046410382 -0.0045087509788573 2.6440145969391 6.9141792664595e-06
0.12294885516167 0.16788068413734 1.0219212770462 0.0060395388863981 -0.0032859982457012 2.6044340133667 8.0133213486988e-06
0.13253250718117 0.1758953332901 1.0008773803711 -0.00057980191195384 0.00094440067186952 2.5654625892639 0.00010240536357742
0.14215092360973 0.18393784761429 0.97984492778778 -0.012687529437244 0.0082055665552616 2.5279440879822 2.0100067558815e-05
0.15173508226871 0.19196239113808 0.95880389213562 -0.022736610844731 0.013721358962357 2.4892058372498 4.6968743845355e-05
0.15146906673908 0.18991610407829 0.94999551773071 -0.014900034293532 0.0093401353806257 2.4682941436768 0.00014738475147169
0.14380134642124 0.18032240867615 0.94998925924301 -0.0071437689475715 0.0049907835200429 2.467520236969 3.7285299185896e-05
0.13613753020763 0.17073041200638 0.94999074935913 -0.0034361430443823 0.0026060214731842 2.4671461582184 7.6681782957166e-05
0.1285056322813 0.16112291812897 0.94998759031296 -0.00098341854754835 0.00096172565827146 2.4672131538391 -1.0215830116067e-05
0.12083438038826 0.15153661370277 0.9499916434288 0.00069734454154968 -0.00046483791084029 2.467080116272 4.2974723328371e-05
0.11319901049137 0.14191907644272 0.94998735189438 0.0019164938712493 -0.0015033625531942 2.4673998355865 5.0072747399099e-05
0.10553319752216 0.13233135640621 0.94998866319656 0.0022812050301582 -0.0020222938619554 2.4672973155975 -3.6577091577783e-06
0.097863703966141 0.12271735072136 0.9499808549881 0.0020360122434795 -0.0018592542037368 2.467089176178 7.7913449786138e-05
0.090207308530807 0.11313655972481 0.94998544454575 0.0011981388088316 -0.0011190861696377 2.4668478965759 9.1704368969658e-06
0.08255073428154 0.10353010892868 0.94997876882553 0.00022294629889075 1.6900441551115e-05 2.4672377109528 -1.0816688700288e-05
0.074909776449203 0.093935117125511 0.9499843120575 -0.00076867500320077 0.00085868436144665 2.4670312404633 1.3906788808526e-05
0.067232698202133 0.084336280822754 0.94998180866241 -0.0011535931844264 0.00120680895634 2.466995716095 5.7203895266866e-05
0.059595063328743 0.074740037322044 0.94997400045395 -0.0011489308672026 0.0014974824152887 2.4674649238586 3.2032599847298e-05
0.051959648728371 0.065133064985275 0.94998645782471 -0.001240762299858 0.001383796101436 2.4673581123352 -7.4977456279157e-06
0.044297114014626 0.055530577898026 0.94998520612717 -0.0011943691642955 0.0012658559717238 2.4675028324127 0.00010738251148723
0.036635212600231 0.04594498872757 0.9499763250351 -0.0011501415865496 0.0011273920536041 2.4674167633057 7.0802612754051e-05
0.029001049697399 0.036338523030281 0.94998240470886 -0.001057444838807 0.0013044083025306 2.4674944877625 2.2840980818728e-05
0.021336823701859 0.026732176542282 0.94998013973236 -0.0010043359361589 0.0012485269689932 2.4675049781799 -3.1041759029904e-07
0.01368023455143 0.017134413123131 0.94998621940613 -0.0010459693148732 0.0011492448393255 2.4672389030457 -3.2334490242647e-05
0.0060449540615082 0.00754114985466 0.94996917247772 -0.0011291123228148 0.0012318619992584 2.4676790237427 9.5280222012661e-05
-0.0016344115138054 -0.0020656883716583 0.94997346401215 -0.0010073070880026 0.0011679728049785 2.4676764011383 1.0313809980289e-05
-0.0092477053403854 -0.011656768620014 0.94997537136078 -0.0009130229591392 0.0011383556993678 2.4679622650146 2.204723750765e-05
-0.016914680600166 -0.021270282566547 0.94996243715286 -0.00094454805366695 0.0011601762380451 2.4679882526398 -7.2821667345124e-06
-0.024598147720098 -0.030843213200569 0.94995713233948 -0.0011739713372663 0.0011873447801918 2.4675753116608 6.2563260144088e-05
-0.032251246273518 -0.040461413562298 0.94995373487473 -0.0009081126190722 0.0011190001387149 2.4677929878235 2.3264979972737e-05
-0.039939768612385 -0.050040744245052 0.94996309280396 -0.00091276556486264 0.0011428435100242 2.4676263332367 1.2476650681492e-06
-0.047550216317177 -0.059662699699402 0.94995188713074 -0.00085936381947249 0.0011619940632954 2.4675807952881 3.0630530091003e-05
-0.055225286632776 -0.06924145668745 0.94994884729385 -0.00081429193960503 0.0010676617966965 2.4677481651306 0.00010886860400205
-0.062881126999855 -0.07885205745697 0.9499306678772 -0.00088327244156972 0.0011045013088733 2.4684710502625 -3.0126253477647e-05
-0.07053031027317 -0.088443361222744 0.94993585348129 -0.00080886750947684 0.001147901522927 2.4682068824768 -3.3576945952518e-06
-0.078203767538071 -0.098031431436539 0.94989728927612 -0.00076800282113254 0.0011477994266897 2.467679977417 2.8196940547787e-05
-0.085854463279247 -0.10764240473509 0.94990003108978 -0.00083531375275925 0.0011117678368464 2.4679765701294 1.6007161320886e-05
-0.09350074082613 -0.1172533929348 0.94992971420288 -0.00092644314281642 0.0012227875413373 2.4681928157806 9.5988325483631e-05
-0.1011494025588 -0.12683686614037 0.94990509748459 -0.0008414865587838 0.0010358914732933 2.468154668808 -6.5512649598531e-06
-0.10882202535868 -0.13644400238991 0.94989931583405 -0.00094100437127054 0.0012420780258253 2.4678473472595 1.4497105667033e-06
-0.11643911153078 -0.14605198800564 0.9498964548111 -0.0009740506648086 0.0011967510217801 2.4685702323914 -2.4226354071288e-05
-0.12408998608589 -0.15563133358955 0.94985324144363 -0.00088028982281685 0.0011680425377563 2.4685921669006 1.064346088242e-05
-0.1317787617445 -0.16523371636868 0.94985073804855 -0.00076279987115413 0.0011932264314964 2.4683067798615 4.714198075817e-05
-0.13942964375019 -0.17484156787395 0.94983381032944 -0.00079683633521199 0.0012399118859321 2.468136548996 3.7008076105849e-06
-0.14708206057549 -0.18444190919399 0.94987237453461 -0.00084199861157686 0.0012944381451234 2.4679334163666 5.8888053899864e-05
-0.15474796295166 -0.19404956698418 0.94991648197174 -0.0010859529720619 0.001152635901235 2.4683613777161 3.1098727049539e-05
