0.094615548849106 0.29184338450432 -1.8670217990875 -1.5692880153656 -1.4104514122009 0.00055189779959619 2.3038557628752e-05
0.1525112092495 0.32064005732536 -1.9401314258575 -1.5250647068024 -1.313826084137 0.00097246817313135 6.7460372520145e-05
0.21425494551659 0.34605070948601 -2.0102694034576 -1.4805147647858 -1.2130732536316 0.0013920848723501 6.4147636294365e-05
0.27964553236961 0.3676685988903 -2.0776371955872 -1.4349534511566 -1.108891248703 0.0018841808196157 -1.6526664694538e-05
0.34845408797264 0.38477942347527 -2.1421544551849 -1.3881013393402 -1.0010962486267 0.0025159900542349 -2.4502995074727e-05
0.42031249403954 0.39685198664665 -2.2038583755493 -1.3391981124878 -0.89006185531616 0.0035512035246938 2.0393421436893e-05
0.49459418654442 0.40276905894279 -2.2626256942749 -1.2875952720642 -0.77645683288574 0.0048167295753956 2.7852942366735e-05
0.57046520709991 0.40166947245598 -2.3182528018951 -1.2328476905823 -0.66116523742676 0.0068690367043018 5.3014544391772e-05
0.64717400074005 0.39209744334221 -2.3703851699829 -1.1743905544281 -0.54491329193115 0.010228831321001 3.0872888601152e-05
0.72337973117828 0.37256953120232 -2.418532371521 -1.1124386787415 -0.42925953865051 0.01611490920186 2.5510096747894e-05
0.79823458194733 0.3410539329052 -2.4619028568268 -1.0474333763123 -0.31459712982178 0.026048380881548 6.6985143348575e-05
0.87058365345001 0.29549500346184 -2.4995691776276 -0.98155927658081 -0.20268988609314 0.043518740683794 6.9141792664595e-06
0.93958008289337 0.23337408900261 -2.5304734706879 -0.91687488555908 -0.094302177429199 0.071868136525154 8.0133213486988e-06
1.0044990777969 0.15396544337273 -2.5543847084045 -0.85106468200684 0.010071516036987 0.10951586067677 0.00010240536357742
1.0650230646133 0.063288182020187 -2.5736844539642 -0.77023720741272 0.10942006111145 0.13884897530079 2.0100067558815e-05
1.120698094368 -0.026315003633499 -2.5918211936951 -0.65400791168213 0.20451235771179 0.13074941933155 4.6968743845355e-05
1.1082926988602 -0.055061370134354 -2.5984513759613 -0.57161593437195 0.21131634712219 0.083682730793953 0.00014738475147169
1.0483900308609 -0.054457455873489 -2.5923216342926 -0.55276465415955 0.15185904502869 0.057911589741707 3.7285299185896e-05
0.98932659626007 -0.060617953538895 -2.5821216106415 -0.54575896263123 0.092969179153442 0.046849921345711 7.6681782957166e-05
0.93143999576569 -0.069799929857254 -2.5695235729218 -0.54339027404785 0.035137891769409 0.041057780385017 -1.0215830116067e-05
0.87500441074371 -0.080550938844681 -2.5554013252258 -0.54213738441467 -0.021137475967407 0.036465838551521 4.2974723328371e-05
0.82025015354156 -0.092191487550735 -2.5403895378113 -0.5399341583252 -0.076285362243652 0.030889704823494 5.0072747399099e-05
0.76737082004547 -0.1047206223011 -2.5246112346649 -0.53575134277344 -0.12881588935852 0.023486331105232 -3.6577091577783e-06
0.71641552448273 -0.11806014180183 -2.5081715583801 -0.53017258644104 -0.17974877357483 0.014799788594246 7.7913449786138e-05
0.66755449771881 -0.13233354687691 -2.4906919002533 -0.52501320838928 -0.22836112976074 0.0064260512590408 9.1704368969658e-06
0.62072241306305 -0.14740946888924 -2.4719672203064 -0.5224277973175 -0.27572560310364 0.00013943016529083 -1.0816688700288e-05
0.57598888874054 -0.16326549649239 -2.451516866684 -0.52337908744812 -0.32030057907104 -0.003407284617424 1.3906788808526e-05
0.53331291675568 -0.17951872944832 -2.429703950882 -0.52760863304138 -0.36295938491821 -0.0046925991773605 5.7203895266866e-05
0.49263346195221 -0.19604137539864 -2.4067640304565 -0.53398108482361 -0.40375399589539 -0.0047486275434494 3.2032599847298e-05
0.45388281345367 -0.212880641222 -2.3827931880951 -0.54158353805542 -0.44237852096558 -0.0042169541120529 -7.4977456279157e-06
0.41703999042511 -0.22969225049019 -2.358279466629 -0.54971766471863 -0.47932505607605 -0.0036957710981369 0.00010738251148723
0.38202774524689 -0.24665716290474 -2.3330950737 -0.55831861495972 -0.51441740989685 -0.0032859295606613 7.0802612754051e-05
0.34873402118683 -0.26372769474983 -2.3072679042816 -0.56737017631531 -0.54771876335144 -0.0030584782361984 2.2840980818728e-05
0.31714355945587 -0.28093960881233 -2.2808198928833 -0.57685136795044 -0.57918930053711 -0.002815768122673 -3.1041759029904e-07
0.28706133365631 -0.29817393422127 -2.2538766860962 -0.58673429489136 -0.60936045646667 -0.0025256127119064 -3.2334490242647e-05
0.25847494602203 -0.31560042500496 -2.2263903617859 -0.59668254852295 -0.63784217834473 -0.0026004761457443 9.5280222012661e-05
0.23124325275421 -0.33302763104439 -2.1982686519623 -0.60778093338013 -0.66528797149658 -0.0023348778486252 1.0313809980289e-05
0.20539677143097 -0.35056307911873 -2.1696791648865 -0.61898136138916 -0.69127249717712 -0.0021565407514572 2.204723750765e-05
0.18077671527863 -0.3682499229908 -2.1405353546143 -0.63055419921875 -0.71572375297546 -0.0020328015089035 -7.2821667345124e-06
0.15731108188629 -0.38602164387703 -2.1109745502472 -0.64207100868225 -0.73913049697876 -0.0021195858716965 6.2563260144088e-05
0.13490402698517 -0.40387633442879 -2.0807328224182 -0.65481352806091 -0.76179003715515 -0.0019011944532394 2.3264979972737e-05
0.11352694034576 -0.42180517315865 -2.0500905513763 -0.66759848594666 -0.78317618370056 -0.0017631500959396 1.2476650681492e-06
0.09323513507843 -0.43992879986763 -2.0188770294189 -0.68071579933167 -0.8035204410553 -0.001761719584465 3.0630530091003e-05
0.07378876209259 -0.45812299847603 -1.9872272014618 -0.69424724578857 -0.82328200340271 -0.0016670674085617 0.00010886860400205
0.055207848548889 -0.47653892636299 -1.9549551010132 -0.70813274383545 -0.84179472923279 -0.0016093701124191 -3.0126253477647e-05
0.037509083747864 -0.49503019452095 -1.922219991684 -0.7223072052002 -0.85967469215393 -0.0017049759626389 -3.3576945952518e-06
0.02052891254425 -0.51378417015076 -1.8888070583344 -0.73710870742798 -0.87651920318604 -0.0016010254621506 2.8196940547787e-05
0.0042692422866821 -0.5326886177063 -1.8548765182495 -0.75210690498352 -0.89292144775391 -0.001522108912468 1.6007161320886e-05
-0.011219143867493 -0.55175185203552 -1.8203086853027 -0.76755142211914 -0.90819478034973 -0.0015464276075363 9.5988325483631e-05
-0.026195406913757 -0.57104301452637 -1.7851901054382 -0.78343486785889 -0.92358183860779 -0.0014951676130295 -6.5512649598531e-06
-0.040407776832581 -0.59067034721375 -1.7492651939392 -0.79976058006287 -0.93726706504822 -0.0014603585004807 1.4497105667033e-06
-0.054154515266418 -0.61037874221802 -1.7128641605377 -0.81637716293335 -0.95138049125671 -0.0015230625867844 -2.4226354071288e-05
-0.067334294319153 -0.63055610656738 -1.6756076812744 -0.83358645439148 -0.9645459651947 -0.0014768093824387 1.064346088242e-05
-0.0799959897995 -0.65086698532104 -1.6376175880432 -0.85131120681763 -0.97711181640625 -0.0014625042676926 4.714198075817e-05
-0.092180371284485 -0.67152190208435 -1.5988762378693 -0.86927103996277 -0.98951983451843 -0.0014598816633224 3.7008076105849e-06
-0.10387980937958 -0.69247245788574 -1.5591990947723 -0.88793253898621 -1.0012440681458 -0.0014367550611496 5.8888053899864e-05
-0.11519277095795 -0.71389651298523 -1.5186388492584 -0.90698266029358 -1.01260638237 -0.0014062374830246 3.1098727049539e-05
