1.5411828258038e-08 -8.2996479022768e-08 0.91483926773071
-3.6058713703824e-07 -1.5086094595773e-09 0.91483902931213
-2.920692168118e-07 -9.3227086495062e-08 0.91483908891678
-2.1766960855985e-07 -9.389095367851e-08 0.91483920812607
2.8977365218452e-07 -2.7445432237982e-07 0.91483920812607
5.0737941137413e-07 -5.1574409098976e-07 0.91483968496323
7.2009828500086e-07 -1.8465384243882e-07 0.91483980417252
4.8414057118862e-07 -8.0957880754795e-07 0.91484022140503
4.598616385465e-07 -4.9068762564275e-07 0.91484022140503
6.8531204533429e-07 -9.900385293804e-07 0.91484004259109
1.1164012221343e-06 -6.8329921987242e-07 0.91484010219574
1.1115832876385e-06 -1.0380109642938e-06 0.91484004259109
1.4390329852176e-06 -1.4670688415208e-06 0.91484016180038
1.2996713394386e-06 -1.2117300229875e-06 0.91484016180038
1.7474317246524e-06 -1.2696259545919e-06 0.91484040021896
2.0031839085277e-06 -1.4988935390647e-06 0.9148405790329
2.1825389922014e-06 -1.6477589497299e-06 0.91484045982361
1.8606403955346e-06 -1.740296056596e-06 0.91484063863754
2.0083509753022e-06 -1.6219963754338e-06 0.91484075784683
1.7515463923701e-06 -1.9193698790332e-06 0.91484081745148
1.6042439483499e-06 -2.0209918147884e-06 0.91484087705612
1.2485036222643e-06 -1.3767876225756e-06 0.91484087705612
1.4040376754565e-06 -1.6277613212878e-06 0.91484105587006
1.5348113038272e-06 -1.3265851066535e-06 0.91484099626541
1.4975850035626e-06 -1.4146211242405e-06 0.91484081745148
1.3176328366171e-06 -1.3847379705112e-06 0.91484093666077
1.1502487495818e-06 -1.1937664794459e-06 0.91484105587006
1.3236307268016e-06 -8.1263004858556e-07 0.91484099626541
1.0654650850483e-06 -7.5282360967321e-07 0.9148411154747
-0.0022359674330801 -0.0058142025955021 0.91498041152954
-0.0068994336761534 -0.017786374315619 0.91513955593109
-0.011606113053858 -0.029775658622384 0.91530847549438
-0.017965961247683 -0.04039179906249 0.91539317369461
-0.025701249018312 -0.049971774220467 0.91541701555252
-0.033269967883825 -0.05962997674942 0.91544163227081
-0.041021220386028 -0.069165877997875 0.91544270515442
-0.048622373491526 -0.078794449567795 0.91545981168747
-0.056114170700312 -0.088481962680817 0.91546607017517
-0.063833475112915 -0.098062664270401 0.91547322273254
-0.071610130369663 -0.10756228864193 0.91549187898636
-0.079219236969948 -0.11723680794239 0.91548246145248
-0.086771659553051 -0.12687815725803 0.91549783945084
-0.094466514885426 -0.13647381961346 0.91550022363663
-0.10216997563839 -0.14599460363388 0.91549277305603
-0.10984669625759 -0.15560881793499 0.915482878685
-0.11738514155149 -0.16526757180691 0.9155330657959
-0.12520396709442 -0.17475661635399 0.91547286510468
-0.13282427191734 -0.18439711630344 0.91549998521805
-0.14044444262981 -0.19400826096535 0.91548371315002
-0.14809872210026 -0.20357671380043 0.91546338796616
-0.15582942962646 -0.21314410865307 0.9154794216156
-0.16341266036034 -0.22280457615852 0.91547739505768
-0.17101357877254 -0.23241606354713 0.91542482376099
-0.17872357368469 -0.24205669760704 0.9154018163681
-0.18641152977943 -0.2515686750412 0.91537636518478
-0.19407618045807 -0.26114904880524 0.91538536548615
-0.20168048143387 -0.27077621221542 0.91537803411484
