-0.018746379762888 0.048969864845276 1.297709941864 0.0009482117020525 0.00020674329425674 -3.05970454216 1.2285981028981e-05
-0.023431304842234 0.044794574379921 1.2893923521042 0.00095951242838055 0.00017233703692909 -3.0107805728912 7.2047485446092e-05
-0.028140030801296 0.040615931153297 1.2811036109924 0.00098359875846654 8.3676168287639e-05 -2.9632241725922 0.00011262176121818
-0.03285201638937 0.036449909210205 1.2727960348129 0.0010904076043516 0.00034140067873523 -2.91459441185 2.5211569663952e-05
-0.037527553737164 0.032305315136909 1.2645238637924 0.00086946727242321 0.00030309607973322 -2.8663046360016 -8.9642880993779e-06
-0.042231619358063 0.028158858418465 1.2562515735626 0.00083099288167432 0.00037478061858565 -2.8180327415466 2.1835996449227e-05
-0.046960383653641 0.023939698934555 1.2479189634323 0.00079534575343132 0.00047781961620785 -2.7703363895416 5.0614187784959e-05
-0.051662549376488 0.019789129495621 1.239645242691 0.00080421799793839 0.00030238390900195 -2.7222166061401 2.8115317036281e-05
-0.056356728076935 0.015635207295418 1.2313461303711 0.00074956280877814 0.00047213819925673 -2.6733963489532 4.613012788468e-05
-0.06105400621891 0.011520519852638 1.223097205162 0.00060233991825953 0.00033720338251442 -2.6252937316895 3.728147567017e-05
-0.065755188465118 0.0073103383183479 1.2147901058197 0.0004457634058781 0.00063337892061099 -2.5777978897095 9.5625640824437e-05
-0.070451661944389 0.0031760931015015 1.2065206766129 0.00055169966071844 0.00045996624976397 -2.5290305614471 -3.4297752335988e-06
-0.075183168053627 -0.001007005572319 1.1982102394104 0.00057369394926354 0.00037165149115026 -2.4816958904266 -9.6478797786403e-06
-0.079872086644173 -0.0051780939102173 1.1898792982101 0.00043817466939799 0.00040509668178856 -2.4328124523163 0.00011362836812623
-0.084565058350563 -0.0093539729714394 1.181601524353 0.00039834016934037 0.00042351917363703 -2.3851625919342 7.3768962465692e-05
-0.089262574911118 -0.013508204370737 1.1733237504959 0.00028841814491898 0.00031920801848173 -2.3369085788727 -1.70215827211e-07
-0.093980252742767 -0.017671518027782 1.1650373935699 0.00014677562285215 0.00014607165940106 -2.2889342308044 -6.8681451921293e-06
-0.098672971129417 -0.021838400512934 1.1567800045013 -7.5778557402373e-06 3.2746600481914e-05 -2.2415564060211 2.1307505448931e-05
-0.10336017608643 -0.025997683405876 1.148498415947 -9.8286538559478e-05 -0.00011278531746939 -2.1927926540375 1.2005992175546e-05
-0.10808585584164 -0.030183140188456 1.1401464939117 -0.00025314060621895 -0.00018868039478548 -2.1448731422424 -2.8722877232212e-06
-0.11279082298279 -0.034348733723164 1.1318291425705 -7.4345756729599e-05 -0.00048580311704427 -2.0970873832703 8.4814782894682e-06
-0.11747848242521 -0.038492545485497 1.1235460042953 -2.2569265638595e-05 -0.00027649162802845 -2.0492630004883 3.3642765629338e-05
-0.12218349426985 -0.042649410665035 1.115287065506 1.588930899743e-06 0.00010809135710588 -2.000337600708 1.0507046681596e-05
-0.12689340114594 -0.04683256149292 1.1069962978363 0.00038871174911037 0.00099236646201462 -1.9526307582855 -1.832318957895e-05
-0.13159891963005 -0.050969280302525 1.0987091064453 0.00077225576387718 0.0023440809454769 -1.9045547246933 0.0001516776974313
-0.13630521297455 -0.055165570229292 1.090359210968 0.001518955337815 0.0037425013724715 -1.8564063310623 -1.7096775991376e-05
-0.14097464084625 -0.059290118515491 1.0821582078934 0.001605041208677 0.005095480941236 -1.8085713386536 -7.9774390542298e-06
-0.14570295810699 -0.063499815762043 1.0737966299057 0.0016096928156912 0.0055866516195238 -1.7611023187637 8.0770238128025e-05
-0.15040510892868 -0.067651264369488 1.0655204057693 0.0014261475298554 0.0052875345572829 -1.7127956151962 1.5992429325706e-05
-0.15510925650597 -0.071806445717812 1.0571966171265 0.0010702515719458 0.0045524509623647 -1.6647493839264 -1.6508018234163e-05
-0.15980532765388 -0.075986690819263 1.0489206314087 0.00085004518041387 0.0040103006176651 -1.6170010566711 4.7690471546957e-05
-0.16449725627899 -0.080155320465565 1.040623664856 0.00056595297064632 0.0034962266217917 -1.5696022510529 9.6167932497337e-06
-0.16921111941338 -0.084278017282486 1.0323007106781 0.00040658749639988 0.0032200096175075 -1.5204181671143 4.1094288462773e-05
-0.1739065349102 -0.088472314178944 1.0239790678024 0.00016831277753226 0.0030386038124561 -1.4731748104095 0.00015584510401823
-0.17864067852497 -0.092616133391857 1.0156271457672 0.0002630740927998 0.002864777110517 -1.4242923259735 -6.0249061789364e-05
-0.18333174288273 -0.096798025071621 1.0074605941772 1.8342590919929e-05 0.0028972586151212 -1.3762860298157 5.1860082749045e-05
-0.18802523612976 -0.10096257179976 0.99912345409393 -0.00021586737420876 0.0030397926457226 -1.3289659023285 6.2216924561653e-05
-0.19270911812782 -0.10511516779661 0.99090105295181 -0.00030274124583229 0.0030657909810543 -1.281121134758 3.0961418815423e-06
-0.19742448627949 -0.10928846895695 0.98257356882095 -0.00055674224859104 0.0030507522169501 -1.2329313755035 7.3066788900178e-05
-0.20213641226292 -0.11344737559557 0.97426718473434 -0.00063607946503907 0.0031651419121772 -1.1849551200867 3.2212694350164e-05
-0.20682699978352 -0.11761382967234 0.96589922904968 -0.00082037970423698 0.0033771812450141 -1.1370099782944 2.127085099346e-05
-0.2115196287632 -0.12178599089384 0.95755386352539 -0.0010877891909331 0.0035630208440125 -1.0890229940414 2.7729553039535e-05
-0.21546846628189 -0.12541900575161 0.94983333349228 -0.00042802773532458 0.0024092271924019 -1.045251250267 -0.0022689918987453
-0.2061408162117 -0.1200303286314 0.94982576370239 0.0024479401763529 -0.0047270115464926 -1.0419147014618 -0.0087385689839721
-0.19655588269234 -0.11442820727825 0.94979411363602 0.0021401152480394 -0.0043011638335884 -1.0421131849289 -0.014904919080436
-0.18694974482059 -0.10883165895939 0.94980269670486 0.0018370966427028 -0.0035338688176125 -1.0417832136154 -0.021257212385535
-0.17732492089272 -0.1032392680645 0.94978767633438 0.001684270449914 -0.0032654365058988 -1.0429118871689 -0.027435589581728
-0.16773180663586 -0.097647801041603 0.94990706443787 0.0014208888169378 -0.0028499702457339 -1.0423381328583 -0.033838264644146
-0.15815582871437 -0.092059925198555 0.94984859228134 0.0012014650274068 -0.0026966813020408 -1.0425796508789 -0.039944790303707
-0.14855101704597 -0.086479745805264 0.94982409477234 0.0011319871991873 -0.0025564674288034 -1.0426745414734 -0.046277996152639
-0.13894218206406 -0.080878466367722 0.94977343082428 0.0011859838850796 -0.0024451480712742 -1.0428364276886 -0.052738301455975
-0.12934678792953 -0.075297996401787 0.94986379146576 0.00098208349663764 -0.0022858048323542 -1.0427695512772 -0.059176616370678
-0.1197424530983 -0.069706916809082 0.94982725381851 0.00096540903905407 -0.0022259568795562 -1.0428260564804 -0.065523624420166
-0.11015873402357 -0.064132392406464 0.9498428106308 0.0010179663076997 -0.0020815681200475 -1.0424848794937 -0.071842581033707
-0.10054811835289 -0.058535747230053 0.94982713460922 0.0010349127696827 -0.0020525695290416 -1.0429050922394 -0.0780980437994
-0.090956278145313 -0.052939537912607 0.94988775253296 0.00080371543299407 -0.0018360606627539 -1.0429087877274 -0.084403842687607
-0.081347018480301 -0.047348111867905 0.94992744922638 0.00078856950858608 -0.0022329236380756 -1.0429536104202 -0.090581499040127
-0.077783785760403 -0.045300830155611 0.97954970598221 -0.0004884889931418 0.0031138237100095 -1.0445927381516 -0.091398797929287
-0.077783480286598 -0.045308358967304 1.0276256799698 -0.0007255565142259 0.0043662558309734 -1.0442281961441 -0.090168945491314
-0.077798292040825 -0.045330882072449 1.0756120681763 -0.00097919907420874 0.0046399827115238 -1.0443896055222 -0.089254714548588
-0.077793903648853 -0.045327603816986 1.1236574649811 -0.001005609636195 0.0052101807668805 -1.0449000597 -0.089313313364983
-0.07777826488018 -0.045366074889898 1.1716270446777 -0.00082906521856785 0.0057237329892814 -1.0449697971344 -0.089318282902241
-0.077813781797886 -0.045369401574135 1.2195905447006 -0.0014844126999378 0.0061205164529383 -1.0451805591583 -0.089233256876469
