-0.062244798988104 0.19646069407463 -1.7378740310669 -1.6010279655457 -1.7154347896576 -0.00018672294390853 1.2285981028981e-05
-0.095112949609756 0.17467257380486 -1.7416393756866 -1.5754859447479 -1.7967734336853 -0.00019149133004248 7.2047485446092e-05
-0.1261171400547 0.15145489573479 -1.7436459064484 -1.5502879619598 -1.8758404254913 -0.00024704285897315 0.00011262176121818
-0.15534129738808 0.12680241465569 -1.7438809871674 -1.5254797935486 -1.9531579017639 -0.00037388154305518 2.5211569663952e-05
-0.18280759453773 0.10096642374992 -1.7424173355103 -1.5010566711426 -2.0287322998047 -0.00046614953316748 -8.9642880993779e-06
-0.20859017968178 0.073905438184738 -1.7391047477722 -1.4773099422455 -2.1028261184692 -0.00050644227303565 2.1835996449227e-05
-0.23264041543007 0.045649975538254 -1.734037399292 -1.4542102813721 -2.1751170158386 -0.00060920068062842 5.0614187784959e-05
-0.25494781136513 0.016643017530441 -1.7272996902466 -1.4319274425507 -2.2455217838287 -0.00063876458443701 2.8115317036281e-05
-0.27568903565407 -0.013270646333694 -1.7188227176666 -1.4105076789856 -2.314576625824 -0.00070814439095557 4.613012788468e-05
-0.29481735825539 -0.043790131807327 -1.7087774276733 -1.3899819850922 -2.3816900253296 -0.00077990838326514 3.728147567017e-05
-0.31239905953407 -0.075070410966873 -1.6970195770264 -1.3705163002014 -2.4471416473389 -0.00093392678536475 9.5625640824437e-05
-0.32863393425941 -0.10685303807259 -1.6835770606995 -1.3521752357483 -2.5115270614624 -0.0008662159088999 -3.4297752335988e-06
-0.34348073601723 -0.13916066288948 -1.6686646938324 -1.3348834514618 -2.5742554664612 -0.00096468278206885 -9.6478797786403e-06
-0.35710373520851 -0.17196205258369 -1.6521050930023 -1.3186132907867 -2.636302947998 -0.0009112770203501 0.00011362836812623
-0.36945381760597 -0.20487979054451 -1.6340863704681 -1.3035490512848 -2.6967744827271 -0.00090340920723975 7.3768962465692e-05
-0.38062182068825 -0.23805764317513 -1.6147294044495 -1.2895848751068 -2.7557573318481 -0.000683348858729 -1.70215827211e-07
-0.39076533913612 -0.27144220471382 -1.5938584804535 -1.2766282558441 -2.8141398429871 -0.00031737633980811 -6.8681451921293e-06
-0.39981427788734 -0.30480292439461 -1.5718877315521 -1.2646160125732 -2.8708159923553 0.00026770285330713 2.1307505448931e-05
-0.40797558426857 -0.3384270966053 -1.548367023468 -1.2534132003784 -2.9276101589203 0.0013196056243032 1.2005992175546e-05
-0.41520062088966 -0.37205293774605 -1.5239450931549 -1.2428617477417 -2.9825849533081 0.002751070773229 -2.8722877232212e-06
-0.4215649664402 -0.40550282597542 -1.4983658790588 -1.2327618598938 -3.0371224880219 0.0050589628517628 8.4814782894682e-06
-0.42714896798134 -0.43867376446724 -1.4718992710114 -1.2227387428284 -3.0907249450684 0.0083357878029346 3.3642765629338e-05
-0.43197146058083 -0.47168424725533 -1.4444794654846 -1.2127859592438 -3.1435437202454 0.012592989951372 1.0507046681596e-05
-0.4361118376255 -0.50453329086304 -1.4160535335541 -1.2034258842468 -3.1956193447113 0.017588812857866 -1.832318957895e-05
-0.43955627083778 -0.53736329078674 -1.3863854408264 -1.1955938339233 -3.2472052574158 0.022185046225786 0.0001516776974313
-0.44241181015968 -0.57071328163147 -1.3549995422363 -1.1908531188965 -3.2979578971863 0.025127131491899 -1.7096775991376e-05
-0.44468393921852 -0.60428142547607 -1.3216831684113 -1.1903195381165 -3.3482089042664 0.025148589164019 -7.9774390542298e-06
-0.44642034173012 -0.63906335830688 -1.28604388237 -1.1940755844116 -3.3979122638702 0.022272784262896 8.0770238128025e-05
-0.44765010476112 -0.67418909072876 -1.2488102912903 -1.2007365226746 -3.4472215175629 0.017683226615191 1.5992429325706e-05
-0.44844260811806 -0.70950889587402 -1.2103459835052 -1.2084939479828 -3.4959485530853 0.013211447745562 -1.6508018234163e-05
-0.44875398278236 -0.74462890625 -1.1709938049316 -1.2159838676453 -3.5443215370178 0.0098807401955128 4.7690471546957e-05
-0.44867649674416 -0.77953815460205 -1.1308467388153 -1.2234063148499 -3.5920991897583 0.0076167173683643 9.6167932497337e-06
-0.44820418953896 -0.8146333694458 -1.0895109176636 -1.2309420108795 -3.6400401592255 0.0063378401100636 4.1094288462773e-05
-0.44741430878639 -0.84980893135071 -1.047167301178 -1.2391443252563 -3.6868650913239 0.0054299421608448 0.00015584510401823
-0.44628992676735 -0.8853223323822 -1.0032382011414 -1.2482080459595 -3.7338609695435 0.0047967024147511 -6.0249061789364e-05
-0.44482842087746 -0.92080283164978 -0.95780754089355 -1.2582347393036 -3.7805781364441 0.0044567175209522 5.1860082749045e-05
-0.44316139817238 -0.95683670043945 -0.91097640991211 -1.2693049907684 -3.8265402317047 0.004021842032671 6.2216924561653e-05
-0.44121447205544 -0.99322295188904 -0.86221075057983 -1.2817161083221 -3.8722763061523 0.0038563795387745 3.0961418815423e-06
-0.4390005171299 -1.0308465957642 -0.81083679199219 -1.2956485748291 -3.9183132648468 0.003632266074419 7.3066788900178e-05
-0.4366001188755 -1.0691735744476 -0.75709652900696 -1.3110637664795 -3.9638695716858 0.0035574026405811 3.2212694350164e-05
-0.43397799134254 -1.1087031364441 -0.70028591156006 -1.3283224105835 -4.0091853141785 0.0034768171608448 2.127085099346e-05
-0.43122997879982 -1.1495966911316 -0.63993787765503 -1.3474588394165 -4.0539379119873 0.003660399466753 2.7729553039535e-05
-0.42815461754799 -1.1888499259949 -0.58139657974243 -1.3687424659729 -4.095320224762 0.0023009367287159 -0.0022689918987453
-0.41959086060524 -1.155711889267 -0.65093302726746 -1.3416442871094 -4.0903401374817 -0.0042384080588818 -0.0087385689839721
-0.41111198067665 -1.1196188926697 -0.72348022460938 -1.3043892383575 -4.0815224647522 -0.0038192681968212 -0.014904919080436
-0.40235248208046 -1.086797952652 -0.78925538063049 -1.2705674171448 -4.0727047920227 -0.0033040456473827 -0.021257212385535
-0.3933986723423 -1.0564861297607 -0.84993529319763 -1.2398519515991 -4.0635466575623 -0.0030680112540722 -0.027435589581728
-0.38423958420753 -1.0278804302216 -0.90649962425232 -1.2113037109375 -4.0542020797729 -0.0028107576072216 -0.033838264644146
-0.37482658028603 -1.0012092590332 -0.95960998535156 -1.1845915317535 -4.0446391105652 -0.0026441030204296 -0.039944790303707
-0.36513939499855 -0.97582793235779 -1.0100317001343 -1.1593813896179 -4.0348801612854 -0.0025120191276073 -0.046277996152639
-0.3552066385746 -0.9516282081604 -1.0580296516418 -1.1354775428772 -4.0248475074768 -0.0024879388511181 -0.052738301455975
-0.34502187371254 -0.92822670936584 -1.1037995815277 -1.1128451824188 -4.0146193504333 -0.0023506097495556 -0.059176616370678
-0.33455315232277 -0.90587639808655 -1.147834777832 -1.0911757946014 -4.004008769989 -0.0023405961692333 -0.065523624420166
-0.3238083422184 -0.88426685333252 -1.190033197403 -1.0703485012054 -3.9933919906616 -0.0022051744163036 -0.071842581033707
-0.31276932358742 -0.86342883110046 -1.230872631073 -1.0503399372101 -3.9822385311127 -0.0021951608359814 -0.0780980437994
-0.30143228173256 -0.8430278301239 -1.2703127861023 -1.0310831069946 -3.9708895683289 -0.002098124474287 -0.084403842687607
-0.28979340195656 -0.82337975502014 -1.3085272312164 -1.0123651027679 -3.9592664241791 -0.0021489076316357 -0.090581499040127
-0.28553906083107 -0.77696824073792 -1.3070998191833 -1.0542049407959 -3.9536373615265 0.0033700056374073 -0.091398797929287
-0.28554430603981 -0.7235107421875 -1.2671248912811 -1.1462528705597 -3.9535529613495 0.0043208189308643 -0.090168945491314
-0.28555646538734 -0.68012070655823 -1.211523771286 -1.2446758747101 -3.9536285400391 0.0048873014748096 -0.089254714548588
-0.28560391068459 -0.64735150337219 -1.1398034095764 -1.3482837677002 -3.953268289566 0.0056492872536182 -0.089313313364983
-0.28560152649879 -0.62684106826782 -1.0495829582214 -1.458291053772 -3.9530031681061 0.006594855338335 -0.089318282902241
-0.28566756844521 -0.62033820152283 -0.93738865852356 -1.5761349201202 -3.9528541564941 0.0069911070168018 -0.089233256876469
