-1.3704286061511e-07 -2.5277319082306e-07 0.91483914852142
-5.809679848312e-08 -2.706323982693e-07 0.91483891010284
2.6462930691196e-07 -3.3417560985072e-07 0.91483891010284
1.2459022968869e-07 -2.5921630708581e-07 0.91483873128891
1.4591572039535e-07 -3.7169888855715e-07 0.91483891010284
-4.4174086610838e-08 -2.9642518484252e-07 0.91483896970749
-1.0274388273501e-07 -6.0109147170806e-07 0.91483896970749
1.0649679893504e-07 -5.4879882327441e-07 0.91483896970749
3.4037353202621e-07 -8.1708452626117e-07 0.91483879089355
1.994622635948e-07 -1.1396937225072e-06 0.91483867168427
4.9558360615265e-07 -1.3496661495083e-06 0.91483891010284
8.9318928075954e-07 -1.1461779649835e-06 0.91483896970749
1.0430968586661e-06 -1.4180649259288e-06 0.91483920812607
1.0474427654117e-06 -1.4098452538747e-06 0.91483914852142
1.0314923883925e-06 -1.4732236195414e-06 0.91483932733536
1.2884365787613e-06 -1.4191971331456e-06 0.91483926773071
1.1278682450211e-06 -1.5651258991056e-06 0.91483950614929
1.3667478242496e-06 -1.7250880546271e-06 0.91483968496323
1.4662792864328e-06 -1.7467613133704e-06 0.91483944654465
1.5305004126276e-06 -1.8598873339215e-06 0.91483956575394
1.4225468021323e-06 -1.6207934550039e-06 0.91483944654465
1.3442165709421e-06 -1.0182972118855e-06 0.91483968496323
1.3050510005996e-06 -9.9667727226915e-07 0.91483962535858
1.4215779629012e-06 -9.3130614686743e-07 0.91483974456787
1.4177896900947e-06 -1.013710289044e-06 0.91483986377716
1.7948532331502e-06 -1.2017096651107e-06 0.91484004259109
1.4216732324712e-06 -7.8355725463553e-07 0.91484004259109
1.5059974884934e-06 -6.2394440192293e-07 0.91484010219574
1.3255817066238e-06 -7.5861885306949e-07 0.91483986377716
1.4485174233414e-06 -9.837145853453e-07 0.91483968496323
1.415942051608e-06 -7.9003160635693e-07 0.91483980417252
1.2716318451567e-06 -9.4326958333113e-07 0.91483980417252
1.6102821973618e-06 -1.3840877954863e-06 0.91483992338181
1.885877281893e-06 -1.299987047787e-06 0.91484004259109
1.4486389545709e-06 -1.9404369595577e-06 0.91484004259109
1.3596982171293e-06 -1.7427646525903e-06 0.91483998298645
1.3862314744983e-06 -1.5228082475005e-06 0.91483992338181
1.4940234223104e-06 -1.3700324643651e-06 0.91483986377716
1.7955657085622e-06 -1.3712270856558e-06 0.91483986377716
1.8811588233802e-06 -1.7085868648792e-06 0.91483986377716
1.9123833681078e-06 -1.8654192217582e-06 0.91484004259109
2.3863540263847e-06 -1.5130220845094e-06 0.91484004259109
1.8502811371945e-06 -1.0697027619244e-06 0.91484028100967
1.5625769265171e-06 -1.1205689816052e-06 0.91484045982361
1.8030200408248e-06 -1.2739698149744e-06 0.91484051942825
1.3806503602609e-06 -1.1502312418088e-06 0.91484040021896
1.3963405081086e-06 -1.0261278475809e-06 0.91484045982361
1.7982785038839e-06 -1.177519607154e-06 0.91484063863754
1.7448371636419e-06 -1.3734479580307e-06 0.9148405790329
1.6518882830496e-06 -8.8718269353194e-07 0.91484051942825
1.2815117997889e-06 -8.8480305748817e-07 0.91484040021896
1.0566053560979e-06 -1.1761785572162e-06 0.91484040021896
8.6808074684086e-07 -1.4575698514818e-06 0.91484051942825
8.6740044480393e-07 -1.278562990592e-06 0.91484087705612
5.6578090834591e-07 -1.5696813306931e-06 0.91484081745148
7.4977668873544e-07 -1.5213649930956e-06 0.91484069824219
0.00068162754178047 0.00033767128479667 0.91524535417557
0.0042706355452538 0.0022224779240787 0.94109952449799
0.0054494100622833 0.0026908877771348 0.98799055814743
0.00644012959674 0.0030156155116856 1.0348397493362
0.0065678153187037 0.0027452688664198 1.0819153785706
0.0062983306124806 0.0028261016122997 1.1291227340698
0.0063810287974775 0.0027841322589666 1.176220536232
