0.007748669013381 0.062962025403976 1.2839379310608 0.0023135673254728 -0.00020423585374374 3.0679869651794 7.0282076194417e-05
0.017344065010548 0.066326707601547 1.2681428194046 0.0022165775299072 -0.00032487680437043 3.0240080356598 -3.1053241400514e-06
0.026931867003441 0.069705650210381 1.2523605823517 0.0022367618512362 -0.00052518676966429 2.9801204204559 3.9384030969813e-05
0.036550462245941 0.073087826371193 1.2365772724152 0.0023304701317102 -0.00071638385998085 2.9364318847656 2.9928405638202e-05
0.04615280777216 0.076471567153931 1.2207889556885 0.0024296769406646 -0.00092139164917171 2.8926491737366 1.6470565242344e-05
0.055746041238308 0.079833537340164 1.2049875259399 0.0026178667321801 -0.0010577945504338 2.8487071990967 2.0437137209228e-05
0.065357774496078 0.083219230175018 1.189205288887 0.0026963788550347 -0.0013438556343317 2.8043329715729 5.985627649352e-05
0.074946224689484 0.086585253477097 1.1734049320221 0.0031298075336963 -0.0015504722250625 2.7603325843811 0.00011467927834019
0.084530681371689 0.089942514896393 1.1576075553894 0.0035130269825459 -0.0021121692843735 2.7162933349609 6.9507565058302e-05
0.094160869717598 0.093334197998047 1.141822218895 0.0038440926000476 -0.0025216878857464 2.6723031997681 4.8204510676442e-05
0.10373373329639 0.096720978617668 1.126035451889 0.0043246722780168 -0.0031271064653993 2.6279125213623 0.00012418479309417
0.11332675814629 0.10007351636887 1.1102409362793 0.0048298416659236 -0.0035653212107718 2.5836896896362 -6.0771594689868e-06
0.12294842302799 0.1034682393074 1.0944486856461 0.0051566367037594 -0.0038752714172006 2.5401282310486 1.9282721041236e-05
0.13252027332783 0.10683637857437 1.0786517858505 0.0048911948688328 -0.0038249306380749 2.4959194660187 0.0001058129928424
0.14214010536671 0.11019468307495 1.0628572702408 0.0034289497416466 -0.002647073706612 2.4514842033386 6.6674896515906e-05
0.15172404050827 0.11357937753201 1.0470740795135 -2.720520751609e-05 0.00032963554258458 2.4081616401672 -1.5358191376436e-06
0.16133919358253 0.11694851517677 1.0312738418579 -0.0054313931614161 0.0053013451397419 2.3649523258209 1.6492036593263e-05
0.1709251254797 0.12033180892467 1.0154858827591 -0.011124228127301 0.01038253121078 2.3216798305511 7.3058749876509e-06
0.18052454292774 0.12371078133583 0.99969565868378 -0.013482219539583 0.012686957605183 2.2775902748108 2.4586750441813e-05
0.1901340931654 0.12708146870136 0.98389542102814 -0.011088462546468 0.010727336630225 2.2325921058655 4.8921479901765e-05
0.19972623884678 0.13044698536396 0.96811103820801 -0.0067092701792717 0.0066269123926759 2.1883618831635 0.00010124620894203
0.20934751629829 0.13380864262581 0.95231312513351 -0.0032684253528714 0.0034331469796598 2.1449165344238 1.1434167390689e-05
0.20265285670757 0.12915851175785 0.9499796628952 -0.0010174759663641 0.0011994573287666 2.1363911628723 -0.0073511418886483
0.19306896626949 0.12306275963783 0.94997262954712 -0.00031944271177053 0.00083293463103473 2.1368255615234 -0.012979519553483
0.1834674179554 0.11695891618729 0.9499876499176 -0.00023831165162846 0.00040766471647657 2.137068271637 -0.019395871087909
0.17383602261543 0.11083099246025 0.94997894763947 -4.664805601351e-05 0.00016968671116047 2.1365752220154 -0.025746710598469
0.16426342725754 0.10470804572105 0.94997721910477 0.00021604713401757 0.00015093931870069 2.1376161575317 -0.032354775816202
0.15465812385082 0.098598822951317 0.94998502731323 0.00017404872050975 -4.9233069148613e-05 2.1369068622589 -0.038759093731642
0.14506608247757 0.092479631304741 0.94997978210449 0.00023713753034826 -0.00017157505499199 2.1367619037628 -0.045226991176605
0.13547137379646 0.086354464292526 0.94997256994247 0.00041068738210015 -0.00027904222952202 2.1369824409485 -0.051676943898201
0.12585836648941 0.080243036150932 0.94997841119766 0.00042267437675036 -0.00031316329841502 2.1367716789246 -0.058087676763535
0.1162718385458 0.074119284749031 0.94997227191925 0.00052451173542067 -0.00043717116932385 2.1370074748993 -0.064347676932812
0.10666915774345 0.068004578351974 0.94996911287308 0.00041281676385552 -0.00041195747326128 2.1369194984436 -0.070695050060749
0.097052827477455 0.061886340379715 0.94997298717499 0.00022417986474466 -0.00028541492065415 2.1369128227234 -0.077052362263203
0.087460875511169 0.05576579272747 0.94997823238373 0.00010693000513129 1.2645185051952e-05 2.136513710022 -0.083311483263969
0.077871218323708 0.049641959369183 0.94995898008347 -0.00012413384683896 0.0005022493423894 2.1370468139648 -0.089659087359905
0.075899884104729 0.048375070095062 0.98848593235016 -0.0017370961140841 0.0018056586850435 2.1381912231445 -0.09201405197382
0.075906425714493 0.048361390829086 1.0364999771118 -0.00334193254821 0.0040670838207006 2.1376237869263 -0.09185404330492
0.075903438031673 0.048374265432358 1.0844833850861 -0.0046181343495846 0.0065146633423865 2.1369252204895 -0.091922156512737
0.075922571122646 0.048349030315876 1.13247859478 -0.0059504695236683 0.0083800451830029 2.1358280181885 -0.091664999723434
0.075899139046669 0.0483578145504 1.1805045604706 -0.0070662838406861 0.010812299326062 2.1336870193481 -0.091679006814957
0.075906053185463 0.04834645986557 1.2284427881241 -0.008196565322578 0.012696970254183 2.1321821212769 -0.091783598065376
