0.09528312087059 0.27070614695549 -1.8281810283661 -1.5863885879517 -1.4016947746277 0.00048371008597314 7.0282076194417e-05
0.15092095732689 0.28791996836662 -1.8805336952209 -1.5512826442719 -1.3022222518921 0.00077410391531885 -3.1053241400514e-06
0.20779141783714 0.30166432261467 -1.9301998615265 -1.5154860019684 -1.2015626430511 0.0011131351348013 3.9384030969813e-05
0.26542529463768 0.3115915954113 -1.9772200584412 -1.4785692691803 -1.1001734733582 0.0014431064482778 2.9928405638202e-05
0.32337245345116 0.31731984019279 -2.0214965343475 -1.4404273033142 -0.99821758270264 0.0020172183867544 1.6470565242344e-05
0.38093051314354 0.31861683726311 -2.0630328655243 -1.4006493091583 -0.89670276641846 0.0025465076323599 2.0437137209228e-05
0.43767938017845 0.31513878703117 -2.1016843318939 -1.3592867851257 -0.79572939872742 0.0034792011138052 5.985627649352e-05
0.49280890822411 0.30659958720207 -2.1373982429504 -1.3162035942078 -0.69673943519592 0.0045768804848194 0.00011467927834019
0.54609072208405 0.29272410273552 -2.1699280738831 -1.2714636325836 -0.59921622276306 0.0063039846718311 6.9507565058302e-05
0.59700500965118 0.27346083521843 -2.1992180347443 -1.2253081798553 -0.5040979385376 0.008846003562212 4.8204510676442e-05
0.64521324634552 0.24867245554924 -2.2250335216522 -1.1783580780029 -0.4118320941925 0.012617308646441 0.00012418479309417
0.69049751758575 0.2181610763073 -2.2470750808716 -1.1313705444336 -0.32249784469604 0.018272120505571 -6.0771594689868e-06
0.73278915882111 0.18195387721062 -2.2650887966156 -1.0858523845673 -0.23607969284058 0.026992995291948 1.9282721041236e-05
0.77191364765167 0.13986012339592 -2.2787256240845 -1.0432147979736 -0.15309977531433 0.040148455649614 0.0001058129928424
0.80807936191559 0.092038124799728 -2.2878224849701 -1.0044672489166 -0.072989702224731 0.05842562392354 6.6674896515906e-05
0.84128296375275 0.039247006177902 -2.2927918434143 -0.96841859817505 0.0041193962097168 0.080192282795906 -1.5358191376436e-06
0.87161028385162 -0.016386061906815 -2.2949080467224 -0.92919278144836 0.078022003173828 0.098645880818367 1.6492036593263e-05
0.8993684053421 -0.071033030748367 -2.2961509227753 -0.87708783149719 0.14954614639282 0.10258837044239 7.3058749876509e-06
0.92456829547882 -0.12200263142586 -2.2974784374237 -0.8073136806488 0.21895694732666 0.085106566548347 2.4586750441813e-05
0.94742596149445 -0.17029264569283 -2.2976679801941 -0.72820544242859 0.28622722625732 0.054620936512947 4.8921479901765e-05
0.96816122531891 -0.21965578198433 -2.2940449714661 -0.65522456169128 0.35102987289429 0.027280047535896 0.00010124620894203
0.98705685138702 -0.27218535542488 -2.2851676940918 -0.59602522850037 0.41339063644409 0.011714175343513 1.1434167390689e-05
0.9628130197525 -0.27719381451607 -2.2865254878998 -0.58207154273987 0.39733171463013 0.0041367560625076 -0.0073511418886483
0.93084967136383 -0.2753954231739 -2.2888774871826 -0.57979846000671 0.36491632461548 0.00229711830616 -0.012979519553483
0.89836132526398 -0.27455499768257 -2.2899096012115 -0.578697681427 0.33217620849609 0.0014268904924393 -0.019395871087909
0.86540758609772 -0.27461579442024 -2.2896983623505 -0.57819104194641 0.29957008361816 0.00084133446216583 -0.025746710598469
0.83228504657745 -0.27524688839912 -2.2886497974396 -0.57813954353333 0.26604843139648 0.00023384392261505 -0.032354775816202
0.79882872104645 -0.27658584713936 -2.286452293396 -0.57828545570374 0.23262453079224 -0.00038962066173553 -0.038759093731642
0.76525509357452 -0.27858832478523 -2.2832984924316 -0.57860660552979 0.19911336898804 -0.0011885613203049 -0.045226991176605
0.73159182071686 -0.2811863720417 -2.2792000770569 -0.57903552055359 0.16544485092163 -0.0022612065076828 -0.051676943898201
0.69791758060455 -0.28437831997871 -2.2741830348969 -0.57946419715881 0.13179540634155 -0.0037270039319992 -0.058087676763535
0.66432726383209 -0.2881832420826 -2.2682781219482 -0.57977604866028 0.098254203796387 -0.0054996460676193 -0.064347676932812
0.63088476657867 -0.29252770543098 -2.2615344524384 -0.57998061180115 0.064775943756104 -0.0075815171003342 -0.070695050060749
0.59766733646393 -0.29743149876595 -2.2539212703705 -0.5800883769989 0.031588077545166 -0.010171934962273 -0.077052362263203
0.56471741199493 -0.30291917920113 -2.2454624176025 -0.58005094528198 -0.0013101100921631 -0.013217970728874 -0.083311483263969
0.53212034702301 -0.30901649594307 -2.236222743988 -0.58000516891479 -0.033970594406128 -0.016393467783928 -0.089659087359905
0.52541649341583 -0.21113088726997 -2.2193975448608 -0.63953733444214 -0.041795969009399 -0.070710703730583 -0.09201405197382
0.52544748783112 -0.10070684552193 -2.1862378120422 -0.7142767906189 -0.041975736618042 -0.13939647376537 -0.09185404330492
0.52544748783112 -0.0071459114551544 -2.1380758285522 -0.78727746009827 -0.041499614715576 -0.20852880179882 -0.091922156512737
0.52544844150543 0.068607300519943 -2.0763895511627 -0.85636568069458 -0.040809631347656 -0.27664214372635 -0.091664999723434
0.52546989917755 0.12690398097038 -2.0027589797974 -0.92093276977539 -0.040244340896606 -0.34405523538589 -0.091679006814957
0.5254899263382 0.16831395030022 -1.9181220531464 -0.98074626922607 -0.039172410964966 -0.41058880090714 -0.091783598065376
