2.0231247788161e-07 2.8436005550248e-07 0.91483920812607
2.9705668680435e-07 4.7949845338735e-07 0.91483926773071
2.0447335202789e-07 4.9100714250017e-07 0.91483926773071
3.7959270571264e-07 1.7376892458287e-07 0.91483914852142
4.8053330203857e-09 2.4431102474409e-07 0.91483920812607
1.395396367343e-07 1.017171030071e-06 0.91483914852142
3.0983235888016e-07 1.3498073485607e-06 0.91483908891678
3.4721438169072e-07 1.9392555259401e-06 0.91483920812607
2.8314823907749e-07 1.8282083829035e-06 0.91483956575394
4.3884182332476e-07 1.7739287159202e-06 0.91483944654465
1.8681340918647e-07 1.791212525859e-06 0.91483914852142
8.0179731298813e-08 1.553349079586e-06 0.91483932733536
3.6237759104552e-07 1.4466036191152e-06 0.91483932733536
4.0265422285302e-07 1.1975441793766e-06 0.91483944654465
4.9824643610918e-07 1.6971821423795e-06 0.91483968496323
6.1669675233134e-07 1.6927049273363e-06 0.91483974456787
4.0043681792667e-07 1.8414714304527e-06 0.91483974456787
4.4640731289292e-07 1.7108209249272e-06 0.91483998298645
5.5107904017859e-07 1.4659136695627e-06 0.91484022140503
5.4464942422783e-07 1.2800823014913e-06 0.91484034061432
3.3017465739249e-07 1.251661956303e-06 0.91484022140503
5.6752185173536e-07 1.0592201533655e-06 0.91484016180038
5.0480042546042e-07 7.227695846268e-07 0.91484034061432
3.0484585522572e-07 9.2272262008919e-07 0.9148405790329
2.8289673537074e-07 1.2374612197164e-06 0.91484051942825
7.0918071060078e-07 8.6122997799976e-07 0.91484081745148
1.0140314543605e-06 1.1096252592324e-06 0.91484105587006
1.4343336260936e-06 1.1865868145833e-06 0.9148411154747
1.4230910210244e-06 1.5081021729202e-06 0.91484117507935
9.7510019259062e-07 2.0020670490339e-06 0.91484123468399
1.2518205494416e-06 2.0790967028006e-06 0.91484135389328
1.4857636188026e-06 2.2568403892365e-06 0.9148411154747
1.3911029554947e-06 2.0608931663446e-06 0.91484123468399
1.5542473192909e-06 2.1986443243804e-06 0.91484117507935
1.4409813502425e-06 2.2925378289074e-06 0.91484117507935
1.6056205822679e-06 2.541528601796e-06 0.91484129428864
-0.0010004215873778 -0.00071153265889734 0.94918441772461
-0.0013349099317566 -0.00073600804898888 0.99674367904663
-0.0013350787339732 -0.00064525491325185 1.0444058179855
-0.0016793312970549 -0.00096729956567287 1.092033624649
-0.0019720860291272 -0.0010470632696524 1.1397750377655
-0.0020106986630708 -0.00078976259101182 1.1871824264526
