-0.02774840593338 0.067869275808334 1.2765297889709 0.0027659467887133 0.00024542378378101 -3.0632677078247 1.0921336297542e-06
-0.037328705191612 0.073931962251663 1.2566952705383 0.0026224832981825 0.00054873165208846 -3.0167667865753 -1.0438751814945e-05
-0.046953208744526 0.079961284995079 1.2368397712708 0.002660465426743 0.0007681610295549 -2.9716303348541 -4.1034694731934e-05
-0.05655001103878 0.086004942655563 1.2169795036316 0.0028809765353799 0.00086919090244919 -2.9249432086945 7.6432566856965e-05
-0.066153705120087 0.092042908072472 1.197123169899 0.0028899519238621 0.0011556907556951 -2.8788342475891 2.9700619052164e-05
-0.075760617852211 0.098086625337601 1.1772611141205 0.0030035700183362 0.0014914522180334 -2.8326382637024 4.1199302359018e-05
-0.085357755422592 0.10412622988224 1.1574285030365 0.0031820540316403 0.0016263736179098 -2.7867691516876 6.1819714574085e-06
-0.094950065016747 0.11018271744251 1.1375621557236 0.0033890043850988 0.0021748810540885 -2.7405095100403 5.2754319312953e-07
-0.10455331206322 0.11620652675629 1.1176960468292 0.0036669434048235 0.0025077734608203 -2.6945304870605 2.1101719539729e-05
-0.11415264010429 0.12223121523857 1.097834944725 0.0039960388094187 0.0027380976825953 -2.6479923725128 -1.0579440640868e-05
-0.12377297878265 0.12827433645725 1.0779759883881 0.0042523345910013 0.0032055554911494 -2.6021332740784 6.0272130212979e-05
-0.13334105908871 0.13432374596596 1.0581345558167 0.0044737565331161 0.0036121578887105 -2.5555114746094 2.7125162887387e-05
-0.14294929802418 0.1403706073761 1.038267493248 0.0046371701173484 0.0040469910018146 -2.5092258453369 -2.2986698240857e-05
-0.15254810452461 0.14641386270523 1.0184235572815 0.0045161973685026 0.0039733676239848 -2.4633169174194 -1.4884332813381e-05
-0.16213200986385 0.15245033800602 0.99855560064316 0.0037617010530084 0.0034330401103944 -2.4170632362366 4.0400056604994e-05
-0.17173093557358 0.15850347280502 0.97868478298187 0.0022864968050271 0.0019525537500158 -2.370795249939 5.9745667385869e-05
-0.18132801353931 0.16453710198402 0.9588149189949 -0.00072469416772947 -0.00090553506743163 -2.3251054286957 1.2699994840659e-05
-0.18021558225155 0.16232758760452 0.94995528459549 -0.0014451942406595 -0.0018496321281418 -2.3034915924072 7.4008030424011e-06
-0.17061147093773 0.1536975055933 0.94995927810669 6.2410443206318e-05 -0.0003524391213432 -2.3022775650024 3.3985576010309e-05
-0.16102340817451 0.14504432678223 0.94995009899139 0.0016051856800914 0.0015147303929552 -2.3029618263245 4.897080725641e-05
-0.15140047669411 0.13639038801193 0.94996452331543 0.003208827227354 0.0034107996616513 -2.3031260967255 2.7250493076281e-05
-0.14180614054203 0.12774175405502 0.94996190071106 0.0046235793270171 0.0052414932288229 -2.3025407791138 6.7896195105277e-05
-0.13222356140614 0.11910097301006 0.94996809959412 0.0056410408578813 0.0066214054822922 -2.3022875785828 3.9489285086347e-07
-0.12261493504047 0.11043974012136 0.94995576143265 0.0060134292580187 0.0074218213558197 -2.3021421432495 6.3486266299151e-05
-0.11302161216736 0.10181515663862 0.94995409250259 0.0057529737241566 0.0072942450642586 -2.3022923469543 9.6103731266339e-06
-0.10343179106712 0.093170210719109 0.94995272159576 0.0049642403610051 0.0062087546102703 -2.3024632930756 0.00015420914860442
-0.093827113509178 0.08450723439455 0.94994109869003 0.0037368517369032 0.0048787659034133 -2.3032150268555 6.5864136558957e-05
-0.084223419427872 0.075884699821472 0.94994348287582 0.0025556427426636 0.0031770637724549 -2.3029127120972 5.3121631935937e-05
-0.074608743190765 0.067231982946396 0.94995725154877 0.0014085001312196 0.0019237786764279 -2.3026661872864 2.5044744688785e-05
-0.065052151679993 0.058598380535841 0.94999468326569 0.0006855798419565 0.00097847264260054 -2.3026161193848 1.4172729606798e-05
-0.055455565452576 0.049948338419199 0.94999808073044 0.00023201931617223 0.00017917848890647 -2.3017654418945 6.7848908656742e-05
-0.045848816633224 0.041302110999823 0.94998264312744 -0.000178072907147 -9.5774041255936e-05 -2.3025035858154 8.7365850049537e-05
-0.036231935024261 0.032671593129635 0.94997864961624 -0.00030211720149964 -0.00044790506944992 -2.30193400383 0.00010578663204797
-0.026645466685295 0.024030264467001 0.94995152950287 -0.00033174655982293 -0.00063259858870879 -2.3020548820496 8.3596278273035e-05
-0.017022468149662 0.015367459505796 0.94994366168976 -0.00043544848449528 -0.00075494957854971 -2.3024888038635 -2.1782681869809e-05
-0.0074493065476418 0.0067274160683155 0.9499306678772 -0.00040644445107318 -0.00080902164336294 -2.3026211261749 5.4112748330226e-05
0.0021401569247246 -0.0019263252615929 0.94996219873428 -0.00056043249787763 -0.00097427616128698 -2.3025691509247 -3.9596488932148e-05
0.011752985417843 -0.010577734559774 0.94996988773346 -0.00056773005053401 -0.0010647317394614 -2.3028035163879 -1.7603146261536e-05
0.02135319262743 -0.019230041652918 0.94995701313019 -0.00065660028485581 -0.0011053325142711 -2.3027477264404 3.8296257116599e-05
0.030950233340263 -0.027871482074261 0.94992929697037 -0.00073068577330559 -0.0010359701700509 -2.3025302886963 0.00013551565643866
0.040554821491241 -0.03650314360857 0.94992595911026 -0.00075382384238765 -0.0011171037331223 -2.3025271892548 3.8872280128999e-05
0.050138872116804 -0.045168176293373 0.94993352890015 -0.00069678807631135 -0.001220939680934 -2.3031282424927 -1.6217172742472e-05
0.059757377952337 -0.053793217986822 0.94993335008621 -0.00077713397331536 -0.0013973698951304 -2.3027119636536 -1.8720938896877e-05
0.069332912564278 -0.062465094029903 0.94992738962173 -0.00083317823009565 -0.0012394309742376 -2.303560256958 4.2728929656732e-06
0.078949078917503 -0.071093864738941 0.94990074634552 -0.00068013626150787 -0.0012966374633834 -2.3023774623871 -7.1172094067151e-06
0.088556878268719 -0.079758860170841 0.94992750883102 -0.00081301800673828 -0.0012637949548662 -2.3034641742706 1.2606535165105e-05
0.098121143877506 -0.088373877108097 0.94990563392639 -0.00094189890660346 -0.0013137779897079 -2.3029363155365 -5.0990463932976e-05
0.10772250592709 -0.097033768892288 0.94993698596954 -0.00090341200120747 -0.0012293426552787 -2.303248167038 1.0636215847626e-05
0.11732740700245 -0.10565707832575 0.94987267255783 -0.00060493743512779 -0.0012066325871274 -2.3029534816742 2.4210605261032e-05
0.12693533301353 -0.11432039737701 0.94990158081055 -0.00073167320806533 -0.0013350321678445 -2.3031625747681 6.7572407715488e-05
0.13652890920639 -0.12298751622438 0.94988799095154 -0.00059720198623836 -0.0011749903205782 -2.3040053844452 -1.3623798622575e-05
0.14615285396576 -0.13162788748741 0.94989055395126 -0.00069155567325652 -0.0013481405330822 -2.3033809661865 8.3143713709433e-05
0.15572166442871 -0.14027650654316 0.94988363981247 -0.00067573983687907 -0.0013047762913629 -2.3039085865021 1.6250567568932e-05
0.16532921791077 -0.14891657233238 0.9498838186264 -0.00075872795423493 -0.0011315210722387 -2.3040363788605 8.7671076471452e-05
0.17491480708122 -0.15756765007973 0.94990545511246 -0.00064313848270103 -0.0011452849721536 -2.3039166927338 3.7332876672735e-05
