-0.095174938440323 0.23139616847038 -1.8182265758514 -1.5574746131897 -1.7439332008362 -0.00051049538888037 1.0921336297542e-06
-0.14898696541786 0.22362753748894 -1.862993478775 -1.5049376487732 -1.8440043926239 -0.00093011208809912 -1.0438751814945e-05
-0.20239010453224 0.2104854285717 -1.9037802219391 -1.4511661529541 -1.9432253837585 -0.0013342315796763 -4.1034694731934e-05
-0.25532546639442 0.19185253977776 -1.9403886795044 -1.3962643146515 -2.0424430370331 -0.0017567093018442 7.6432566856965e-05
-0.30705109238625 0.16799160838127 -1.972941160202 -1.3402214050293 -2.1402304172516 -0.0021770412568003 2.9700619052164e-05
-0.35739269852638 0.1389202773571 -2.0012469291687 -1.283394575119 -2.2370147705078 -0.0029855186585337 4.1199302359018e-05
-0.40583887696266 0.10509631037712 -2.0253469944 -1.226181268692 -2.33136677742 -0.0037918502930552 6.1819714574085e-06
-0.45236006379128 0.0666284263134 -2.045089006424 -1.1690418720245 -2.4238579273224 -0.0050435476005077 5.2754319312953e-07
-0.49684873223305 0.023645848035812 -2.0602107048035 -1.1123960018158 -2.5149466991425 -0.0064940862357616 2.1101719539729e-05
-0.53902280330658 -0.023048907518387 -2.0709278583527 -1.056911945343 -2.6033918857574 -0.0085201673209667 -1.0579440640868e-05
-0.57884466648102 -0.072990447282791 -2.0771973133087 -1.0034589767456 -2.6891412734985 -0.011401694267988 6.0272130212979e-05
-0.61645257472992 -0.12597730755806 -2.0787193775177 -0.95268654823303 -2.7733256816864 -0.015293162316084 2.7125162887387e-05
-0.65178167819977 -0.18141677975655 -2.07568359375 -0.90568923950195 -2.8547174930573 -0.020754616707563 -2.2986698240857e-05
-0.68487346172333 -0.23887279629707 -2.0679774284363 -0.86348485946655 -2.9339544773102 -0.028452675789595 -1.4884332813381e-05
-0.71584022045135 -0.29814627766609 -2.0555469989777 -0.82703733444214 -3.0110619068146 -0.038903515785933 4.0400056604994e-05
-0.74480259418488 -0.35874512791634 -2.0386934280396 -0.79629421234131 -3.085825920105 -0.051901381462812 5.9745667385869e-05
-0.77183401584625 -0.42010405659676 -2.0179023742676 -0.7690589427948 -3.1590170860291 -0.065308377146721 1.2699994840659e-05
-0.76616966724396 -0.44408872723579 -2.0130712985992 -0.75641894340515 -3.1749815940857 -0.071781441569328 7.4008030424011e-06
-0.73555409908295 -0.43840482831001 -2.0219383239746 -0.75646495819092 -3.1454527378082 -0.074874207377434 3.3985576010309e-05
-0.70471560955048 -0.43290117383003 -2.0303285121918 -0.75646495819092 -3.1140520572662 -0.07781033217907 4.897080725641e-05
-0.67361199855804 -0.42768839001656 -2.0380001068115 -0.75508642196655 -3.0828330516815 -0.078912779688835 2.7250493076281e-05
-0.64240920543671 -0.42279174923897 -2.0451850891113 -0.75097942352295 -3.0516669750214 -0.077057883143425 6.7896195105277e-05
-0.61116588115692 -0.41803601384163 -2.0522799491882 -0.74306416511536 -3.0206198692322 -0.071467205882072 3.9489285086347e-07
-0.57987463474274 -0.41354516148567 -2.0592865943909 -0.73124480247498 -2.989639043808 -0.062154576182365 6.3486266299151e-05
-0.54860198497772 -0.40944221615791 -2.066153049469 -0.7163724899292 -2.9581594467163 -0.050054833292961 9.6103731266339e-06
-0.51743352413177 -0.40615656971931 -2.0721874237061 -0.7003755569458 -2.9268915653229 -0.036741301417351 0.00015420914860442
-0.48642647266388 -0.40388205647469 -2.0769345760345 -0.68550515174866 -2.8957924842834 -0.024416014552116 6.5864136558957e-05
-0.45567286014557 -0.40274766087532 -2.0797970294952 -0.67373776435852 -2.8652267456055 -0.014317080378532 5.3121631935937e-05
-0.42512881755829 -0.40264728665352 -2.0807645320892 -0.66575169563293 -2.8346376419067 -0.0072813481092453 2.5044744688785e-05
-0.39497888088226 -0.40365007519722 -2.0796358585358 -0.66182661056519 -2.8046009540558 -0.0033078640699387 1.4172729606798e-05
-0.36518561840057 -0.40554431080818 -2.0768740177155 -0.66022109985352 -2.7751581668854 -0.00098733603954315 6.7848908656742e-05
-0.33590662479401 -0.40808728337288 -2.0728359222412 -0.66020226478577 -2.7458531856537 0.00040264427661896 8.7365850049537e-05
-0.30702865123749 -0.41132763028145 -2.0675201416016 -0.66142272949219 -2.7170286178589 0.0013505965471268 0.00010578663204797
-0.27873408794403 -0.41529634594917 -2.0609493255615 -0.66353750228882 -2.6887950897217 0.0017725974321365 8.3596278273035e-05
-0.25088465213776 -0.41981247067451 -2.0533123016357 -0.66649532318115 -2.6605570316315 0.0020000487565994 -2.1782681869809e-05
-0.22377645969391 -0.42503097653389 -2.0444304943085 -0.67000412940979 -2.6335508823395 0.002177432179451 5.4112748330226e-05
-0.19718635082245 -0.43078806996346 -2.0345094203949 -0.67398166656494 -2.6067583560944 0.0022160559892654 -3.9596488932148e-05
-0.17124235630035 -0.43716052174568 -2.0235197544098 -0.67856287956238 -2.5807526111603 0.0023085623979568 -1.7603146261536e-05
-0.1460028886795 -0.44423106312752 -2.0113422870636 -0.68363976478577 -2.5557501316071 0.0022441893815994 3.8296257116599e-05
-0.12135851383209 -0.45178177952766 -1.9983048439026 -0.68911719322205 -2.5308945178986 0.0021731406450272 0.00013551565643866
-0.097477316856384 -0.45994022488594 -1.984138250351 -0.69509243965149 -2.507205247879 0.0022165328264236 3.8872280128999e-05
-0.074190020561218 -0.46854117512703 -1.9690763950348 -0.70148730278015 -2.483550786972 0.0022570639848709 -1.6217172742472e-05
-0.051630616188049 -0.47772863507271 -1.9529418945312 -0.70840620994568 -2.4611032009125 0.0023114234209061 -1.8720938896877e-05
-0.029751181602478 -0.48736551403999 -1.9359059333801 -0.71587657928467 -2.4390645027161 0.0021664649248123 4.2728929656732e-06
-0.0085340738296509 -0.49757435917854 -1.9178419113159 -0.72377443313599 -2.4177553653717 0.0021564513444901 -7.1172094067151e-06
0.012056946754456 -0.5081889629364 -1.8988792896271 -0.73216843605042 -2.3970563411713 0.0020281821489334 1.2606535165105e-05
0.031907200813293 -0.5193145275116 -1.8790066242218 -0.7408664226532 -2.3771483898163 0.001970961689949 -5.0990463932976e-05
0.05112898349762 -0.53086757659912 -1.8581457138062 -0.75017094612122 -2.3578743934631 0.0018589049577713 1.0636215847626e-05
0.069762349128723 -0.54298043251038 -1.8363635540009 -0.76022171974182 -2.339103937149 0.0017077475786209 2.4210605261032e-05
0.087771058082581 -0.55540013313293 -1.8137729167938 -0.77021455764771 -2.3211271762848 0.0017721205949783 6.7572407715488e-05
0.10519325733185 -0.56836104393005 -1.7901694774628 -0.78112435340881 -2.3034942150116 0.0016510039567947 -1.3623798622575e-05
0.12202131748199 -0.58165287971497 -1.7658569812775 -0.79186844825745 -2.2865393161774 0.0017816573381424 8.3143713709433e-05
0.1382132768631 -0.5954761505127 -1.7404768466949 -0.80361008644104 -2.2703056335449 0.001661017537117 1.6250567568932e-05
0.15391218662262 -0.60967683792114 -1.7142241001129 -0.81577777862549 -2.2544701099396 0.0014493018388748 8.7671076471452e-05
0.16902506351471 -0.62429118156433 -1.6869671344757 -0.8285768032074 -2.2393808364868 0.0014102011919022 3.7332876672735e-05
