-4.3226933144069e-07 9.4443407760991e-08 0.91483926773071
-9.1335346041888e-07 4.3639863633871e-07 0.91483938694
-8.7940088633331e-07 7.9387450568902e-07 0.91483968496323
-7.3548187629058e-07 4.8240258365695e-07 0.91483968496323
-1.0071264568978e-06 4.1394315530852e-07 0.91483962535858
-8.9474815467838e-07 -2.0197646222186e-07 0.91483962535858
-8.1440146004752e-07 -7.8712503182032e-08 0.91483950614929
-8.3108682247257e-07 1.860638008111e-07 0.91483944654465
-7.3118587806675e-07 3.4391021586089e-08 0.91483932733536
-8.5019956941323e-07 -1.1097260710358e-07 0.91483932733536
-9.3785740773455e-07 -5.4681061101292e-07 0.91483938694
-5.8266817859476e-07 -7.0162263909879e-07 0.91483920812607
-1.0741498499556e-06 -1.2376067388686e-06 0.91483944654465
-1.008992626339e-06 -1.2467988881326e-06 0.91483974456787
-1.1598818900893e-06 -1.1229593610551e-06 0.91483950614929
-9.0701075805555e-07 -1.2348999689493e-06 0.91483932733536
-7.2227089731314e-07 -1.4627926248068e-06 0.91483926773071
-7.527235084126e-07 -1.0003057013819e-06 0.91483938694
-9.570219390298e-07 -1.3010638895139e-06 0.91483932733536
-1.0334242688259e-06 -1.4019417449163e-06 0.91483962535858
-1.0311093774362e-06 -1.3993804941492e-06 0.91483986377716
-1.3333612969291e-06 -1.9239209905209e-06 0.91484022140503
-1.4435171351579e-06 -1.6361625512218e-06 0.91483992338181
-1.9002292219739e-06 -2.0406578187249e-06 0.91484004259109
-2.0233283066773e-06 -2.2387157514459e-06 0.91484004259109
-2.0063539523107e-06 -2.4687278710189e-06 0.91483986377716
-1.7923906625583e-06 -2.677479187696e-06 0.91484004259109
-1.7906928633238e-06 -2.4013522761379e-06 0.91484016180038
-1.2844782304455e-06 -2.1129280867171e-06 0.91484016180038
0.0013891129055992 -0.00077988806879148 0.91489088535309
0.011684959754348 -0.0087010599672794 0.91507983207703
0.022091893479228 -0.016504602506757 0.91522485017776
0.033950969576836 -0.022657051682472 0.91541564464569
0.046052996069193 -0.028601814061403 0.91552287340164
0.056860841810703 -0.035946745425463 0.91556096076965
0.0664087459445 -0.044637277722359 0.91559785604477
0.075933940708637 -0.053352441638708 0.91558456420898
0.085536397993565 -0.061957772821188 0.91558569669724
0.095203645527363 -0.07058235257864 0.91559517383575
0.10469118505716 -0.079384297132492 0.91557842493057
0.11450115591288 -0.087808728218079 0.91557234525681
0.12397535145283 -0.096578620374203 0.91560071706772
0.13364830613136 -0.10518671572208 0.91559195518494
0.1432236135006 -0.11382640898228 0.9155695438385
0.15282507240772 -0.12248519062996 0.91555452346802
0.16235084831715 -0.13122794032097 0.91557258367538
0.17194060981274 -0.13980643451214 0.91552084684372
0.18143886327744 -0.14858369529247 0.9155478477478
0.19117148220539 -0.15707723796368 0.91550475358963
0.20067588984966 -0.16580654680729 0.91553026437759
0.21031646430492 -0.17443026602268 0.9154971241951
0.22003081440926 -0.18302603065968 0.91548663377762
0.22948601841927 -0.19174480438232 0.9154492020607
0.23910927772522 -0.20036920905113 0.91540318727493
0.24865108728409 -0.2090358287096 0.91546112298965
