-0.027756839990616 0.069198161363602 1.2749749422073 0.0027623963542283 0.00038980323006399 -3.0642445087433 6.6330321715213e-05
-0.03736686706543 0.075942859053612 1.2542380094528 0.0027129307854921 0.00064255448523909 -3.0192024707794 1.2430276001396e-05
-0.046958521008492 0.082694545388222 1.233506321907 0.0029504026751965 0.00076779612572864 -2.9730777740479 9.9705124739558e-05
-0.056537359952927 0.089438378810883 1.2127771377563 0.0028958600014448 0.001009336556308 -2.9278571605682 5.5440617870772e-05
-0.066126085817814 0.096206471323967 1.1920517683029 0.0031128581613302 0.0011705041397363 -2.8816876411438 -4.669037025451e-06
-0.075739227235317 0.10295683145523 1.1713312864304 0.0032216724939644 0.00137481209822 -2.835732460022 -8.7943008111324e-06
-0.08534149825573 0.10969892144203 1.1505913734436 0.0033567156642675 0.0019821608439088 -2.7906446456909 1.6656520074321e-06
-0.094948664307594 0.11644884943962 1.1298717260361 0.003638748312369 0.0022913876455277 -2.7444877624512 1.5452883417311e-07
-0.10456740856171 0.12318976223469 1.1091279983521 0.0040832599624991 0.0025629634037614 -2.6991946697235 -1.0687662097553e-06
-0.11414648592472 0.12997297942638 1.0883979797363 0.0043408963829279 0.0030727277044207 -2.6527881622314 9.7297925094608e-06
-0.12375515699387 0.13671177625656 1.0676842927933 0.0047591323964298 0.003389997407794 -2.6077318191528 0.00010140124504687
-0.13335211575031 0.1434515863657 1.0469471216202 0.0049218013882637 0.004050602670759 -2.5613036155701 -1.2778382370016e-05
-0.14294497668743 0.15022556483746 1.0262131690979 0.0050637288950384 0.0042983433231711 -2.5148284435272 -1.2254184184712e-05
-0.15252591669559 0.1569744348526 1.0054850578308 0.0049425149336457 0.0042550871148705 -2.4694752693176 8.2135902630398e-06
-0.16213220357895 0.16371305286884 0.98475277423859 0.0039321109652519 0.0035909202415496 -2.4241697788239 3.5238259442849e-05
-0.17172585427761 0.1704775094986 0.96403920650482 0.001928815850988 0.0017625840846449 -2.3783893585205 -5.8587070270733e-06
-0.17545010149479 0.1723093688488 0.9499694108963 0.00027963958564214 -0.00018386420561001 -2.3452470302582 -0.0026238346472383
-0.16586320102215 0.16285309195518 0.94995951652527 0.0018599044997245 0.0016402266919613 -2.3461191654205 -0.0086208358407021
-0.15626963973045 0.15345503389835 0.9499546289444 0.0034840707667172 0.0034997418988496 -2.345395565033 -0.014600127004087
-0.14666293561459 0.14400511980057 0.94995641708374 0.0049376073293388 0.0052422452718019 -2.3454620838165 -0.020975019782782
-0.13706855475903 0.13459305465221 0.94994902610779 0.0058387974277139 0.0063522276468575 -2.3455014228821 -0.027425916865468
-0.12747266888618 0.12517136335373 0.94996184110641 0.0059850937686861 0.0068851332180202 -2.3449664115906 -0.033919770270586
-0.11787042021751 0.1157494187355 0.94995927810669 0.0055177006870508 0.0064779566600919 -2.3455543518066 -0.040130093693733
-0.10827203094959 0.10631430149078 0.94996082782745 0.0044613564386964 0.0052661597728729 -2.3460402488708 -0.046625323593616
-0.098677068948746 0.096900619566441 0.94996881484985 0.0031767610926181 0.003694906597957 -2.3458743095398 -0.053204078227282
-0.089069321751595 0.087480291724205 0.94996619224548 0.0019007032969967 0.0023061910178512 -2.3458385467529 -0.059514183551073
-0.079472869634628 0.078043878078461 0.94995355606079 0.0010216105729342 0.0011809213319793 -2.3460168838501 -0.065904773771763
-0.069882661104202 0.06862510740757 0.9499568939209 0.00045905713341199 0.00035585113801062 -2.3456864356995 -0.07218512147665
-0.064222648739815 0.06305643171072 0.96668744087219 -0.0037452939432114 -0.0043469476513565 -2.3471891880035 -0.087902300059795
-0.064231097698212 0.063045032322407 1.0146750211716 -0.00964395981282 -0.012039829976857 -2.3469092845917 -0.088152334094048
-0.064246758818626 0.063053295016289 1.062645316124 -0.012058828957379 -0.014880420640111 -2.3465657234192 -0.088298849761486
-0.064226597547531 0.063002392649651 1.1106107234955 -0.012417862191796 -0.015933107584715 -2.346524477005 -0.088365256786346
-0.064239338040352 0.063013963401318 1.1585923433304 -0.012736402451992 -0.016217287629843 -2.3467450141907 -0.088668644428253
-0.064240410923958 0.062992997467518 1.2065808773041 -0.012303112074733 -0.016631577163935 -2.3467049598694 -0.088810823857784
