-0.095354944467545 0.23456379771233 -1.8245286941528 -1.5543718338013 -1.7434568405151 -0.00053314515389502 6.6330321715213e-05
-0.1494006216526 0.22808167338371 -1.8726034164429 -1.4999084472656 -1.8428814411163 -0.0009413177613169 1.2430276001396e-05
-0.20358839631081 0.21590992808342 -1.9164509773254 -1.4440746307373 -1.9426550865173 -0.0013833458069712 9.9705124739558e-05
-0.25731268525124 0.19796654582024 -1.9560511112213 -1.3869156837463 -2.0420300960541 -0.0019286090973765 5.5440617870772e-05
-0.31027784943581 0.1743116080761 -1.9913260936737 -1.3283331394196 -2.1410071849823 -0.0023973400238901 -4.669037025451e-06
-0.36183562874794 0.14508530497551 -2.0221810340881 -1.2688937187195 -2.2382447719574 -0.0031209404114634 -8.7943008111324e-06
-0.4117456972599 0.11049267649651 -2.048565864563 -1.2087950706482 -2.3336408138275 -0.0041957311332226 1.6656520074321e-06
-0.4598995745182 0.070724934339523 -2.0702478885651 -1.1484396457672 -2.4278573989868 -0.005506556481123 1.5452883417311e-07
-0.50582444667816 0.026331394910812 -2.0873215198517 -1.0886106491089 -2.519252538681 -0.007051270455122 -1.0687662097553e-06
-0.54965794086456 -0.022363930940628 -2.0994758605957 -1.0299835205078 -2.6090064048767 -0.009377758949995 9.7297925094608e-06
-0.59110844135284 -0.074679881334305 -2.1068875789642 -0.97329068183899 -2.6959135532379 -0.012553494423628 0.00010140124504687
-0.63037979602814 -0.13050058484077 -2.1090705394745 -0.91961765289307 -2.7814245223999 -0.017125409096479 -1.2778382370016e-05
-0.66728293895721 -0.18894127011299 -2.1063520908356 -0.87005710601807 -2.8640997409821 -0.023361008614302 -1.2254184184712e-05
-0.7019430398941 -0.24962332844734 -2.0985424518585 -0.82597613334656 -2.9444444179535 -0.032146494835615 8.2135902630398e-06
-0.73446023464203 -0.31224825978279 -2.0855913162231 -0.78813147544861 -3.022611618042 -0.044134419411421 3.5238259442849e-05
-0.7648948431015 -0.37618878483772 -2.0678565502167 -0.75638055801392 -3.098494052887 -0.058658163994551 -5.8587070270733e-06
-0.77483427524567 -0.41877630352974 -2.0553851127625 -0.73716163635254 -3.1415705680847 -0.069367453455925 -0.0026238346472383
-0.74182498455048 -0.41296294331551 -2.0641911029816 -0.73698973655701 -3.1079425811768 -0.072347685694695 -0.0086208358407021
-0.70858347415924 -0.40767553448677 -2.0720043182373 -0.73527860641479 -3.0749659538269 -0.073144003748894 -0.014600127004087
-0.6751457452774 -0.40251782536507 -2.0795168876648 -0.73051023483276 -3.0417039394379 -0.070664688944817 -0.020975019782782
-0.64172780513763 -0.39765456318855 -2.0867822170258 -0.72176146507263 -3.0085825920105 -0.064294144511223 -0.027425916865468
-0.60825622081757 -0.39308670163155 -2.0939657688141 -0.70907306671143 -2.975239276886 -0.054294869303703 -0.033919770270586
-0.57480156421661 -0.38909247517586 -2.1007673740387 -0.69389772415161 -2.941401720047 -0.041864678263664 -0.040130093693733
-0.54151093959808 -0.38616970181465 -2.1063477993011 -0.6784815788269 -2.9079444408417 -0.029118105769157 -0.046625323593616
-0.50847947597504 -0.38439133763313 -2.1102380752563 -0.66515159606934 -2.8749709129333 -0.017929837107658 -0.053204078227282
-0.47570383548737 -0.38384535908699 -2.1121063232422 -0.65545582771301 -2.8422355651855 -0.009560152888298 -0.059514183551073
-0.44329392910004 -0.3844533264637 -2.1118862628937 -0.64974927902222 -2.8097128868103 -0.0043065994977951 -0.065904773771763
-0.41138017177582 -0.38609793782234 -2.1096158027649 -0.64731955528259 -2.7782542705536 -0.001332089304924 -0.07218512147665
-0.39253389835358 -0.35008576512337 -2.1027240753174 -0.67194628715515 -2.7577474117279 0.01602740585804 -0.087902300059795
-0.39251863956451 -0.25343492627144 -2.0707259178162 -0.77469110488892 -2.7575697898865 0.041234448552132 -0.088152334094048
-0.39254462718964 -0.17205598950386 -2.0194547176361 -0.89795327186584 -2.7578182220459 0.050388291478157 -0.088298849761486
-0.39249551296234 -0.10684755444527 -1.9526562690735 -1.0271890163422 -2.7579107284546 0.053427651524544 -0.088365256786346
-0.39251983165741 -0.057339936494827 -1.8727958202362 -1.1557488441467 -2.7577259540558 0.054029420018196 -0.088668644428253
-0.39252579212189 -0.023161441087723 -1.7805016040802 -1.2816736698151 -2.7576999664307 0.054961159825325 -0.088810823857784
