-9.5569021141273e-08 4.8645074457454e-07 0.91483902931213
-3.6726800090037e-07 6.1121573935452e-07 0.91483867168427
-7.5394979148768e-07 6.5020384454328e-07 0.91483879089355
-8.0669036606196e-07 7.2642308168724e-07 0.91483891010284
-7.4273998507124e-07 9.8490454547573e-07 0.91483908891678
-6.2217856111602e-07 1.1694108934535e-06 0.91483920812607
-6.2137115719452e-07 1.0821190699062e-06 0.91483926773071
-3.1815085321796e-07 1.0739564686446e-06 0.91483938694
4.2211837580908e-08 8.8383609408993e-07 0.91483956575394
-1.4205001619416e-08 9.9083752047591e-07 0.91483992338181
-4.9068965779497e-08 8.1844945043485e-07 0.91483986377716
2.9671576839974e-07 3.9999159184845e-07 0.91483998298645
5.5547997135363e-07 3.5761291883318e-07 0.91484028100967
6.5946176164289e-07 2.3861344899956e-08 0.91484004259109
7.4142684525214e-07 6.6264632891944e-08 0.91483992338181
8.6244682506731e-07 8.8428649291927e-08 0.91484016180038
7.6332804610502e-07 -4.0528891531721e-07 0.91484010219574
1.1788534948209e-06 -3.1155320812104e-07 0.91484022140503
1.5556353218926e-06 -6.9364244836834e-07 0.91484010219574
1.4271356576501e-06 -5.0969600806638e-07 0.91484022140503
1.0373295253885e-06 -5.9070572433484e-07 0.91484051942825
9.3566404757439e-07 -3.960975618611e-07 0.91484040021896
9.0014174247699e-07 -6.6095378770115e-07 0.91484034061432
8.1673505292201e-07 -6.3887750911817e-07 0.91484051942825
7.1651635380476e-07 -7.0726258627474e-07 0.91484045982361
6.8223596372263e-07 -7.9097253546934e-07 0.91484034061432
9.5599853011663e-07 -9.1328797680035e-07 0.91484045982361
8.4827888713335e-07 -8.92242496775e-07 0.91484051942825
3.5448716516839e-05 4.9811926146504e-05 0.92526030540466
0.0001645394222578 9.4698596512899e-05 0.97359132766724
-0.00010521701187827 2.0880490410491e-05 1.0215499401093
-0.00021915696561337 -0.00017694929556455 1.0691175460815
-3.5173608921468e-05 -6.5793814428616e-05 1.1163593530655
0.00022666015138384 8.1824022345245e-05 1.1636352539062
