0.0077374242246151 0.059724494814873 1.2862868309021 0.0020730323158205 -0.0002593451354187 3.0621774196625 4.6410215873038e-05
0.017325028777122 0.061332702636719 1.2717615365982 0.0020787701942027 -0.00030400522518903 3.0148236751556 3.6391797038959e-05
0.026940047740936 0.062988415360451 1.2572599649429 0.0022164499387145 -0.00053802982438356 2.9684698581696 3.6386292777024e-05
0.036573931574821 0.064598694443703 1.2427344322205 0.0021863472647965 -0.00067164044594392 2.9216251373291 -1.5833782526897e-05
0.046144761145115 0.066246524453163 1.2282401323318 0.0022415977437049 -0.00093284307513386 2.8742620944977 8.9796056272462e-05
0.055724084377289 0.067861139774323 1.213707447052 0.0024411913473159 -0.0010312485974282 2.8266241550446 0.00010285885218764
0.065330781042576 0.069491326808929 1.199200630188 0.0025067296810448 -0.0013405050849542 2.7795088291168 4.0655151678948e-05
0.074948087334633 0.071115776896477 1.1846824884415 0.0028789332136512 -0.001641035778448 2.7327234745026 -1.8153366909246e-05
0.084530785679817 0.072755083441734 1.1701707839966 0.0031530803535134 -0.002104775281623 2.6850075721741 8.9734159701038e-05
0.094136342406273 0.0743737667799 1.1556650400162 0.0034332536160946 -0.0023673323448747 2.6376965045929 4.0763108700048e-05
0.10373686254025 0.075995624065399 1.141135931015 0.00385308614932 -0.0027629227843136 2.5907254219055 0.00012105497444281
0.11333236098289 0.077629670500755 1.1266325712204 0.0040882593020797 -0.0033213435672224 2.543363571167 0.00012838673137594
0.1229246109724 0.079236477613449 1.1121294498444 0.004260741174221 -0.0037228472065181 2.4962949752808 3.6427936720429e-05
0.13254125416279 0.080891534686089 1.0975980758667 0.0041142040863633 -0.0035833290312439 2.4488320350647 1.9299070117995e-05
0.14212112128735 0.082505509257317 1.0830932855606 0.003246684325859 -0.0027716865297407 2.4014754295349 -2.1231191567495e-05
0.15171198546886 0.084132075309753 1.0685733556747 0.00099213619250804 -0.00047301725135185 2.354462146759 4.3328534957254e-05
0.16131201386452 0.085761532187462 1.054058432579 -0.0029108729213476 0.0034671532921493 2.3078906536102 3.3224427170353e-05
0.17092078924179 0.087387293577194 1.0395444631577 -0.0073249079287052 0.0079729137942195 2.2612645626068 1.0907609066635e-05
0.18052756786346 0.089011400938034 1.025040268898 -0.009937989525497 0.011131097562611 2.2147443294525 8.2209689935553e-06
0.19013464450836 0.090630352497101 1.0105172395706 -0.0092935469001532 0.010437872260809 2.1677267551422 -2.5648971586634e-06
0.1997250020504 0.092281609773636 0.99600577354431 -0.0061282212845981 0.007295741699636 2.1190667152405 3.3947631891351e-05
0.2093163728714 0.093896478414536 0.98147833347321 -0.0030078059062362 0.0038330778479576 2.0718154907227 -4.1429570956097e-06
0.21893256902695 0.095533534884453 0.96696984767914 -0.0014293704880401 0.0018384932773188 2.0253479480743 8.0943369539455e-05
0.22850847244263 0.097152829170227 0.9524599313736 -0.00060614501126111 0.00074356159893796 1.9782444238663 8.3023915067315e-05
0.22207324206829 0.093995586037636 0.94997107982635 -0.00032308889785782 0.000947552442085 1.9701569080353 -0.0069807381369174
0.21245867013931 0.089932098984718 0.94997680187225 -0.00026789103867486 0.00087092304602265 1.9690420627594 -0.01320484187454
0.2028805911541 0.08585287630558 0.9499694108963 -0.00025221149553545 0.00084903289098293 1.9708639383316 -0.019313341006637
0.19327154755592 0.081817865371704 0.94996672868729 -0.00021266701514833 0.00073059665737674 1.9701774120331 -0.025546602904797
0.18367268145084 0.077767670154572 0.94996953010559 -2.7596201107372e-05 0.00072137819370255 1.9705979824066 -0.031687635928392
0.17405970394611 0.073693498969078 0.9499676823616 -0.00018274983449373 0.00057169754290953 1.9701973199844 -0.038116063922644
0.16448068618774 0.069621086120605 0.94997799396515 -4.8907684686128e-05 0.00052091805264354 1.9704411029816 -0.044869046658278
0.15487444400787 0.065564438700676 0.94997143745422 -2.8674465283984e-05 0.00043852912494913 1.970152258873 -0.051526963710785
0.14527586102486 0.061496883630753 0.94996792078018 1.339655227639e-05 0.00028732806094922 1.9699174165726 -0.05780466645956
0.13567635416985 0.057433627545834 0.94997495412827 8.1664911704138e-05 0.00020640579168685 1.9699138402939 -0.064125686883926
0.12607824802399 0.053382985293865 0.94997221231461 -8.2869064499391e-06 -4.1925777622964e-05 1.9700962305069 -0.07043282687664
0.11648108810186 0.049315631389618 0.94996732473373 0.00010416654549772 -1.5383327991003e-05 1.9701732397079 -0.076676227152348
0.10687898844481 0.045250557363033 0.9499676823616 0.00019210038590245 -0.00014656159328297 1.9699500799179 -0.08287888020277
0.097319774329662 0.041200213134289 0.95001125335693 6.8370245571714e-05 0.00035429623676464 1.9698070287704 -0.088832542300224
0.087705016136169 0.037126414477825 0.94999402761459 -4.6220829972299e-05 -0.0002418830699753 1.9696959257126 -0.093505650758743
0.082896485924721 0.035083472728729 0.971067070961 0.0013161088572815 -0.0041516190394759 1.9713724851608 -0.09540855884552
0.082879453897476 0.035075828433037 1.019033908844 0.0038996497169137 -0.0095260543748736 1.9720364809036 -0.096419021487236
0.082878530025482 0.035086087882519 1.0670354366302 0.0067508560605347 -0.014658631756902 1.9734431505203 -0.095800220966339
0.082894667983055 0.035069234669209 1.1150175333023 0.0088555356487632 -0.019241964444518 1.9749191999435 -0.095531202852726
0.082896269857883 0.035075761377811 1.1630113124847 0.010996404103935 -0.023346012458205 1.9776694774628 -0.094571948051453
0.082900986075401 0.03503155708313 1.211017370224 0.012822415679693 -0.026540081948042 1.9797779321671 -0.093895636498928
