0.096598476171494 0.26291128993034 -1.8166856765747 -1.589914560318 -1.3949007987976 0.00044532469473779 4.6410215873038e-05
0.1521380841732 0.27555748820305 -1.8627157211304 -1.5565659999847 -1.2919147014618 0.00074668577872217 3.6391797038959e-05
0.20776352286339 0.28455063700676 -1.905974149704 -1.522483587265 -1.1897983551025 0.0010547225829214 3.6386292777024e-05
0.26346477866173 0.28949353098869 -1.9465236663818 -1.4870364665985 -1.086936712265 0.0013513152953237 -1.5833782526897e-05
0.31834682822227 0.29028365015984 -1.9841992855072 -1.4504237174988 -0.98495483398438 0.0018906181212515 8.9796056272462e-05
0.37207016348839 0.28654381632805 -2.0189831256866 -1.4123947620392 -0.88374423980713 0.0023793762084097 0.00010285885218764
0.42400345206261 0.27827450633049 -2.0507929325104 -1.3730289936066 -0.78458786010742 0.0031895225401968 4.0655151678948e-05
0.47369036078453 0.2652802169323 -2.07950091362 -1.3323686122894 -0.68779683113098 0.0042552538216114 -1.8153366909246e-05
0.52085149288177 0.24763295054436 -2.105103969574 -1.2906041145325 -0.59350824356079 0.0058493204414845 8.9734159701038e-05
0.56533944606781 0.22526118159294 -2.1273732185364 -1.2479069232941 -0.50163292884827 0.0078939981758595 4.0763108700048e-05
0.60672652721405 0.1983160674572 -2.1462993621826 -1.2051956653595 -0.41332983970642 0.011011559516191 0.00012105497444281
0.645228266716 0.16682669520378 -2.1615264415741 -1.1629521846771 -0.32739734649658 0.015704113990068 0.00012838673137594
0.68065536022186 0.13099619746208 -2.1730411052704 -1.1224088668823 -0.2449254989624 0.022537190467119 3.6427936720429e-05
0.71323668956757 0.090813130140305 -2.1805675029755 -1.0847630500793 -0.16480660438538 0.032663304358721 1.9299070117995e-05
0.74291980266571 0.046653240919113 -2.1840786933899 -1.0510232448578 -0.08793830871582 0.046569783240557 -2.1231191567495e-05
0.76993405818939 -0.0010049641132355 -2.1839277744293 -1.0205380916595 -0.014117479324341 0.063613370060921 4.3328534957254e-05
0.79442155361176 -0.05091980099678 -2.1808543205261 -0.9896342754364 0.057377815246582 0.079618886113167 3.3224427170353e-05
0.81663310527802 -0.10051587224007 -2.1765406131744 -0.95116996765137 0.12652492523193 0.086577847599983 1.0907609066635e-05
0.83668887615204 -0.14738228917122 -2.1722421646118 -0.89941143989563 0.1936092376709 0.077319100499153 8.2209689935553e-06
0.85467565059662 -0.1915035545826 -2.1674962043762 -0.83721876144409 0.25885248184204 0.0545963793993 -2.5648971586634e-06
0.87089669704437 -0.23522689938545 -2.1603453159332 -0.7760157585144 0.32245111465454 0.029852822422981 3.3947631891351e-05
0.88541352748871 -0.28084376454353 -2.1490688323975 -0.72489833831787 0.38413715362549 0.01314015686512 -4.1429570956097e-06
0.8985151052475 -0.32850363850594 -2.1336481571198 -0.68485903739929 0.44394969940186 0.0053891688585281 8.0943369539455e-05
0.91014182567596 -0.37710765004158 -2.1148512363434 -0.65185451507568 0.50274515151978 0.0021876841783524 8.3023915067315e-05
0.89249646663666 -0.38213756680489 -2.1170327663422 -0.64474368095398 0.49300861358643 0.002071812748909 -0.0069807381369174
0.86882483959198 -0.3785460293293 -2.1229434013367 -0.64222574234009 0.4701247215271 0.0019182711839676 -0.01320484187454
0.84496057033539 -0.37516263127327 -2.1286172866821 -0.63992929458618 0.44524049758911 0.0018867999315262 -0.019313341006637
0.82056891918182 -0.37237337231636 -2.1332380771637 -0.63804388046265 0.42108631134033 0.0018105059862137 -0.025546602904797
0.79577958583832 -0.37003329396248 -2.1370582580566 -0.63653802871704 0.3965630531311 0.0018453150987625 -0.031687635928392
0.77068507671356 -0.36811974644661 -2.1402175426483 -0.63515758514404 0.37134599685669 0.001677468419075 -0.038116063922644
0.74533641338348 -0.36656954884529 -2.1426689624786 -0.6340069770813 0.34578895568848 0.0015072375535965 -0.044869046658278
0.71960580348969 -0.36563614010811 -2.1441686153412 -0.63324642181396 0.32048463821411 0.0013231784105301 -0.051526963710785
0.69368970394135 -0.36509349942207 -2.1450417041779 -0.63271474838257 0.29443597793579 0.0011009722948074 -0.05780466645956
0.66754519939423 -0.36501052975655 -2.14510679245 -0.63244032859802 0.26832389831543 0.00078482925891876 -0.064125686883926
0.64124047756195 -0.36536720395088 -2.1444761753082 -0.63237285614014 0.24192047119141 0.00054307281970978 -0.07043282687664
0.6147598028183 -0.36622050404549 -2.1430313587189 -0.63249683380127 0.21551752090454 2.8565526008606e-05 -0.076676227152348
0.58818900585175 -0.36746671795845 -2.1408755779266 -0.6327691078186 0.18898868560791 -0.0006134957075119 -0.08287888020277
0.56157672405243 -0.36916807293892 -2.1379783153534 -0.6330931186676 0.16228485107422 -0.0014098137617111 -0.088832542300224
0.53486382961273 -0.37128308415413 -2.1344974040985 -0.63286805152893 0.13580513000488 -0.002867266535759 -0.093505650758743
0.52161204814911 -0.32119539380074 -2.1254999637604 -0.66650700569153 0.12107610702515 -0.027687355875969 -0.09540855884552
0.52157056331635 -0.21539667248726 -2.0962319374084 -0.74883437156677 0.12079286575317 -0.080473706126213 -0.096419021487236
0.52165544033051 -0.12460306286812 -2.0509514808655 -0.83621454238892 0.11974906921387 -0.1291661709547 -0.095800220966339
0.52167880535126 -0.050665646791458 -1.9904892444611 -0.92619037628174 0.11909627914429 -0.17384199798107 -0.095531202852726
0.52171981334686 0.0064465701580048 -1.9163851737976 -1.0171096324921 0.11787748336792 -0.21416191756725 -0.094571948051453
0.52172982692719 0.047013491392136 -1.8292729854584 -1.1079161167145 0.11677980422974 -0.25088220834732 -0.093895636498928
