1.2284658623685e-07 4.9093114284915e-07 0.91483902931213
1.7501582760815e-07 5.9137630614714e-07 0.91483902931213
1.2254963621672e-07 6.4336825289502e-07 0.91483902931213
2.2418666389967e-07 6.8329609348439e-07 0.91483908891678
3.2606476452202e-07 1.0423433423057e-06 0.91483902931213
-8.6977074431616e-08 9.1248546141287e-07 0.91483902931213
1.4029131989446e-07 1.339884988738e-06 0.91483867168427
2.1590047083464e-07 1.0199455573456e-06 0.91483896970749
9.286208779713e-08 9.9004091680399e-07 0.91483891010284
3.2543022143727e-07 1.1822223768831e-06 0.91483896970749
4.1577808929105e-07 1.1366822718628e-06 0.91483902931213
2.520529847061e-07 1.2336737427177e-06 0.91483932733536
7.8131057534847e-07 1.3588728506875e-06 0.91483944654465
8.9624614929562e-07 1.2867133136751e-06 0.91483944654465
1.1043219956264e-06 1.46052400396e-06 0.91483950614929
9.0169226041326e-07 1.3771202702628e-06 0.91483950614929
9.5188744353436e-07 1.7012180251186e-06 0.91483962535858
7.3799776600936e-07 1.548624481984e-06 0.91483974456787
2.4373920837206e-07 1.3358559272092e-06 0.91483992338181
6.7524490532378e-07 1.4329284567793e-06 0.91483986377716
5.5356684924845e-07 1.0031528745458e-06 0.91483992338181
8.0996173323911e-08 9.0637701077867e-07 0.91484016180038
1.6705382677173e-07 1.0877259910558e-06 0.91484034061432
6.1523792282969e-07 1.1969733577644e-06 0.91484040021896
7.3812378786897e-07 1.0910496257566e-06 0.9148405790329
5.8613011333364e-07 8.2364050513206e-07 0.91484051942825
3.6668993175226e-07 9.8235409495828e-07 0.91484045982361
4.7146596671155e-07 9.4109452675184e-07 0.91484051942825
4.6494074013026e-07 5.0754249514284e-07 0.91484063863754
2.1363382529671e-07 8.9376561618337e-07 0.91484063863754
5.0006372021016e-07 1.2945022263011e-06 0.91484051942825
5.9143621911062e-07 1.3454960026138e-06 0.91484022140503
5.1701618986044e-07 1.2465749250623e-06 0.91484040021896
6.179148499541e-07 1.2585762760864e-06 0.91484051942825
8.212762736548e-08 1.0605474471959e-06 0.91484051942825
3.6900021882502e-07 1.075957698049e-06 0.9148405790329
3.9540765328638e-07 5.9331080137781e-07 0.91484051942825
-0.00065602414542809 -0.0002896755177062 0.9151993393898
-0.003954398445785 -0.0015920241130516 0.91711241006851
-0.0068788127973676 -0.0033551207743585 0.93687474727631
-0.0083231851458549 -0.00350794615224 0.98011273145676
-0.0086312731727958 -0.003787717083469 1.0260074138641
-0.0084945131093264 -0.0037645322736353 1.0717340707779
-0.0092991683632135 -0.0042278757318854 1.1177583932877
-0.0097509752959013 -0.0044558462686837 1.1639178991318
