-0.010226048529148 0.074457108974457 1.2797955274582 0.0026356126181781 -4.0160950447898e-05 -3.1368339061737 0.0001042578369379
-0.010351391509175 0.084060832858086 1.2617092132568 0.0024949270300567 3.8029360439396e-05 -3.1341378688812 -5.7510342230671e-06
-0.010502468794584 0.093638136982918 1.2436443567276 0.0024723904207349 3.4143158700317e-05 -3.1324644088745 6.580438639503e-05
-0.010609513148665 0.10326080024242 1.2255593538284 0.0023962038103491 9.8580334451981e-05 -3.1293358802795 2.3102495106286e-05
-0.010720998048782 0.11286099255085 1.2074767351151 0.0024149685632437 5.896128641325e-05 -3.1272192001343 1.1532787539181e-05
-0.010851956903934 0.12245109677315 1.1894034147263 0.0022512217983603 4.3597850890364e-05 -3.1248896121979 7.6848918979522e-05
-0.010988134890795 0.13205400109291 1.1713315248489 0.0023064280394465 1.1391461157473e-05 -3.1226439476013 4.8141311708605e-05
-0.011077623814344 0.14166855812073 1.1532528400421 0.0022745430469513 5.2802148275077e-05 -3.1193013191223 -4.8988804337569e-05
-0.011211141943932 0.15126012265682 1.1351664066315 0.0023915730416775 0.00020305530051701 -3.1171953678131 1.8136157450499e-05
-0.011327750980854 0.16085337102413 1.1170837879181 0.0024324101395905 0.00016453744319733 -3.1151401996613 1.7980877601076e-05
-0.01146112382412 0.17046032845974 1.0990097522736 0.002434243215248 0.00020203174790367 -3.1127142906189 3.3879008697113e-05
-0.011574096977711 0.18006110191345 1.0809375047684 0.0026081006508321 0.00015691174485255 -3.1102719306946 -2.2059941329644e-05
-0.011695055291057 0.18965829908848 1.0628541707993 0.0027478619012982 0.00022319381241687 -3.1075563430786 -6.2045874074101e-06
-0.011844508349895 0.19925951957703 1.0447781085968 0.003043100470677 6.1459460994229e-05 -3.1057879924774 1.4672731595056e-05
-0.011957980692387 0.20885662734509 1.026700258255 0.003453218145296 0.00021986063802615 -3.1035833358765 3.8010373828001e-05
-0.012063808739185 0.21846160292625 1.0086164474487 0.0039693620055914 0.00029906979762018 -3.1014955043793 -8.6710087998654e-06
-0.012219218537211 0.2280571013689 0.99054861068726 0.0047273212112486 0.00027079947176389 -3.100025177002 2.8216434657224e-05
-0.012307111173868 0.23765598237514 0.97246444225311 0.0061611323617399 0.00036328710848466 -3.098132610321 2.2484520741273e-05
-0.012447666376829 0.24726039171219 0.95438784360886 0.0083821834996343 0.00057585880858824 -3.0962960720062 2.0118244719924e-05
-0.012127058580518 0.24240128695965 0.94999158382416 0.0016278692055494 0.0001757267746143 -3.0922811031342 9.0020057541551e-06
-0.011633412912488 0.23281539976597 0.94998866319656 0.0016432097181678 0.00017027981812134 -3.0913908481598 0.00012750327005051
-0.011150978505611 0.22322058677673 0.94998997449875 0.0016175174387172 0.00015262349916156 -3.0915608406067 -7.2487814577471e-06
-0.010655663907528 0.21363098919392 0.94998508691788 0.0015301603125408 8.3639228250831e-05 -3.0912761688232 0.00012949218216818
-0.010166691616178 0.20403563976288 0.94999301433563 0.0014739644248039 0.00016054805018939 -3.0907418727875 4.3432104575913e-05
-0.0097104515880346 0.19443011283875 0.94998544454575 0.0014286376535892 0.00015093687397894 -3.0909385681152 2.0359943846415e-06
-0.0092306677252054 0.18482182919979 0.94998681545258 0.0010184445418417 0.00014560561976396 -3.0914793014526 6.6608445195016e-05
-0.0087521187961102 0.17522865533829 0.94998359680176 0.00085712090367451 5.5592288845219e-05 -3.091325044632 4.245335367159e-05
-0.0082980096340179 0.16562923789024 0.94997888803482 0.00044058650382794 0.00024634090368636 -3.091500043869 3.6287627153797e-05
-0.0077859237790108 0.15602022409439 0.94997745752335 0.00014527363236994 0.00039553857641295 -3.0915648937225 2.675214818737e-05
-0.0073148980736732 0.14642995595932 0.94998872280121 -0.00069186108885333 0.00024844257859513 -3.0915110111237 7.4068280810025e-05
-0.0068319067358971 0.13682745397091 0.94997537136078 -0.00084286212222651 4.8769594286568e-05 -3.0915851593018 2.6863222956308e-05
-0.006365243345499 0.12723377346992 0.94997638463974 -0.001166645437479 -0.0001056681285263 -3.092001914978 3.2928615837591e-05
-0.0058831237256527 0.11762717366219 0.94997704029083 -0.0013449545949697 -3.6887991882395e-05 -3.0919799804688 -4.0210037695942e-05
-0.0053973607718945 0.1080232411623 0.94997823238373 -0.0014916327781975 -2.4614502763143e-05 -3.0921311378479 7.1319213020615e-05
-0.0049300789833069 0.098421663045883 0.94997519254684 -0.0012996480800211 -1.0093879609485e-05 -3.0921669006348 5.1128674385836e-05
-0.0044618239626288 0.088845178484917 0.94998377561569 -0.0015570479445159 -5.072357453173e-06 -3.0919704437256 0.00013708921323996
-0.0039906688034534 0.079242512583733 0.94997537136078 -0.0013922948855907 -9.3419490440283e-05 -3.0920271873474 7.8875556937419e-05
-0.0034852689132094 0.069625735282898 0.94997030496597 -0.0014022508403286 -0.00013519919593818 -3.0924434661865 6.7287808633409e-05
-0.0030045295134187 0.060039132833481 0.94997310638428 -0.0012612814316526 -7.0273352321237e-05 -3.0920498371124 9.9949420473422e-06
-0.0025298884138465 0.050443887710571 0.94996571540833 -0.0016067826654762 -9.4948900368763e-06 -3.092009305954 7.5465242844075e-05
-0.002034249715507 0.040846824645996 0.94996535778046 -0.0013537781778723 -1.4238466974348e-05 -3.0915441513062 5.5024604080245e-05
-0.0015651732683182 0.031244739890099 0.94995975494385 -0.0012888010824099 2.5952580472222e-05 -3.0918965339661 5.9687721659429e-05
-0.0011063553392887 0.021644413471222 0.94996273517609 -0.0013598850928247 -9.3931070296094e-05 -3.0922849178314 5.097602843307e-05
-0.0006074570119381 0.01204352080822 0.94996964931488 -0.0013477673055604 -1.003805664368e-05 -3.0919799804688 1.0403140322524e-06
-0.00011296570301056 0.0024565458297729 0.94995379447937 -0.0015041325241327 1.8634455045685e-05 -3.0916996002197 1.9415945644141e-05
0.00036320462822914 -0.0071513503789902 0.94995510578156 -0.0011665186611935 -1.8204060324933e-05 -3.092093706131 2.7998528821627e-05
0.00081299431622028 -0.016762621700764 0.94995582103729 -0.0011910015018657 -9.7344629466534e-05 -3.0920751094818 -1.328894541075e-06
0.0013219118118286 -0.026353731751442 0.94994580745697 -0.0013013599673286 -4.958244971931e-06 -3.0917863845825 3.7488705856958e-05
0.0018049292266369 -0.03595395386219 0.94993180036545 -0.0012768491869792 -1.8356451619184e-05 -3.0917904376984 1.6917098264457e-06
0.0022708494216204 -0.045549936592579 0.94992220401764 -0.0012281680246815 -5.3091993322596e-05 -3.0919437408447 0.00011702831397997
0.0027364185079932 -0.055150538682938 0.94994807243347 -0.0013929491396993 0.00011328506661812 -3.091995716095 5.2401821449166e-05
0.0032143681310117 -0.064737893640995 0.94992053508759 -0.0014240581076592 0.00013146382116247 -3.0918560028076 0.00013942540681455
0.0036947764456272 -0.074354767799377 0.94991987943649 -0.0013242407003418 -5.7283286878373e-05 -3.0923225879669 3.4594082535477e-05
0.004167593549937 -0.083949230611324 0.94993484020233 -0.0013639851240441 -6.7794564529322e-05 -3.0921156406403 6.0859500081278e-05
0.0046612783335149 -0.093537852168083 0.94993305206299 -0.0013712096260861 1.6791913367342e-05 -3.0919580459595 -7.5982707130606e-06
0.0051240483298898 -0.10314257442951 0.94992870092392 -0.0014284364879131 -5.3243125876179e-05 -3.0918073654175 2.8453221148084e-06
0.0055894046090543 -0.11274219304323 0.94993549585342 -0.0015151018742472 -1.3231077900855e-05 -3.0926158428192 3.8104237319203e-05
0.0060912510380149 -0.12235170602798 0.94993007183075 -0.001434042584151 -8.5570762166753e-05 -3.0918607711792 4.0267208532896e-05
0.0065769138745964 -0.13192626833916 0.94991737604141 -0.0015285306144506 -7.9709963756613e-05 -3.0912928581238 -5.3883104556007e-06
0.0070283468812704 -0.14154863357544 0.94993507862091 -0.0015109501546249 6.5984168031719e-06 -3.0920143127441 -3.7624151445925e-05
0.0075239553116262 -0.15114615857601 0.94989967346191 -0.0014143557054922 -0.00013071589637548 -3.0920383930206 -1.6821435565362e-05
0.0079894810914993 -0.16074877977371 0.94989877939224 -0.0014999802224338 1.0282950825058e-05 -3.092072725296 2.9689892926399e-06
0.0084809362888336 -0.17033945024014 0.9499004483223 -0.0014410659205168 -3.2086194551084e-05 -3.0925614833832 7.2393100708723e-05
0.0089781694114208 -0.17994153499603 0.94985097646713 -0.001279515447095 -1.2875905667897e-05 -3.092259645462 -7.5848001870327e-06
0.0094361770898104 -0.1895257383585 0.94988453388214 -0.0014081022236496 -7.5158786785323e-05 -3.092098236084 2.9207425541244e-05
0.0099048558622599 -0.19911928474903 0.94984030723572 -0.0010248419130221 -6.6725959186442e-05 -3.091903924942 1.7139284125278e-07
0.010405531153083 -0.20872378349304 0.94989782571793 -0.0013278437545523 -5.8381076087244e-05 -3.0917913913727 5.8040117437486e-05
0.010870000347495 -0.21833878755569 0.94974088668823 -0.0011019789380953 0.00016974491882138 -3.092093706131 -2.2408610675484e-05
0.011332021094859 -0.22793789207935 0.94996500015259 -0.0013986073900014 8.7997315858956e-05 -3.0915880203247 6.216557812877e-05
0.011785443872213 -0.23753786087036 0.94987887144089 -0.0011333666043356 -3.8659363781335e-06 -3.0920112133026 3.5006164580409e-06
0.012318575754762 -0.24713023006916 0.94986426830292 -0.0013446139637381 -5.8907800848829e-05 -3.0917620658875 0.0001278662821278
