-0.0029064679984003 0.27638480067253 -1.8426606655121 -1.5778577327728 -1.5782783031464 7.7921678894199e-05 0.0001042578369379
-0.0045935176312923 0.2988905608654 -1.9044108390808 -1.5385015010834 -1.5823836326599 -2.0545194274746e-05 -5.7510342230671e-06
-0.0064460299909115 0.32005068659782 -1.9647221565247 -1.4993133544922 -1.5866475105286 -5.1062772399746e-05 6.580438639503e-05
-0.0084630511701107 0.33979603648186 -2.0238573551178 -1.4598133563995 -1.5912637710571 3.071480023209e-05 2.3102495106286e-05
-0.010623600333929 0.35805079340935 -2.0818181037903 -1.4201035499573 -1.5958728790283 1.5932848327793e-05 1.1532787539181e-05
-0.012808229774237 0.37475630640984 -2.1387441158295 -1.3798363208771 -1.6002192497253 -6.4652631408535e-05 7.6848918979522e-05
-0.015310909599066 0.38972994685173 -2.1946849822998 -1.3389127254486 -1.605110168457 -3.8426587707363e-05 4.8141311708605e-05
-0.018171932548285 0.40276858210564 -2.2497408390045 -1.2968788146973 -1.6107201576233 -0.00010947532427963 -4.8988804337569e-05
-0.021192219108343 0.41370818018913 -2.30397772789 -1.2535953521729 -1.6162416934967 -0.00013999290240463 1.8136157450499e-05
-0.024414923042059 0.42221733927727 -2.3574390411377 -1.2087218761444 -1.6217777729034 -0.0001054222084349 1.7980877601076e-05
-0.027841236442327 0.42797467112541 -2.4101846218109 -1.1617848873138 -1.6273787021637 -0.00014905280841049 3.3879008697113e-05
-0.031928684562445 0.4302382171154 -2.4621322154999 -1.1122794151306 -1.6339995861053 -0.00022272416390479 -2.2059941329644e-05
-0.036267425864935 0.42852684855461 -2.5134470462799 -1.0594043731689 -1.6406762599945 -0.00023917504586279 -6.2045874074101e-06
-0.041176941245794 0.42181488871574 -2.5639755725861 -1.0024614334106 -1.6478402614594 -0.00020174332894385 1.4672731595056e-05
-0.046457674354315 0.40903756022453 -2.6138162612915 -0.94017314910889 -1.6551826000214 -0.00036672898568213 3.8010373828001e-05
-0.052553799003363 0.38840672373772 -2.662810087204 -0.87110328674316 -1.6635284423828 -0.00042847939766943 -8.6710087998654e-06
-0.059283163398504 0.35776469111443 -2.7108509540558 -0.79326057434082 -1.6720378398895 -0.00054673501290381 2.8216434657224e-05
-0.066867738962173 0.3139257133007 -2.7576899528503 -0.70396447181702 -1.6814079284668 -0.00078539201058447 2.2484520741273e-05
-0.075507313013077 0.25270554423332 -2.8029515743256 -0.59972310066223 -1.6916613578796 -0.0011768753174692 2.0118244719924e-05
-0.073854595422745 0.20609614253044 -2.8024716377258 -0.54685139656067 -1.693900346756 -0.0001948291901499 9.0020057541551e-06
-0.065291076898575 0.17562291026115 -2.7842466831207 -0.53454661369324 -1.6864433288574 -0.00018004723824561 0.00012750327005051
-0.057017236948013 0.14708134531975 -2.765545129776 -0.52474403381348 -1.6781415939331 -0.00016478844918311 -7.2487814577471e-06
-0.04985323548317 0.11979815363884 -2.7463104724884 -0.51654171943665 -1.6710555553436 -0.00014023133553565 0.00012949218216818
-0.043599039316177 0.093840092420578 -2.726461648941 -0.51042079925537 -1.6648888587952 -0.00019602128304541 4.3432104575913e-05
-0.037973076105118 0.069013088941574 -2.7061848640442 -0.50584125518799 -1.6590554714203 -0.00013737031258643 2.0359943846415e-06
-0.032833486795425 0.045207470655441 -2.6856822967529 -0.5021436214447 -1.6538035869598 -8.6587155237794e-05 6.6608445195016e-05
-0.028350979089737 0.022312611341476 -2.6647439002991 -0.49989461898804 -1.6492326259613 -8.0626690760255e-05 4.245335367159e-05
-0.024330526590347 0.00025174021720886 -2.6434438228607 -0.49884510040283 -1.6451382637024 -0.00012759515084326 3.6287627153797e-05
-0.02069941163063 -0.021078616380692 -2.621857881546 -0.49875211715698 -1.6416451931 -0.00028757401742041 2.675214818737e-05
-0.017353922128677 -0.041784077882767 -2.6001601219177 -0.49894213676453 -1.6381592750549 -0.00017170258797705 7.4068280810025e-05
-0.01425376534462 -0.061786204576492 -2.5780336856842 -0.50081896781921 -1.6349663734436 2.9761111363769e-05 2.6863222956308e-05
-0.011410623788834 -0.081241637468338 -2.5556421279907 -0.50348162651062 -1.631906747818 9.5087802037597e-05 3.2928615837591e-05
-0.0088924467563629 -0.10021260380745 -2.5329794883728 -0.50694918632507 -1.6293020248413 0.00014706305228174 -4.0210037695942e-05
-0.0065950453281403 -0.11868932843208 -2.5100362300873 -0.51132154464722 -1.6271476745605 0.00011654547415674 7.1319213020615e-05
-0.0044063627719879 -0.13678458333015 -2.4868340492249 -0.51659417152405 -1.624847650528 9.7948824986815e-05 5.1128674385836e-05
-0.0024122297763824 -0.15461495518684 -2.4635570049286 -0.52172517776489 -1.6227474212646 5.9325015172362e-05 0.00013708921323996
-0.00058355927467346 -0.17203667759895 -2.4399194717407 -0.52815747261047 -1.6209242343903 0.00011511496268213 7.8875556937419e-05
0.001262754201889 -0.18924596905708 -2.4161660671234 -0.53465867042542 -1.6189267635345 0.00012989691458642 6.7287808633409e-05
0.0027943551540375 -0.20616248250008 -2.3921141624451 -0.54200553894043 -1.6175737380981 8.2690035924315e-05 9.9949420473422e-06
0.0043221414089203 -0.22294428944588 -2.3681120872498 -0.54889345169067 -1.6161394119263 0.0001108234282583 7.5465242844075e-05
0.0057216584682465 -0.2394600212574 -2.343692779541 -0.55700016021729 -1.6148366928101 8.1259524449706e-05 5.5024604080245e-05
0.0070343911647797 -0.25583556294441 -2.3191092014313 -0.56531310081482 -1.6133966445923 7.7921664342284e-05 5.9687721659429e-05
0.0083795487880707 -0.27205565571785 -2.2944247722626 -0.57369828224182 -1.6118133068085 0.00013609579764307 5.097602843307e-05
0.0094967782497406 -0.28815034031868 -2.2694900035858 -0.58256196975708 -1.6109809875488 2.3085391148925e-05 1.0403140322524e-06
0.010668367147446 -0.30418160557747 -2.2444324493408 -0.59147262573242 -1.6096856594086 8.9842593297362e-05 1.9415945644141e-05
0.011651128530502 -0.32006505131721 -2.2189900875092 -0.60131978988647 -1.6089458465576 9.2226779088378e-05 2.7998528821627e-05
0.012736886739731 -0.3358898460865 -2.1934883594513 -0.61089730262756 -1.607506275177 0.00010367087088525 -1.328894541075e-06
0.013675779104233 -0.35168507695198 -2.1677968502045 -0.62071967124939 -1.6067588329315 6.0755526646972e-05 3.7488705856958e-05
0.014542669057846 -0.3674581348896 -2.141806602478 -0.63109683990479 -1.6059379577637 0.00014515570364892 1.6917098264457e-06
0.015400975942612 -0.38318112492561 -2.1156566143036 -0.64142990112305 -1.60506772995 8.2690035924315e-05 0.00011702831397997
0.01624259352684 -0.39881184697151 -2.0892565250397 -0.65212559700012 -1.6041140556335 4.1205203160644e-05 5.2401821449166e-05
0.016995042562485 -0.41450837254524 -2.0626695156097 -0.6629786491394 -1.6034369468689 5.6940829381347e-05 0.00013942540681455
0.017787545919418 -0.43017295002937 -2.035747051239 -0.67429161071777 -1.6024363040924 3.7867343053222e-05 3.4594082535477e-05
0.018479913473129 -0.44590762257576 -2.0085909366608 -0.68570375442505 -1.6018295288086 -1.4823162928224e-05 6.0859500081278e-05
0.019105046987534 -0.46159437298775 -1.9812276363373 -0.69730019569397 -1.6014187335968 5.6940829381347e-05 -7.5982707130606e-06
0.019796937704086 -0.47738197445869 -1.9535219669342 -0.70923948287964 -1.6005063056946 7.267645560205e-05 2.8453221148084e-06
0.020434468984604 -0.49315479397774 -1.9256114959717 -0.72136998176575 -1.5999109745026 0.00010557821951807 3.8104237319203e-05
0.021028131246567 -0.50906348228455 -1.8973035812378 -0.73370742797852 -1.5993404388428 8.5074221715331e-05 4.0267208532896e-05
0.021567434072495 -0.52500534057617 -1.8687796592712 -0.74624371528625 -1.5990142822266 0.00014324835501611 -5.3883104556007e-06
0.022193998098373 -0.5409791469574 -1.8398549556732 -0.75913953781128 -1.5980267524719 0.00010080984793603 -3.7624151445925e-05
0.022689908742905 -0.55714392662048 -1.8106515407562 -0.77219724655151 -1.5977449417114 7.6014315709472e-05 -1.6821435565362e-05
0.023175328969955 -0.57335925102234 -1.7810323238373 -0.78557682037354 -1.5973393917084 0.00013037375174463 2.9689892926399e-06
0.02372607588768 -0.58969259262085 -1.7510631084442 -0.7992582321167 -1.5966799259186 0.00013180426321924 7.2393100708723e-05
0.024192422628403 -0.60625696182251 -1.7206430435181 -0.8133237361908 -1.596271276474 9.3657290562987e-05 -7.5848001870327e-06
0.024612993001938 -0.6228015422821 -1.6898868083954 -0.82744932174683 -1.595899105072 0.00016470602713525 2.9207425541244e-05
0.025019258260727 -0.63960146903992 -1.6585471630096 -0.84227895736694 -1.5956399440765 6.9338595494628e-05 1.7139284125278e-07
0.025515168905258 -0.65643787384033 -1.6269454956055 -0.85666918754578 -1.5949242115021 0.00014229468069971 5.8040117437486e-05
0.025930017232895 -0.67370939254761 -1.5947811603546 -0.8717212677002 -1.5945222377777 0.00017734221182764 -2.2408610675484e-05
0.026189416646957 -0.69101691246033 -1.5618121623993 -0.88743114471436 -1.5948171615601 0.0001253669615835 6.216557812877e-05
0.026659101247787 -0.70864844322205 -1.5285513401031 -0.90314912796021 -1.5938980579376 -5.2016461268067e-05 3.5006164580409e-06
0.027078717947006 -0.726482629776 -1.4948155879974 -0.91875529289246 -1.5935173034668 7.8398501500487e-05 0.0001278662821278
