-4.1970358211074e-07 -1.820892947535e-07 0.91483920812607
-6.243499797165e-07 1.475273734286e-07 0.91483896970749
-7.4948525252694e-07 7.5829547085959e-08 0.91483908891678
-6.6089558004023e-07 -4.7736747887939e-10 0.91483914852142
-7.5094249041285e-07 -1.3249149333205e-07 0.91483944654465
-5.8410324754732e-07 1.8365460618952e-07 0.91483950614929
-7.6330110232448e-07 1.4647889656771e-07 0.91483956575394
-5.1594196293081e-07 1.1275800204658e-07 0.91483962535858
-4.0568772874394e-07 1.1214525130754e-07 0.91483992338181
-3.2025678819991e-07 8.8765744976627e-08 0.91484022140503
-6.9408918079716e-07 -5.89692064068e-08 0.91484016180038
-6.7207815845904e-07 4.263604296284e-07 0.91484010219574
-3.1307180847762e-07 6.7502708134271e-07 0.91483992338181
-2.2016301670646e-07 8.747908850637e-07 0.91483980417252
6.6507666929283e-08 7.6146903893459e-07 0.91483968496323
-4.3559072082644e-07 1.8897137010754e-07 0.91483974456787
-5.6531729342169e-07 9.3229715503185e-08 0.91483980417252
-4.6425813593487e-07 4.3267263549751e-07 0.91483992338181
-5.2932654170945e-07 2.2404049104807e-07 0.91483992338181
-5.508361482498e-07 3.9547859387312e-07 0.91483974456787
-6.3441990505453e-07 4.8259448703902e-07 0.91483974456787
-4.301388685235e-07 5.2398070238269e-07 0.91483986377716
-4.5997816755516e-07 1.0698242931539e-06 0.91484010219574
-1.7345220726384e-07 1.0749726016002e-06 0.91484022140503
-2.2245802711041e-07 1.0939096455331e-06 0.91484028100967
-4.4191193637744e-07 9.452278959543e-07 0.91484028100967
-2.3243927671501e-07 5.5995860748226e-07 0.91484040021896
-6.7602496756081e-07 6.5529013681953e-07 0.91484028100967
-2.946900679035e-07 6.6800353692997e-08 0.91484034061432
-2.7077521735919e-07 1.4693999617066e-07 0.91484034061432
2.6880005066232e-07 7.982809790974e-08 0.9148405790329
1.4302149509149e-07 -3.6140576753496e-08 0.91484063863754
2.2598790394568e-07 2.5887987931128e-07 0.91484075784683
2.2087304785146e-07 4.2543018707875e-07 0.91484081745148
1.0720573584422e-07 4.6345795112757e-07 0.91484093666077
5.1952556532342e-06 -0.00043267721775919 0.91484266519547
0.00019141449593008 -0.0099303247407079 0.91486966609955
0.00034827427589335 -0.019549109041691 0.91489428281784
0.00048169295769185 -0.029154969379306 0.91491371393204
0.00064144458156079 -0.038778927177191 0.91494166851044
0.00083528616232798 -0.048378009349108 0.91498357057571
0.0009811578784138 -0.057996988296509 0.91503900289536
0.0011210734955966 -0.067605182528496 0.91510665416718
0.0012624369701371 -0.077223837375641 0.91516441106796
0.001403734087944 -0.086850538849831 0.91524010896683
0.0015524473274127 -0.0964635014534 0.91529732942581
0.0016385482158512 -0.10610222816467 0.91532498598099
0.0017151823267341 -0.1157206594944 0.91529124975204
0.001775324693881 -0.12532541155815 0.91526436805725
0.0019624617416412 -0.13494393229485 0.9152694940567
0.0021022872533649 -0.14455519616604 0.91526019573212
0.0022375180851668 -0.15416796505451 0.91520977020264
0.0024143382906914 -0.16382147371769 0.91514009237289
0.0025713222566992 -0.17338216304779 0.9148582816124
0.0027461452409625 -0.18298928439617 0.91489440202713
0.002861495828256 -0.19261986017227 0.91493570804596
0.0030343511607498 -0.20221890509129 0.91499620676041
0.0031893507111818 -0.21185341477394 0.91507691144943
0.0033136771526188 -0.22145538032055 0.91514408588409
0.0034206158015877 -0.23109106719494 0.91518276929855
0.0035242799203843 -0.24071487784386 0.9152227640152
0.0036061897408217 -0.25033602118492 0.91523325443268
0.0037352957297117 -0.25996062159538 0.91525441408157
0.0038768681697547 -0.26955050230026 0.91523641347885
0.0039541926234961 -0.27916291356087 0.91521817445755
0.0040544699877501 -0.28878897428513 0.91518718004227
0.0041871038265526 -0.29840674996376 0.9151850938797
0.0042431289330125 -0.3081342279911 0.91517812013626
0.0043924651108682 -0.31772217154503 0.91512256860733
0.0046955146826804 -0.32737129926682 0.91526639461517
0.0049472744576633 -0.33703392744064 0.91533535718918
