-0.0026331357657909 0.047969341278076 1.2991561889648 0.0011168555356562 1.9783103198279e-05 3.0589146614075 1.8251450455864e-05
0.0013280045241117 0.043297111988068 1.2916935682297 0.0010289316996932 -0.00014521737466566 3.0106816291809 7.7400167356245e-05
0.0052945725619793 0.038608208298683 1.2841904163361 0.0011434662155807 -0.00014857482165098 2.9631097316742 -4.2291863792343e-05
0.0092921704053879 0.033929064869881 1.2767169475555 0.0010323520982638 -0.00036984402686357 2.9152150154114 -1.4098442989052e-05
0.013236038386822 0.02921587228775 1.2692043781281 0.00113392889034 -0.00032648385968059 2.8661637306213 7.7162912930362e-05
0.017206214368343 0.024535462260246 1.2617266178131 0.001050308928825 -0.00045187250361778 2.8181595802307 4.3072734115412e-05
0.021183788776398 0.019852116703987 1.2542573213577 0.0010566264390945 -0.00040506065124646 2.7703115940094 5.8500871091383e-05
0.025143168866634 0.01515631377697 1.2467515468597 0.0010387916117907 -0.00041719758883119 2.7217442989349 3.5738619772019e-05
0.02911601215601 0.010448843240738 1.2392725944519 0.0010277088731527 -0.00059761159354821 2.6735846996307 2.7841713745147e-05
0.033070735633373 0.0057707577943802 1.2317709922791 0.0011301507474855 -0.00059641356347129 2.6252880096436 -4.8607262215228e-06
0.037063859403133 0.0010732039809227 1.224289894104 0.001012519816868 -0.00069551338674501 2.57772564888 6.0075552028138e-05
0.041032664477825 -0.0036234855651855 1.2168047428131 0.001010233303532 -0.00075718300649896 2.5291433334351 7.0406153099611e-05
0.044997438788414 -0.0083012208342552 1.2093172073364 0.0010018574539572 -0.00086629809811711 2.4808933734894 -8.9933173512691e-06
0.048965066671371 -0.01300023496151 1.2018299102783 0.0010325224138796 -0.00095338287064806 2.4334733486176 5.9129361034138e-05
0.052934914827347 -0.017673045396805 1.1943296194077 0.0010956482728943 -0.00093315006233752 2.3848609924316 2.4570761524956e-05
0.056900814175606 -0.022350110113621 1.1868808269501 0.00084643717855215 -0.00097908673342317 2.3371186256409 1.6500536730746e-05
0.060866177082062 -0.027062050998211 1.1793720722198 0.00093686697073281 -0.00087914342293516 2.2887926101685 -1.8520446474213e-06
0.064833179116249 -0.031736206263304 1.1718901395798 0.00079345796257257 -0.0010202622506768 2.2405817508698 1.0318954991817e-05
0.068822115659714 -0.036454662680626 1.1643904447556 0.00068185070995241 -0.0009283316321671 2.1927695274353 6.7520384618547e-05
0.072777345776558 -0.041149586439133 1.1569125652313 0.00057699449826032 -0.00081982719711959 2.1446921825409 -3.2173040381167e-05
0.076764672994614 -0.045850452035666 1.1493884325027 0.00061608070973307 -0.00055181107018143 2.0966815948486 1.1099366929557e-05
0.080716662108898 -0.050530828535557 1.1419112682343 0.0003155687591061 -0.0003469115763437 2.0485906600952 -1.3937041330792e-05
0.084701746702194 -0.055204167962074 1.1344254016876 0.0002452006447129 9.0293244284112e-05 2.0010628700256 6.9706911745016e-05
0.088663697242737 -0.05990182608366 1.1269484758377 0.00016328423225787 0.0002102139260387 1.9529974460602 1.3720808965445e-05
0.092618919909 -0.06456832587719 1.1194710731506 -2.8170870791655e-05 0.00020246021449566 1.9042218923569 3.9253802697203e-07
0.096588268876076 -0.069266587495804 1.1119402647018 0.00010772529640235 6.1528211517725e-05 1.8551126718521 8.3001083112322e-05
0.10056713223457 -0.073977664113045 1.1044491529465 0.0003203394880984 -0.0004020175547339 1.8086807727814 5.4027463193052e-05
0.10452550649643 -0.078643120825291 1.0970191955566 0.00024628450046293 -0.001000149990432 1.7605617046356 5.9938734921161e-05
0.10850600153208 -0.08337177336216 1.0894415378571 0.0007954784668982 -0.0015793273923919 1.7128551006317 -6.1737313217236e-07
0.11246627569199 -0.088041588664055 1.0819796323776 0.00045218609739095 -0.0018176335142925 1.6644194126129 -1.6775625226728e-06
0.11642555892467 -0.092736326158047 1.0744837522507 0.00043933760025539 -0.0017449000151828 1.6163200139999 4.0157960029319e-05
0.12040685117245 -0.097395725548267 1.0670589208603 0.00021678915072698 -0.0018146499060094 1.5683184862137 -9.4377924142464e-07
0.12438447028399 -0.10209077596664 1.0595300197601 0.00033761921804398 -0.0017195921391249 1.5203493833542 9.4388800789602e-05
0.12832777202129 -0.10680472105742 1.0520584583282 0.00027571473037824 -0.0017998473485932 1.4724456071854 7.424202067341e-06
0.13230259716511 -0.1114756911993 1.0445463657379 9.645895624999e-05 -0.0016372005920857 1.4241079092026 7.5424533861224e-05
0.13628236949444 -0.1161691993475 1.0370155572891 0.00011719540634658 -0.0016670365585014 1.3765509128571 8.1118167145178e-05
0.14025674760342 -0.12084862589836 1.0295375585556 6.6616252297536e-05 -0.0016227536834776 1.3284517526627 3.7475827411981e-05
0.14423340559006 -0.12556147575378 1.0220415592194 2.6655239707907e-05 -0.0015387252205983 1.2807424068451 9.8601649369812e-06
0.14818891882896 -0.13025030493736 1.0145580768585 -1.0455387382535e-05 -0.0014200324658304 1.2319803237915 1.82150179171e-05
0.1521663069725 -0.13493967056274 1.0070499181747 0.00014043590635993 -0.0014663188485429 1.1848675012589 -2.010499338212e-05
0.15612448751926 -0.13966383039951 0.99956971406937 -7.6769123552367e-05 -0.001514432951808 1.1368813514709 3.0026369131519e-05
0.16008129715919 -0.14430701732635 0.99211955070496 -0.00028317185933702 -0.0015938330907375 1.0889120101929 3.7376234104158e-05
0.16407354176044 -0.14901073276997 0.98465490341187 -0.00051463057752699 -0.0015704962424934 1.0405519008636 0.00010392292460892
0.16802363097668 -0.1536805331707 0.97714471817017 -0.00051832234021276 -0.0016652026679367 0.99240857362747 6.8923611252103e-05
0.17199400067329 -0.15837958455086 0.96973890066147 -0.00075276964344084 -0.0014935362851247 0.94456881284714 4.9426318582846e-05
0.17597983777523 -0.16307726502419 0.96210843324661 -0.00055098434677348 -0.0016020636539906 0.89665460586548 3.0799554224359e-05
0.17991983890533 -0.16777941584587 0.95456600189209 -0.00070396694354713 -0.0013894096482545 0.84911018610001 4.7072302550077e-05
0.17875982820988 -0.16729012131691 0.94981527328491 0.0017430267762393 0.0020104050636292 0.81791174411774 -0.0030669027473778
0.16913270950317 -0.15827494859695 0.94978642463684 0.0019016774604097 0.0020782719366252 0.81760048866272 -0.0089904926717281
0.15954059362411 -0.14931347966194 0.94984322786331 0.0017565002199262 0.0020059510134161 0.81783992052078 -0.015299471095204
0.14992587268353 -0.14032833278179 0.94982588291168 0.0014898424269632 0.0017756437882781 0.81787019968033 -0.021660195663571
0.14035196602345 -0.13133388757706 0.94982475042343 0.0014568233164027 0.0017320500919595 0.81717556715012 -0.028446896001697
0.13073365390301 -0.12234658002853 0.94972550868988 0.0014830714790151 0.0016022874042392 0.81742531061172 -0.034705553203821
0.12113389372826 -0.1133381575346 0.94988042116165 0.0012441469589248 0.0013844727072865 0.81783103942871 -0.0410819016397
0.11154417693615 -0.10439030826092 0.94990921020508 0.0010478120530024 0.0014752463903278 0.81768411397934 -0.047586221247911
0.1019384264946 -0.095408231019974 0.94987034797668 0.0011220159940422 0.0013133240863681 0.81794327497482 -0.053998775780201
0.092339470982552 -0.086420476436615 0.9498582482338 0.0010750863002613 0.0013369073858485 0.81795388460159 -0.060395743697882
0.082744628190994 -0.077428326010704 0.94983559846878 0.0010410944232717 0.001162969507277 0.81772381067276 -0.066630743443966
0.073147132992744 -0.068468779325485 0.94990295171738 0.00087801011977717 0.0011741720372811 0.81802701950073 -0.072899341583252
0.06573548913002 -0.061527773737907 0.95804107189178 -0.00075789040420204 -0.0010912012076005 0.81847923994064 -0.087684325873852
0.065692275762558 -0.061519876122475 1.0058490037918 -0.0011974249500781 -0.0019580849912018 0.81934523582458 -0.087696522474289
0.065724700689316 -0.061535343527794 1.0538576841354 -0.0014492248883471 -0.0023858062922955 0.8191100358963 -0.087769493460655
0.065726563334465 -0.061556622385979 1.1018174886703 -0.0013082884252071 -0.0024516000412405 0.8195538520813 -0.087627671658993
0.065739661455154 -0.061551213264465 1.1498290300369 -0.0010794821428135 -0.0030469207558781 0.81913721561432 -0.08734092861414
0.065742999315262 -0.061574175953865 1.1978375911713 -0.0012893042294309 -0.0031567073892802 0.81980979442596 -0.087165266275406
0.065765261650085 -0.061645299196243 1.2457158565521 -0.0014537301613018 -0.0031361980363727 0.82022714614868 -0.087280996143818
