0.059000346809626 0.22590920329094 -1.7568783760071 -1.6116743087769 -1.429309129715 0.00012822798453271 1.8251450455864e-05
0.091017574071884 0.22040364146233 -1.7717347145081 -1.5912780761719 -1.3488991260529 0.00028320006094873 7.7400167356245e-05
0.12177357077599 0.21269366145134 -1.7849581241608 -1.5704143047333 -1.2701528072357 0.00035234144888818 -4.2291863792343e-05
0.15129932761192 0.20299860835075 -1.7965030670166 -1.5491969585419 -1.1924488544464 0.00048347166739404 -1.4098442989052e-05
0.17932257056236 0.19112917780876 -1.8063049316406 -1.5276210308075 -1.1161198616028 0.0006146018858999 7.7162912930362e-05
0.20574221014977 0.17737910151482 -1.8143815994263 -1.5057604312897 -1.0416977405548 0.0007066314574331 4.3072734115412e-05
0.23057159781456 0.16167065501213 -1.8206508159637 -1.4838910102844 -0.96890711784363 0.00077148131094873 5.8500871091383e-05
0.25392279028893 0.14397141337395 -1.8250935077667 -1.4618482589722 -0.89699578285217 0.00097604445181787 3.5738619772019e-05
0.27552637457848 0.12459561228752 -1.8277609348297 -1.439954996109 -0.82736492156982 0.0012068336363882 2.7841713745147e-05
0.29546675086021 0.10348269343376 -1.8286144733429 -1.4182109832764 -0.75915837287903 0.0013928001280874 -4.8607262215228e-06
0.3137534558773 0.081015080213547 -1.8277280330658 -1.3967390060425 -0.69302368164062 0.0015358512755483 6.0075552028138e-05
0.3305786550045 0.056949585676193 -1.8249456882477 -1.3756756782532 -0.62783122062683 0.0017752235289663 7.0406153099611e-05
0.34585222601891 0.031670540571213 -1.8203830718994 -1.3551533222198 -0.56430077552795 0.0020455901976675 -8.9933173512691e-06
0.35960182547569 0.0052919089794159 -1.8141269683838 -1.3353314399719 -0.5028223991394 0.0023741309996694 5.9129361034138e-05
0.37203440070152 -0.022256165742874 -1.8060617446899 -1.3162696361542 -0.44212508201599 0.0027484481688589 2.4570761524956e-05
0.38313564658165 -0.05057767033577 -1.7963020801544 -1.2979850769043 -0.38296413421631 0.0031575744505972 1.6500536730746e-05
0.39299806952477 -0.079907208681107 -1.7847683429718 -1.280754327774 -0.32487058639526 0.0036077087279409 -1.8520446474213e-06
0.40168890357018 -0.1097848713398 -1.7716791629791 -1.2644708156586 -0.26817679405212 0.004198033362627 1.0318954991817e-05
0.40927872061729 -0.14031127095222 -1.7569880485535 -1.2492134571075 -0.21268725395203 0.0048069544136524 6.7520384618547e-05
0.41584715247154 -0.17133167386055 -1.7406625747681 -1.2351629734039 -0.15802836418152 0.0055303163826466 -3.2173040381167e-05
0.42145761847496 -0.20279815793037 -1.7229218482971 -1.2221894264221 -0.10436916351318 0.0061640329658985 1.1099366929557e-05
0.42613777518272 -0.23448804020882 -1.7037372589111 -1.2099795341492 -0.051378488540649 0.0065235681831837 -1.3937041330792e-05
0.43002352118492 -0.26623228192329 -1.6834673881531 -1.198394536972 0.00022721290588379 0.0064935274422169 6.9706911745016e-05
0.4331119954586 -0.29812648892403 -1.661901473999 -1.1872322559357 0.051300764083862 0.005540806800127 1.3720808965445e-05
0.43547281622887 -0.32986858487129 -1.6392939090729 -1.1761519908905 0.10178732872009 0.0036515779793262 3.9253802697203e-07
0.43714508414268 -0.36179450154305 -1.6154129505157 -1.1654694080353 0.15201258659363 0.0010380335152149 8.3001083112322e-05
0.43823084235191 -0.39339664578438 -1.5906991958618 -1.1558022499084 0.20072245597839 -0.0017157010734081 5.4027463193052e-05
0.43875202536583 -0.42503526806831 -1.5646228790283 -1.147965669632 0.24907660484314 -0.003879826515913 5.9938734921161e-05
0.43871435523033 -0.45726326107979 -1.5369956493378 -1.1423025131226 0.29707026481628 -0.0049858503043652 -6.1737313217236e-07
0.43819841742516 -0.48950460553169 -1.5081169605255 -1.1389100551605 0.34453177452087 -0.0050576142966747 -1.6775625226728e-06
0.43718704581261 -0.52200818061829 -1.4779028892517 -1.1371040344238 0.39175295829773 -0.0045803003013134 4.0157960029319e-05
0.43581137061119 -0.55421924591064 -1.4467725753784 -1.1364150047302 0.43835091590881 -0.0039978437125683 -9.4377924142464e-07
0.43405899405479 -0.58657050132751 -1.4146974086761 -1.1367380619049 0.48437428474426 -0.003459494560957 9.4388800789602e-05
0.43188413977623 -0.6188633441925 -1.3815720081329 -1.1379110813141 0.53024983406067 -0.0030248574912548 7.424202067341e-06
0.42941936850548 -0.65114808082581 -1.3475148677826 -1.1401128768921 0.57584643363953 -0.0026252679526806 7.5424533861224e-05
0.42664036154747 -0.68346834182739 -1.3125717639923 -1.143043756485 0.62112784385681 -0.0024321489036083 8.1118167145178e-05
0.42361864447594 -0.71563673019409 -1.2767245769501 -1.1469452381134 0.66619801521301 -0.0021655969321728 3.7475827411981e-05
0.42038187384605 -0.74771451950073 -1.2400548458099 -1.1516404151917 0.71046757698059 -0.0020051412284374 9.8601649369812e-06
0.41685709357262 -0.7799961566925 -1.2022833824158 -1.1572966575623 0.75497460365295 -0.0018182210624218 1.82150179171e-05
0.4131735265255 -0.81213688850403 -1.1637234687805 -1.1638958454132 0.79919266700745 -0.0016892366111279 -2.010499338212e-05
0.40924343466759 -0.84457683563232 -1.1240246295929 -1.1712062358856 0.84336876869202 -0.0015516690909863 3.0026369131519e-05
0.40519222617149 -0.87678623199463 -1.0835471153259 -1.1794233322144 0.88723349571228 -0.0014536790549755 3.7376234104158e-05
0.40097412467003 -0.90944814682007 -1.0417730808258 -1.1884467601776 0.93116402626038 -0.0013795308768749 0.00010392292460892
0.39662060141563 -0.94227242469788 -0.99900269508362 -1.1985530853271 0.97486996650696 -0.0013029985129833 6.8923611252103e-05
0.39221081137657 -0.975182056427 -0.95501184463501 -1.2095501422882 1.0183665752411 -0.0011902265250683 4.9426318582846e-05
0.3876665532589 -1.0086512565613 -0.90971374511719 -1.2214534282684 1.0617949962616 -0.0011372976005077 3.0799554224359e-05
0.38308414816856 -1.0425744056702 -0.86302995681763 -1.2344052791595 1.1049144268036 -0.0010681562125683 4.7072302550077e-05
0.37706884741783 -1.0535216331482 -0.85530614852905 -1.2356758117676 1.1303918361664 0.00139494612813 -0.0030669027473778
0.36927780508995 -1.0224244594574 -0.91768312454224 -1.2048063278198 1.122918844223 0.0016090460121632 -0.0089904926717281
0.36137709021568 -0.9926962852478 -0.97637343406677 -1.1754689216614 1.1146500110626 0.0014521665871143 -0.015299471095204
0.35317596793175 -0.96486473083496 -1.0315787792206 -1.1478674411774 1.1062910556793 0.0014464445412159 -0.021660195663571
0.34466156363487 -0.93848276138306 -1.0837106704712 -1.1219866275787 1.0980575084686 0.0013854093849659 -0.028446896001697
0.33587917685509 -0.91345715522766 -1.1332802772522 -1.097464799881 1.0892641544342 0.0012943334877491 -0.034705553203821
0.32690557837486 -0.88886427879333 -1.1808216571808 -1.0741217136383 1.0797760486603 0.0012981481850147 -0.0410819016397
0.31752237677574 -0.86574363708496 -1.2260482311249 -1.051913022995 1.0705120563507 0.0012490339577198 -0.047586221247911
0.30786356329918 -0.84340238571167 -1.2695667743683 -1.0306644439697 1.0607602596283 0.0011722631752491 -0.053998775780201
0.2978752553463 -0.82181930541992 -1.3114938735962 -1.0103118419647 1.0506412982941 0.0011574812233448 -0.060395743697882
0.28750404715538 -0.8011155128479 -1.3517665863037 -0.99075531959534 1.040543794632 0.0010954923927784 -0.066630743443966
0.27681764960289 -0.78074240684509 -1.3906788825989 -0.97199869155884 1.0296785831451 0.0011050291359425 -0.072899341583252
0.2684071958065 -0.75338268280029 -1.4166965484619 -0.9704008102417 1.0206658840179 -0.0008273534476757 -0.087684325873852
0.26846632361412 -0.693030834198 -1.3844373226166 -1.0619928836823 1.020051240921 -0.0016484670341015 -0.087696522474289
0.26850971579552 -0.64181756973267 -1.3372209072113 -1.1598029136658 1.0200531482697 -0.0022766999900341 -0.087769493460655
0.26850828528404 -0.60112118721008 -1.2748069763184 -1.263151884079 1.0200054645538 -0.0021911077201366 -0.087627671658993
0.2685874402523 -0.5712423324585 -1.1966149806976 -1.3708300590515 1.0197269916534 -0.0026710443198681 -0.08734092861414
0.2686193883419 -0.5538387298584 -1.1004686355591 -1.4839372634888 1.0195624828339 -0.0029979161918163 -0.087165266275406
0.26871713995934 -0.55077195167542 -0.98293232917786 -1.6043703556061 1.0191786289215 -0.002893965691328 -0.087280996143818
