3.819292260232e-07 -3.9923654071572e-07 0.91483896970749
3.6004465187034e-07 -1.3935158449385e-07 0.91483914852142
6.1469404499803e-07 -4.5829757766569e-08 0.91483926773071
7.889682365203e-07 1.7043166167241e-07 0.91483944654465
9.7941665444523e-07 4.3272208927192e-07 0.91483968496323
1.2861402183262e-06 3.1271147804546e-07 0.91483974456787
9.1986271399946e-07 2.5046185214705e-07 0.91483992338181
8.7416458427469e-07 1.3878579352422e-07 0.91484010219574
1.2851178325946e-06 6.4524463994076e-08 0.91484028100967
1.3607400433102e-06 -4.986208068658e-07 0.91484034061432
1.2875971151516e-06 -3.9337820112451e-07 0.91484040021896
1.5645052826585e-06 -4.6346767135219e-07 0.91484034061432
1.4502625163004e-06 -6.7914470491814e-07 0.91484045982361
1.7319307517027e-06 -8.5482167833106e-07 0.91484051942825
1.5779107798153e-06 -8.3040083609376e-07 0.91484081745148
1.4837697790426e-06 -5.0327565759289e-07 0.91484093666077
1.7386862509738e-06 -1.1128884125355e-06 0.91484087705612
1.6990211406664e-06 -1.4604542002417e-06 0.91484075784683
1.64435834904e-06 -1.139719074672e-06 0.91484081745148
1.4987899703556e-06 -9.8078135124524e-07 0.91484093666077
1.5703424196545e-06 -1.5932010910547e-06 0.91484105587006
1.8943487702927e-06 -1.6513580476385e-06 0.9148411154747
1.8182108760811e-06 -1.8196313931185e-06 0.91484117507935
1.4684488860439e-06 -2.238209845018e-06 0.91484123468399
2.0031741314597e-06 -2.1477437712747e-06 0.91484135389328
2.4755959202594e-06 -1.8587518297863e-06 0.91484153270721
2.4892653982533e-06 -1.9789506495727e-06 0.9148416519165
2.2063622964197e-06 -1.7278545101362e-06 0.91484159231186
1.9048034118896e-06 -1.4403428849619e-06 0.91484183073044
2.0525180843833e-06 -1.2738422583425e-06 0.91484183073044
1.8839978110918e-06 -1.0755602488643e-06 0.9148416519165
1.4089941942075e-06 -1.3023476412855e-06 0.91484194993973
1.282198923036e-06 -1.3897409871788e-06 0.91484206914902
1.4285391216617e-06 -1.3536906635636e-06 0.91484212875366
1.6006580381145e-06 -1.3303407513376e-06 0.91484218835831
1.0231465239485e-06 -1.1055719824071e-06 0.91484212875366
1.1560139228095e-06 -1.0504027159186e-06 0.91484212875366
1.1390512781873e-06 -1.3547532944358e-06 0.91484200954437
8.6326292603189e-07 -1.6800296407382e-06 0.91484200954437
6.3748376533113e-07 -1.9480837636365e-06 0.91484218835831
5.3849225878366e-07 -2.4463520276186e-06 0.91484200954437
8.1450110656078e-07 -2.3197335394798e-06 0.91484183073044
7.7270658493944e-07 -2.3443183181371e-06 0.91484194993973
8.1136420249095e-07 -2.5369540708198e-06 0.91484194993973
8.2249647448407e-07 -2.5374808956258e-06 0.91484206914902
6.3858396970318e-07 -2.7343805868441e-06 0.91484212875366
4.1006103401742e-07 -2.8673021006398e-06 0.91484200954437
1.0798716942872e-07 -2.8776287308574e-06 0.91484212875366
9.9675219189521e-08 -3.158690788041e-06 0.91484224796295
-2.2588814374558e-07 -3.1414776913152e-06 0.91484242677689
-4.4941299393031e-07 -3.5023779219046e-06 0.91484248638153
-4.0280369262291e-07 -3.6374715364218e-06 0.91484254598618
-2.1550070528065e-07 -3.8686735024385e-06 0.91484248638153
-4.837013989345e-07 -3.5971547731606e-06 0.91484266519547
-4.6213668269957e-07 -3.8886678339622e-06 0.91484266519547
-5.6399159120701e-07 -3.5912362363888e-06 0.91484266519547
-5.1110475851601e-07 -3.9814281080908e-06 0.91484290361404
-5.7610077419668e-07 -4.296961833461e-06 0.91484278440475
-5.5592710168639e-07 -3.7974912174832e-06 0.91484296321869
-0.00043610480497591 -0.00021551238023676 0.91712933778763
-0.00050243531586602 -0.00028212412144057 0.96412742137909
-0.00058638938935474 -0.00021284124522936 1.0114732980728
-0.00084307667566463 -0.00037981302011758 1.0587122440338
-0.00055214687017724 -3.9765949622961e-05 1.1058605909348
-0.00052189873531461 3.4400949289193e-07 1.1528332233429
-0.0004571593599394 -0.00022190171875991 1.2003084421158
