-0.0086721070110798 0.047690406441689 1.3022921085358 0.00086667487630621 -8.9116307208315e-05 3.0583755970001 3.5351411497686e-05
-0.0079423636198044 0.042840838432312 1.2964913845062 0.00087914342293516 -7.4495037551969e-06 3.010279417038 0.00010223682329524
-0.0071993265300989 0.037970274686813 1.2906733751297 0.00090243516024202 -0.00014690114767291 2.9626612663269 -2.4515500626876e-05
-0.0064804516732693 0.033091083168983 1.2848752737045 0.00089393387315795 -0.00022430045646615 2.9140269756317 2.6299123419449e-05
-0.0058030672371387 0.028270393610001 1.2790951728821 0.00083199265645817 -0.00029069231823087 2.8660790920258 5.5057331337593e-05
-0.005048293620348 0.023388966917992 1.2732779979706 0.00075139902764931 -0.0003692387836054 2.8178346157074 0.00010757711424958
-0.0043094269931316 0.018535003066063 1.2674903869629 0.00082237948663533 -0.00038520159432665 2.770320892334 9.3903668130224e-07
-0.0036075562238693 0.013656705617905 1.2616710662842 0.00076415215153247 -0.00036833714693785 2.7215375900269 7.2469803853892e-05
-0.002892542630434 0.0088329315185547 1.2559114694595 0.00061077828286216 -0.00041037076152861 2.673725605011 7.1832699177321e-05
-0.0021694824099541 0.0039471536874771 1.2500765323639 0.00083406700287014 -0.00036002427805215 2.6258673667908 1.0242835742247e-05
-0.0014652088284492 -0.00089309364557266 1.2442890405655 0.00061677664052695 -0.00049807649338618 2.5769872665405 6.0339743868099e-06
-0.00072787702083588 -0.0057468861341476 1.2385036945343 0.00068251031916589 -0.0004591652250383 2.5292615890503 8.5945066530257e-05
1.0430812835693e-06 -0.010622873902321 1.2326838970184 0.00066714495187625 -0.00039694822044112 2.4815323352814 -2.651552495081e-05
0.00072947889566422 -0.015472546219826 1.2268949747086 0.00056736683472991 -0.00047151194303297 2.433521270752 1.1103351425845e-05
0.0014290511608124 -0.020324267446995 1.2210980653763 0.00057144439779222 -0.00052449898794293 2.384749174118 2.9946711947559e-05
0.002163402736187 -0.025208964943886 1.2152724266052 0.0006063828477636 -0.00052314705681056 2.3368413448334 6.4756954998302e-07
0.0028648003935814 -0.030059184879065 1.2094678878784 0.00055769673781469 -0.00039833548362367 2.2886648178101 6.189208215801e-05
0.0035922080278397 -0.034901533275843 1.203693985939 0.00042378334910609 -0.00037311154301278 2.2407093048096 3.1727267923998e-05
0.0042922273278236 -0.039757464081049 1.1978912353516 0.00040319273830391 -0.00039460248081014 2.192528963089 8.5152765677776e-05
0.0050307884812355 -0.044621422886848 1.1920963525772 0.00036043030559085 -0.00033708833507262 2.1445896625519 5.3568564908346e-05
0.0057496801018715 -0.049493074417114 1.186279296875 0.00026287071523257 -0.00028049410320818 2.096884727478 8.0442128819413e-05
0.0064782425761223 -0.054339446127415 1.180507183075 0.0001040808565449 -8.879979577614e-05 2.0491871833801 0.00010083964298246
0.007191389799118 -0.059192765504122 1.1747232675552 7.5672898674384e-05 3.7707537558163e-05 2.0008125305176 9.0048415586352e-05
0.0079309493303299 -0.06407156586647 1.1688643693924 -2.592138844193e-05 0.00014334538718686 1.9528974294662 -7.4233525992895e-06
0.0086252093315125 -0.068884268403053 1.1631076335907 0.00010407203808427 0.00014321431808639 1.9049674272537 8.860080561135e-05
0.0093719027936459 -0.073795542120934 1.1572351455688 0.00017490782192908 -6.3713268900756e-05 1.8569551706314 2.7553391191759e-05
0.010078366845846 -0.078630782663822 1.1515098810196 0.00016330000653397 -0.00035424449015409 1.8084127902985 8.2945000031032e-05
0.010807234793901 -0.083481326699257 1.1456550359726 0.00028276818920858 -0.0010770495282486 1.7608588933945 -1.8060545698972e-06
0.011524256318808 -0.088369831442833 1.1398245096207 0.00045893972855993 -0.0021419795230031 1.7124584913254 -1.9320932551636e-05
0.012253677472472 -0.093214370310307 1.1340335607529 0.00058667763369158 -0.0031580051872879 1.665408372879 1.3847638001607e-05
0.012964569963515 -0.098060093820095 1.1282516717911 0.00067018752451986 -0.0037597476039082 1.6165164709091 5.2955016144551e-05
0.01369708776474 -0.10290879011154 1.1224749088287 0.00036232627462596 -0.0040824236348271 1.5694491863251 5.9895453887293e-05
0.014421360567212 -0.1078499481082 1.1166218519211 0.00057165912585333 -0.003779849037528 1.5214700698853 9.6085947006941e-05
0.015127040445805 -0.11262181401253 1.1108676195145 0.00015185507072601 -0.0033161903265864 1.4728355407715 -8.5472347564064e-06
0.015835251659155 -0.1175032556057 1.1050297021866 8.5906613094267e-05 -0.0029191547073424 1.424693107605 -4.5433389459504e-06
0.016562975943089 -0.12236855924129 1.0992819070816 -5.3498388297157e-05 -0.0026760804466903 1.3773622512817 -2.73605583061e-05
0.01728269085288 -0.12721394002438 1.0934677124023 -2.1867632312933e-05 -0.0024027253966779 1.3287311792374 2.3717897420283e-05
0.018011819571257 -0.13206478953362 1.0876297950745 -5.1512965001166e-05 -0.0021294371690601 1.2805961370468 1.7375350580551e-05
0.018737193197012 -0.13692651689053 1.0818519592285 -0.00015615066513419 -0.0021236916072667 1.2327146530151 2.9348031603149e-05
0.019454151391983 -0.14177982509136 1.0760253667831 -0.00028803874738514 -0.00211066682823 1.1848776340485 6.5424166677985e-05
0.020173020660877 -0.1466089785099 1.0702127218246 -0.00014642917085439 -0.0020193103700876 1.1363153457642 5.7350287534064e-05
0.020884625613689 -0.15148063004017 1.0644795894623 -0.00042226925143041 -0.0019835971761495 1.0887336730957 7.8613365985802e-06
0.021606914699078 -0.15634298324585 1.0586780309677 -0.00067669246345758 -0.0020272687543184 1.0409047603607 -9.2782711362815e-06
0.022327996790409 -0.16120256483555 1.0527765750885 -0.00051362224621698 -0.0018729582661763 0.99273979663849 8.6470165115315e-05
0.023063153028488 -0.16606497764587 1.047089099884 -0.00078439159551635 -0.001900463597849 0.94490420818329 6.8540248321369e-05
0.023774921894073 -0.17094454169273 1.0411603450775 -0.00074633996700868 -0.0017199591966346 0.89714312553406 5.5233322200365e-05
0.024488776922226 -0.17579832673073 1.0352818965912 -0.00071826804196462 -0.0018906209152192 0.84865862131119 8.2087335613323e-06
0.025205597281456 -0.18065550923347 1.0295596122742 -0.0010604137787595 -0.0017808708362281 0.80131649971008 -1.2668113413383e-05
0.025940023362637 -0.18553146719933 1.0237156152725 -0.001228470238857 -0.0017974684014916 0.75336456298828 3.4688753657974e-05
0.026658549904823 -0.19033885002136 1.0179173946381 -0.0013906476087868 -0.0020373163279146 0.7048122882843 9.3216673121788e-05
0.027390770614147 -0.19520527124405 1.0121089220047 -0.001666420721449 -0.0019714923109859 0.65735524892807 -1.7399368516635e-05
0.028115428984165 -0.20009076595306 1.0063387155533 -0.0023198418784887 -0.0019961483776569 0.60921907424927 8.7974141933955e-05
0.028813607990742 -0.2049406170845 1.000524520874 -0.0026016619522125 -0.0021845519077033 0.5622187256813 8.8452783529647e-05
0.029525451362133 -0.20981115102768 0.99473345279694 -0.0036261300556362 -0.0026433740276843 0.51489734649658 1.670314304647e-05
0.030259676277637 -0.21466645598412 0.98895728588104 -0.0053163394331932 -0.0031681305263191 0.46788647770882 -3.1315805244958e-05
0.030976608395576 -0.21950107812881 0.98316419124603 -0.008695462718606 -0.0044392598792911 0.42068672180176 1.1804193491116e-05
0.031690940260887 -0.22436156868935 0.97729974985123 -0.017871322110295 -0.0073560606688261 0.37816539406776 5.8159359468846e-05
0.032423056662083 -0.22916886210442 0.97156584262848 -0.046655364334583 -0.017072353512049 0.34497383236885 2.9267734134919e-05
0.033135496079922 -0.23395657539368 0.96574687957764 -0.097514480352402 -0.032621566206217 0.32086202502251 9.1740017523989e-05
0.033851981163025 -0.23878771066666 0.95986557006836 -0.15138933062553 -0.045752786099911 0.29016196727753 -2.1081988961669e-05
0.034585617482662 -0.24358770251274 0.95404887199402 -0.2051065415144 -0.053885620087385 0.25148952007294 7.3594630521256e-05
0.034711740911007 -0.2443750500679 0.94966042041779 -0.22260431945324 -0.049472957849503 0.21117241680622 -3.0849651011522e-07
0.033364947885275 -0.23483830690384 0.94976651668549 -0.14267192780972 -0.02715802192688 0.18452893197536 7.9954377724789e-05
0.031988319009542 -0.22534644603729 0.94965380430222 -0.05220253765583 -0.0085555398836732 0.15784949064255 -1.966157105926e-05
0.030616253614426 -0.21586048603058 0.94967520236969 0.045175325125456 0.0055720005184412 0.12782457470894 5.8107390941586e-05
0.029275253415108 -0.20623624324799 0.9497264623642 0.022993460297585 0.0032485362607986 0.13524100184441 7.4395757110324e-05
0.027860313653946 -0.19660511612892 0.94968545436859 0.0072034113109112 0.0012240519281477 0.13945829868317 3.6261673812987e-05
0.026531931012869 -0.18700924515724 0.9497435092926 0.004745967220515 0.00037989116390236 0.14039450883865 5.7455978094367e-05
0.0251829251647 -0.17739695310593 0.94974094629288 0.0035150169860572 0.00066817627521232 0.14033503830433 -4.2484902223805e-05
0.023824494332075 -0.16779837012291 0.9497002363205 0.0030210630502552 0.00054164358880371 0.14019349217415 1.5922054444673e-05
0.022449746727943 -0.15817153453827 0.94983923435211 0.0025534965097904 0.0003212840820197 0.14030888676643 -4.1162322304444e-05
0.021107323467731 -0.14857584238052 0.94992589950562 0.0020971950143576 0.00035327434306964 0.1403095126152 4.5139982830733e-05
0.019691739231348 -0.13900262117386 0.94979006052017 0.0019489482510835 0.00024922951706685 0.14073832333088 7.0480156864505e-05
0.018364120274782 -0.12939384579659 0.94977736473083 0.0018730877200142 0.00030893424991518 0.14084474742413 9.1778620117111e-06
0.017016742378473 -0.11981099843979 0.94983398914337 0.0016184358391911 0.0003298828669358 0.14085985720158 6.1413258663379e-05
0.015635047107935 -0.1101898252964 0.94985908269882 0.0015618797624484 0.0002693141286727 0.1408688724041 1.6389287338825e-05
0.014287583529949 -0.1005953848362 0.9498325586319 0.0015694398898631 0.00041366755613126 0.14048886299133 1.5202445865725e-05
0.012904021888971 -0.090991646051407 0.94983983039856 0.0013864162610844 0.0002174706896767 0.14057393372059 1.4907684999343e-05
0.011577961966395 -0.08141764998436 0.94992756843567 0.0011952681234106 0.00024921377189457 0.14101400971413 7.8658100392204e-05
0.010201657190919 -0.071802213788033 0.94989252090454 0.0014551107306033 0.00012610794510692 0.14049497246742 6.2463295762427e-05
0.0088580213487148 -0.062222093343735 0.94988220930099 0.0017328917747363 0.00012194611917948 0.14071710407734 9.8003811217495e-06
0.0074951965361834 -0.052619829773903 0.94988250732422 0.0014158802805468 0.00015953432011884 0.14088149368763 5.0434323384252e-06
0.0061459839344025 -0.043021783232689 0.94985973834991 0.0018603912321851 0.00022539572091773 0.14096692204475 3.8563426642213e-05
0.0047874171286821 -0.033397853374481 0.9499180316925 0.0017971788765863 0.00028390012448654 0.14003252983093 8.6120504420251e-05
0.0033884029835463 -0.023798584938049 0.94992905855179 0.0017084062565118 0.00028327573090792 0.14036057889462 3.904943150701e-05
0.0020234975963831 -0.014211893081665 0.94993150234222 0.001770666684024 0.00016834097914398 0.14097839593887 5.978271656204e-05
0.00067658722400665 -0.0046181380748749 0.94993823766708 0.0016201316611841 0.00028284633299336 0.14026328921318 -5.2681125453091e-06
-0.00068549439311028 0.0049775689840317 0.9499579668045 0.0016000109026209 0.00015325150161516 0.14054231345654 -2.5016037398018e-05
-0.0020468402653933 0.014586791396141 0.94995921850204 0.0015087792417035 0.00022012900444679 0.1405985802412 1.7183225281769e-05
-0.003392031416297 0.024180769920349 0.94994723796844 0.0014859265647829 0.00034521421184763 0.14062462747097 -3.0110806619632e-05
-0.0047594327479601 0.033772014081478 0.94997608661652 0.0015897086123005 6.7863365984522e-05 0.14054951071739 1.8636110326042e-05
-0.0061063831672072 0.043361246585846 0.94996809959412 0.0015397056704387 -0.00031126383692026 0.14069975912571 8.479853568133e-05
-0.0074628824368119 0.052969343960285 0.94999033212662 0.0014319062465802 0.00010941013897536 0.14065058529377 -5.1932296628365e-05
-0.008846496231854 0.062576554715633 0.94997441768646 0.0012918871361762 0.00021995350834914 0.1406589448452 9.0711124357767e-05
-0.010248500853777 0.072167657315731 0.9499763250351 0.0012428428744897 8.4068939031567e-05 0.14091670513153 9.2412974481704e-06
-0.011598130688071 0.081771209836006 0.94997382164001 0.001312411390245 0.00013722534640692 0.1407752931118 1.1107748832728e-05
-0.012932613492012 0.091373845934868 0.94998323917389 0.0012314000632614 7.8534554631915e-05 0.14032679796219 7.7355893154163e-05
-0.014324011281133 0.10097318887711 0.94996535778046 0.0012547734659165 -3.0345981940627e-06 0.14064805209637 -7.1683293754177e-06
-0.015693482011557 0.11055369675159 0.94997346401215 0.0011245635105297 0.00019696992239915 0.14103904366493 -1.1097243941549e-06
-0.017028275877237 0.12018517404795 0.94996404647827 0.0010716172400862 0.00013564969412982 0.14019514620304 4.3503205233719e-05
-0.018404901027679 0.12978315353394 0.94998180866241 0.0011053965426981 7.5803342042491e-05 0.14027234911919 -2.4041393771768e-05
-0.019786553457379 0.13938143849373 0.94995582103729 0.001095681800507 0.00017359215416946 0.14102867245674 -2.5009299861267e-05
-0.021139221265912 0.1489679068327 0.9499843120575 0.0011433780891821 4.0530285332352e-06 0.14074602723122 -4.7587204790034e-06
-0.022498529404402 0.15856716036797 0.94999504089355 0.0010565634584054 0.00019045762019232 0.14074866473675 8.270594116766e-05
-0.023878380656242 0.16817562282085 0.94996404647827 0.00094556628027931 0.00022878435265739 0.14104297757149 9.0636940512923e-06
-0.025220677256584 0.17779222130775 0.94996899366379 0.0008151987567544 0.00028195499908179 0.14046408236027 2.0285272057663e-06
-0.026535561308265 0.18737840652466 0.94997835159302 0.0009973431006074 0.00012463447637856 0.14018647372723 7.7984266681597e-05
-0.027975883334875 0.19697454571724 0.94998514652252 0.00099452596623451 0.00024144764756784 0.14081236720085 2.3875030819909e-05
-0.029314024373889 0.20655958354473 0.94999277591705 0.0009953131666407 0.00010579208901618 0.14054863154888 -2.772718835331e-05
-0.030668515712023 0.21617017686367 0.94998216629028 0.00087492924649268 0.00023391009017359 0.14041109383106 2.2390024241759e-05
-0.032039009034634 0.22575637698174 0.94998836517334 0.00091870489995927 0.00014728248061147 0.14088588953018 1.8620006812853e-05
-0.033429943025112 0.23534977436066 0.94998788833618 0.00080814841203392 0.00019278282707091 0.14132617413998 -2.2440435714088e-05
-0.034757040441036 0.24495679140091 0.95000147819519 0.00089043815387413 0.00023636808327865 0.14079110324383 0.0001510550500825
