0.03900894895196 0.22037932276726 -1.7447745800018 -1.617951631546 -1.4484896659851 0.00011583023297135 3.5351411497686e-05
0.060363624244928 0.21260544657707 -1.7536051273346 -1.6014065742493 -1.3790562152863 0.00014396362530533 0.00010223682329524
0.080821365118027 0.20331284403801 -1.7612142562866 -1.5845477581024 -1.31068110466 0.00023647001944482 -2.4515500626876e-05
0.10041555762291 0.19260784983635 -1.7675635814667 -1.5674750804901 -1.2427628040314 0.00035138777457178 2.6299123419449e-05
0.11889681220055 0.18049523234367 -1.7726697921753 -1.5502569675446 -1.1763646602631 0.00037379912100732 5.5057331337593e-05
0.13637527823448 0.16689631342888 -1.7764341831207 -1.5328912734985 -1.1109104156494 0.00051589659415185 0.00010757711424958
0.15283045172691 0.15191170573235 -1.7788207530975 -1.5155763626099 -1.046026468277 0.00053210905753076 9.3903668130224e-07
0.16808733344078 0.13560578227043 -1.779896736145 -1.4982049465179 -0.98274230957031 0.00054784468375146 7.2469803853892e-05
0.18216499686241 0.11815115809441 -1.7796177864075 -1.4810049533844 -0.92058110237122 0.00062270811758935 7.1832699177321e-05
0.19514736533165 0.099261730909348 -1.7778885364532 -1.4639983177185 -0.85942816734314 0.00063653639517725 1.0242835742247e-05
0.20702728629112 0.079450577497482 -1.7748544216156 -1.4471747875214 -0.79936981201172 0.00084968260489404 6.0339743868099e-06
0.21779903769493 0.058456867933273 -1.7703561782837 -1.4307420253754 -0.74052476882935 0.00083060911856592 8.5945066530257e-05
0.22744879126549 0.036465138196945 -1.7645087242126 -1.4147100448608 -0.68297910690308 0.00089021376334131 -2.651552495081e-05
0.23607239127159 0.013616055250168 -1.7572703361511 -1.3990592956543 -0.62618112564087 0.0009955947753042 1.1103351425845e-05
0.24368938803673 -0.010122328996658 -1.7486128807068 -1.3840906620026 -0.57048940658569 0.0010199134703726 2.9946711947559e-05
0.25035318732262 -0.034658223390579 -1.7385854721069 -1.3695819377899 -0.51557350158691 0.0010943000670522 6.4756954998302e-07
0.25605377554893 -0.059853345155716 -1.7272598743439 -1.3557417392731 -0.46181416511536 0.0011057441588491 6.189208215801e-05
0.26082929968834 -0.085547715425491 -1.7146024703979 -1.3426909446716 -0.40909886360168 0.0011238639708608 3.1727267923998e-05
0.2647770345211 -0.11188390851021 -1.7006080150604 -1.330287694931 -0.3570876121521 0.0011372154112905 8.5152765677776e-05
0.2679680287838 -0.13864186406136 -1.6853950023651 -1.3186106681824 -0.30596089363098 0.001025635516271 5.3568564908346e-05
0.27033552527428 -0.16578510403633 -1.6689853668213 -1.3075540065765 -0.25572180747986 0.00068231276236475 8.0442128819413e-05
0.27204737067223 -0.19326737523079 -1.6513056755066 -1.297178030014 -0.20580887794495 0.00018544844351709 0.00010083964298246
0.27305588126183 -0.22102144360542 -1.6325263977051 -1.2872166633606 -0.15676212310791 -0.00075702019967139 9.0048415586352e-05
0.27342781424522 -0.24911764264107 -1.6126265525818 -1.2778761386871 -0.10821914672852 -0.0019889289978892 -7.4233525992895e-06
0.2731998860836 -0.27702763676643 -1.5918219089508 -1.2687957286835 -0.060609340667725 -0.0038965160492808 8.860080561135e-05
0.27240881323814 -0.3052764236927 -1.5700218677521 -1.2599210739136 -0.013526439666748 -0.0065572671592236 2.7553391191759e-05
0.2710894048214 -0.33326485753059 -1.5472166538239 -1.2512543201447 0.033331155776978 -0.0097735337913036 8.2945000031032e-05
0.26928743720055 -0.36148622632027 -1.5235066413879 -1.2434148788452 0.079570531845093 -0.013084691017866 -1.8060545698972e-06
0.26699861884117 -0.38997152447701 -1.4984769821167 -1.2370572090149 0.12526965141296 -0.016052525490522 -1.9320932551636e-05
0.26429733633995 -0.418691188097 -1.4720373153687 -1.2331831455231 0.1706120967865 -0.017705004662275 1.3847638001607e-05
0.26120647788048 -0.44797971844673 -1.4440796375275 -1.2322647571564 0.21535801887512 -0.017196219414473 5.2955016144551e-05
0.25772747397423 -0.47756937146187 -1.4147198200226 -1.234053850174 0.25976157188416 -0.015059273689985 5.9895453887293e-05
0.25385555624962 -0.50800275802612 -1.3837444782257 -1.2377738952637 0.30417227745056 -0.012058537453413 9.6085947006941e-05
0.24972900748253 -0.53792762756348 -1.3522665500641 -1.2420198917389 0.34783482551575 -0.0091998986899853 -8.5472347564064e-06
0.24526390433311 -0.56814217567444 -1.3198237419128 -1.2465004920959 0.39140629768372 -0.0069680623710155 -4.5433389459504e-06
0.24053701758385 -0.59797787666321 -1.2866759300232 -1.2511169910431 0.43449664115906 -0.0056038312613964 -2.73605583061e-05
0.23556265234947 -0.6279730796814 -1.2526657581329 -1.2560727596283 0.4774796962738 -0.0046713761985302 2.3717897420283e-05
0.23031887412071 -0.65810823440552 -1.2176706790924 -1.2616868019104 0.52043604850769 -0.0039422921836376 1.7375350580551e-05
0.22486194968224 -0.68816947937012 -1.1817982196808 -1.2677869796753 0.56299614906311 -0.0036495141685009 2.9348031603149e-05
0.21923479437828 -0.71841740608215 -1.1450345516205 -1.2747557163239 0.60521960258484 -0.0032265596091747 6.5424166677985e-05
0.21340069174767 -0.74864840507507 -1.1072111129761 -1.2825305461884 0.64735531806946 -0.0029614381492138 5.7350287534064e-05
0.2073777616024 -0.77914571762085 -1.0681571960449 -1.2912528514862 0.68953251838684 -0.0026469640433788 7.8613365985802e-06
0.20120987296104 -0.81000328063965 -1.0280299186707 -1.3007357120514 0.73145031929016 -0.0024624280631542 -9.2782711362815e-06
0.19494900107384 -0.84117531776428 -0.98670816421509 -1.3112449645996 0.7730495929718 -0.0021737031638622 8.6470165115315e-05
0.18857988715172 -0.87232208251953 -0.94426512718201 -1.3224487304688 0.81435751914978 -0.002107422798872 6.8540248321369e-05
0.18204149603844 -0.90420603752136 -0.90024900436401 -1.334746837616 0.85586953163147 -0.0020695142447948 5.5233322200365e-05
0.17540010809898 -0.93662643432617 -0.85460495948792 -1.3480525016785 0.89752554893494 -0.0020227842032909 8.2087335613323e-06
0.16875967383385 -0.96917581558228 -0.80738472938538 -1.3626329898834 0.93843865394592 -0.0018053464591503 -1.2668113413383e-05
0.16202911734581 -1.0026760101318 -0.75808429718018 -1.378333568573 0.97957968711853 -0.0018079690635204 3.4688753657974e-05
0.15516552329063 -1.0371131896973 -0.70624804496765 -1.3955547809601 1.021057844162 -0.0017581395804882 9.3216673121788e-05
0.14835914969444 -1.0725803375244 -0.65185451507568 -1.4142932891846 1.0617353916168 -0.0017934255301952 -1.7399368516635e-05
0.14148554205894 -1.1095864772797 -0.5936906337738 -1.4350025653839 1.1027276515961 -0.0018554143607616 8.7974141933955e-05
0.1346295773983 -1.1485440731049 -0.53123474121094 -1.458151102066 1.1432888507843 -0.0019321851432323 8.8452783529647e-05
0.1277616918087 -1.1901748180389 -0.4623966217041 -1.4843711853027 1.1839249134064 -0.002086203545332 1.670314304647e-05
0.12092766165733 -1.2356472015381 -0.38473296165466 -1.5148122310638 1.2244007587433 -0.0024552755057812 -3.1315805244958e-05
0.11420807242393 -1.2873442173004 -0.29332995414734 -1.550817489624 1.2641274929047 -0.0032754354178905 1.1804193491116e-05
0.10802158713341 -1.3484191894531 -0.17995953559875 -1.5932154655457 1.3009850978851 -0.0055995397269726 5.8159359468846e-05
0.10346683859825 -1.4120750427246 -0.053729295730591 -1.6247651576996 1.3288242816925 -0.012277405709028 2.9267734134919e-05
0.10016474127769 -1.4376485347748 0.00071048736572266 -1.5993120670319 1.349426984787 -0.023244421929121 9.1740017523989e-05
0.095986217260361 -1.4387085437775 0.0034956932067871 -1.5453379154205 1.3755710124969 -0.03157476708293 -2.1081988961669e-05
0.090698093175888 -1.4385039806366 0.0025043487548828 -1.4908299446106 1.4081380367279 -0.035623352974653 7.3594630521256e-05
0.084741443395615 -1.4397161006927 -0.0018634796142578 -1.4701509475708 1.4428684711456 -0.03051046654582 -3.0849651011522e-07
0.080002158880234 -1.4487736225128 -0.0051424503326416 -1.5418355464935 1.4652607440948 -0.015821259468794 7.9954377724789e-05
0.074995368719101 -1.4584105014801 -0.012542247772217 -1.6177351474762 1.4883258342743 -0.0046909265220165 -1.966157105926e-05
0.069611877202988 -1.4442408084869 -0.073147773742676 -1.6698043346405 1.5125782489777 0.0026354379951954 5.8107390941586e-05
0.069893687963486 -1.3096499443054 -0.34370112419128 -1.511650800705 1.505619764328 0.0017742700874805 7.4395757110324e-05
0.069694370031357 -1.2425699234009 -0.47576665878296 -1.4306588172913 1.5009853839874 0.00067611411213875 3.6261673812987e-05
0.068896144628525 -1.1965148448944 -0.56821155548096 -1.3817002773285 1.4997365474701 0.00035043433308601 5.7455978094367e-05
0.068054050207138 -1.1574628353119 -0.64707016944885 -1.3408706188202 1.4986517429352 0.00046439841389656 -4.2484902223805e-05
0.067136138677597 -1.1225686073303 -0.71721410751343 -1.3049178123474 1.4975874423981 0.00031276419758797 1.5922054444673e-05
0.066213935613632 -1.0905375480652 -0.78123307228088 -1.2725443840027 1.4964821338654 0.00032277777791023 -4.1162322304444e-05
0.065206378698349 -1.0607328414917 -0.84050416946411 -1.2425231933594 1.4957058429718 0.00030418112874031 4.5139982830733e-05
0.0642269551754 -1.0331435203552 -0.89597582817078 -1.2146360874176 1.4943940639496 0.0002712793648243 7.0480156864505e-05
0.06322368979454 -1.0068824291229 -0.94836068153381 -1.1884291172028 1.4934275150299 0.00017495825886726 9.1778620117111e-06
0.062193721532822 -0.98160457611084 -0.99820280075073 -1.1635513305664 1.4922840595245 0.00022454932332039 6.1413258663379e-05
0.061077445745468 -0.95747470855713 -1.0458533763885 -1.1399137973785 1.4912836551666 0.00028844550251961 1.6389287338825e-05
0.059955447912216 -0.93437623977661 -1.0914540290833 -1.1173133850098 1.4901077747345 0.00032325461506844 1.5202445865725e-05
0.058856815099716 -0.91201853752136 -1.1355059146881 -1.0955593585968 1.4887964725494 0.0001949854195118 1.4907684999343e-05
0.057673782110214 -0.89021587371826 -1.1779854297638 -1.0746772289276 1.4878323078156 0.0001797266304493 7.8658100392204e-05
0.056403011083603 -0.86931967735291 -1.2190487384796 -1.0547568798065 1.4867193698883 0.00014682486653328 6.2463295762427e-05
0.055225223302841 -0.84889531135559 -1.2589433193207 -1.0354688167572 1.4852440357208 0.00016875937581062 9.8003811217495e-06
0.053933948278427 -0.8288197517395 -1.2978231906891 -1.0164065361023 1.4839198589325 0.00017591193318367 5.0434323384252e-06
0.052593559026718 -0.80948185920715 -1.3355312347412 -0.99849271774292 1.4827606678009 0.00021358206868172 3.8563426642213e-05
0.051161617040634 -0.79031014442444 -1.3724505901337 -0.98071432113647 1.4816644191742 0.0003475733101368 8.6120504420251e-05
0.049752086400986 -0.77149796485901 -1.408519744873 -0.96339654922485 1.4801571369171 0.00022264197468758 3.904943150701e-05
0.048350661993027 -0.75308442115784 -1.4438149929047 -0.94650340080261 1.4784843921661 0.00025554373860359 5.978271656204e-05
0.046920150518417 -0.73496079444885 -1.4784617424011 -0.92984771728516 1.4766037464142 0.00032230094075203 -5.2681125453091e-06
0.045293658971786 -0.71712899208069 -1.5123488903046 -0.91373205184937 1.4755809307098 0.00018354132771492 -2.5016037398018e-05
0.043730109930038 -0.69958448410034 -1.5456445217133 -0.89794731140137 1.4738247394562 0.00020738318562508 1.7183225281769e-05
0.042093127965927 -0.68229150772095 -1.5783185958862 -0.88258981704712 1.4721367359161 0.00033994391560555 -3.0110806619632e-05
0.040265887975693 -0.66525220870972 -1.6103343963623 -0.86767172813416 1.4708549976349 0.00015588477253914 1.8636110326042e-05
0.038558810949326 -0.64825677871704 -1.642157793045 -0.85229182243347 1.4687826633453 -0.00025920197367668 8.479853568133e-05
0.036818832159042 -0.63154149055481 -1.6732814311981 -0.83776688575745 1.4666001796722 0.0002264566719532 -5.1932296628365e-05
0.034914344549179 -0.61510920524597 -1.7038309574127 -0.82390284538269 1.4647948741913 0.00025888159871101 9.0711124357767e-05
0.032921642065048 -0.59877967834473 -1.7339856624603 -0.81009268760681 1.4627416133881 0.00032659247517586 9.2412974481704e-06
0.030914634466171 -0.58264327049255 -1.7637357711792 -0.79657936096191 1.4606945514679 0.00013967230916023 1.1107748832728e-05
0.028750270605087 -0.56655383110046 -1.7930943965912 -0.78320264816284 1.4588673114777 0.00020118430256844 7.7355893154163e-05
0.026505321264267 -0.55068755149841 -1.8220212459564 -0.77019190788269 1.4567320346832 0.00018830969929695 -7.1683293754177e-06
0.024285167455673 -0.53486275672913 -1.8506319522858 -0.75733184814453 1.4542882442474 0.00030513480305672 -1.1097243941549e-06
0.021880954504013 -0.5191662311554 -1.8789033889771 -0.74475002288818 1.452077627182 0.00028892233967781 4.3503205233719e-05
0.019453853368759 -0.50352668762207 -1.9067986011505 -0.73250293731689 1.4494693279266 0.00018878653645515 -2.4041393771768e-05
0.016852706670761 -0.48806309700012 -1.9343798160553 -0.72037649154663 1.4468891620636 0.00026269629597664 -2.5009299861267e-05
0.014172405004501 -0.47256755828857 -1.9616301059723 -0.70854902267456 1.4442594051361 0.0001658983528614 -4.7587204790034e-06
0.01138910651207 -0.45717978477478 -1.9885704517365 -0.69703841209412 1.4414803981781 0.00021691992878914 8.270594116766e-05
0.0085056722164154 -0.44190096855164 -2.0152306556702 -0.6856541633606 1.4383895397186 0.00029369071125984 9.0636940512923e-06
0.0054143369197845 -0.42659687995911 -2.041613817215 -0.67455792427063 1.435530424118 0.00024028494954109 2.0285272057663e-06
0.0022653043270111 -0.41134834289551 -2.0676825046539 -0.66364550590515 1.4323933124542 0.0002255029976368 7.7984266681597e-05
-0.0010689795017242 -0.39610242843628 -2.0934875011444 -0.65308308601379 1.428727388382 0.00025888159871101 2.3875030819909e-05
-0.0046357214450836 -0.38094711303711 -2.1189703941345 -0.64275765419006 1.4256088733673 0.00022502616047859 -2.772718835331e-05
-0.0083188116550446 -0.36576700210571 -2.1442573070526 -0.63262391090393 1.4219930171967 0.00025649741292 2.2390024241759e-05
-0.012068420648575 -0.35054802894592 -2.1692924499512 -0.62276148796082 1.4179408550262 0.0001797266304493 1.8620006812853e-05
-0.016120582818985 -0.33539366722107 -2.1940150260925 -0.6132276058197 1.4136335849762 0.00025268271565437 -2.2440435714088e-05
-0.020444542169571 -0.32016897201538 -2.2184903621674 -0.60389375686646 1.4097006320953 0.00027461722493172 0.0001510550500825
