3.6261663893811e-08 -1.5134787645366e-07 0.91483896970749
-3.0180879662112e-07 1.5768642924741e-07 0.91483873128891
-5.4263330184767e-07 2.4520659280824e-07 0.91483891010284
-8.244260243373e-07 7.4018009854626e-07 0.91483891010284
-4.1589362353989e-07 4.243812270488e-07 0.91483914852142
-4.0075585161503e-07 4.2310372805332e-07 0.91483896970749
-1.3974451462673e-07 2.7621729259408e-07 0.91483902931213
-1.5978135081696e-07 -1.3619384731101e-08 0.91483908891678
-2.3933407078403e-07 -4.4998836301602e-07 0.91483920812607
-4.6853031676619e-07 -1.5894848104381e-07 0.91483932733536
-1.2634860979688e-07 -6.0232503074076e-07 0.91483962535858
3.0180839871718e-07 -2.2808193023138e-07 0.91483968496323
3.212992396584e-07 -3.64511350881e-07 0.91483992338181
3.5883707028006e-07 -4.8003437314037e-07 0.91484004259109
3.7335200886446e-07 -5.2185924914738e-07 0.91483998298645
3.6276688319958e-07 -2.9094945830366e-07 0.91484010219574
1.9152822972046e-07 -2.9635998544109e-07 0.91483992338181
-2.772164293674e-07 -3.3620915473875e-07 0.91483998298645
-4.4094821305407e-07 -5.4925914128034e-07 0.91484004259109
-4.5811776772098e-07 -3.2537531069465e-07 0.91484022140503
-4.577430701147e-08 -2.1420082418899e-07 0.9148405790329
2.4273748522319e-07 -3.3646463748482e-07 0.91484034061432
-3.3471550864306e-07 -4.6672801090608e-07 0.91484040021896
-1.5203077907699e-08 -2.8496594950411e-07 0.91484045982361
8.4627856722364e-08 -1.8648815114375e-07 0.91484045982361
-3.0134525985659e-08 -2.6966893074132e-07 0.91484034061432
-4.2184638004983e-08 -2.1918392434372e-08 0.91484045982361
2.3899318080112e-07 -1.0647931958374e-07 0.91484028100967
-5.5245319430242e-08 -2.0167995273823e-07 0.91484010219574
-3.1386321097671e-07 -1.0515994119942e-07 0.91483980417252
-3.5896655958823e-07 1.5990254453868e-08 0.91483998298645
-6.9012679659863e-07 -1.477096986946e-07 0.91483998298645
-4.7172110839711e-07 -4.4533265963764e-09 0.91484010219574
-7.3678126000232e-07 1.2158079698565e-07 0.91484016180038
-1.0041329687738e-06 6.6307950419286e-07 0.91484016180038
-1.1687230880852e-06 5.5876580518088e-07 0.91484022140503
-1.0611277048156e-06 5.8664005564424e-07 0.91484040021896
-9.6770997970452e-07 1.0117333886228e-06 0.91484069824219
-1.073099383575e-06 1.0462778163856e-06 0.91484075784683
-1.0715644975789e-06 7.1724070949131e-07 0.91484081745148
-7.5489248274607e-07 7.6291138384477e-07 0.91484063863754
-7.2190516675619e-07 1.1526313983268e-06 0.91484069824219
-6.9194322804833e-07 1.0452813512529e-06 0.91484063863754
-9.2180965793887e-07 7.7825353628214e-07 0.91484063863754
-3.4317400832151e-07 8.9102638867189e-07 0.91484063863754
-2.372668177486e-07 9.9807698461518e-07 0.91484063863754
-1.968433878119e-07 1.2750911082549e-06 0.91484075784683
-4.4328876924737e-07 1.0985919516315e-06 0.91484087705612
-2.4823722810652e-07 1.039009134729e-06 0.91484105587006
-4.4711609348269e-07 1.0612699270496e-06 0.91484093666077
-3.4632580536709e-07 1.2214630942253e-06 0.91484105587006
-1.2957920603185e-07 1.5460601616724e-06 0.91484123468399
-6.4705790236985e-07 1.3799484577248e-06 0.91484117507935
-2.2202515026493e-07 1.1477147836558e-06 0.91484135389328
-3.8786492950749e-07 1.4088511761656e-06 0.91484129428864
-7.7858595659563e-07 1.7364561699651e-06 0.91484129428864
-7.2891577929113e-07 1.8915158079835e-06 0.91484141349792
-9.2616062374873e-07 1.6307908481394e-06 0.91484141349792
-7.5162944312979e-07 1.3151264965927e-06 0.91484183073044
-8.3084182733728e-07 8.2228024211872e-07 0.91484189033508
-5.9896069615206e-07 1.0052026482299e-06 0.91484194993973
-5.8289134585721e-07 1.4026787766852e-06 0.91484200954437
-3.6062337471776e-07 2.0728775780299e-06 0.91484183073044
-8.575770493735e-07 2.2581693883694e-06 0.91484177112579
-6.6654172314884e-07 2.1672335606127e-06 0.91484200954437
-4.4766869677915e-07 2.4649477836647e-06 0.91484200954437
-1.9154623487339e-07 1.9309816252644e-06 0.91484218835831
2.8899106041536e-07 1.7245240542252e-06 0.91484236717224
6.2715650983591e-07 1.5793197007952e-06 0.91484212875366
7.5163063684158e-07 1.7635885569689e-06 0.91484218835831
9.1288143266866e-07 1.7791332993511e-06 0.91484218835831
4.3485104583851e-07 1.9040425058847e-06 0.91484218835831
2.5032474582076e-07 2.0079166915821e-06 0.91484218835831
3.0755748525735e-07 2.2622448341281e-06 0.91484206914902
2.5160366590171e-07 2.108959506586e-06 0.91484206914902
3.4943317928082e-07 2.3407710614265e-06 0.91484218835831
6.7130110892322e-07 2.3897691789898e-06 0.91484206914902
5.8508084066489e-07 2.6706454718806e-06 0.91484212875366
-0.00040560751222074 0.007007846608758 0.91488605737686
-0.00089123984798789 0.016762848943472 0.91499269008636
-0.0014197423588485 0.0264763366431 0.91519945859909
-0.0020562501158565 0.036179460585117 0.91533452272415
-0.0025286818854511 0.045945666730404 0.91523087024689
-0.0031403650064021 0.055654268711805 0.91521155834198
-0.0037582279182971 0.065337978303432 0.91516673564911
-0.0043090032413602 0.0750627592206 0.915078997612
-0.0049259718507528 0.084740467369556 0.91492664813995
-0.0054614865221083 0.094460852444172 0.91506105661392
-0.0060174502432346 0.10418049991131 0.91523385047913
-0.0066220378503203 0.11389043927193 0.9153590798378
-0.0069611640647054 0.12364453077316 0.91489976644516
-0.007474722340703 0.13328409194946 0.9150025844574
-0.0083771161735058 0.1430416405201 0.91522884368896
-0.0096010146662593 0.15281561017036 0.9155188202858
-0.010644252412021 0.16253973543644 0.91574335098267
-0.011611176654696 0.17238886654377 0.91592478752136
-0.012415112927556 0.1823672503233 0.91602355241776
-0.013292631134391 0.19239464402199 0.91611397266388
-0.014047564007342 0.20245882868767 0.91619068384171
-0.014902192167938 0.21254582703114 0.91621381044388
-0.015683814883232 0.22249107062817 0.91624492406845
-0.016461256891489 0.23245614767075 0.91635501384735
-0.017204625532031 0.24253366887569 0.91631972789764
-0.017992775887251 0.25261703133583 0.91629749536514
-0.018699949607253 0.26262032985687 0.91631609201431
-0.019389310851693 0.2727584540844 0.91629827022552
-0.019970102235675 0.28275194764137 0.91630172729492
-0.020906984806061 0.2928561270237 0.91629540920258
-0.021451517939568 0.30273455381393 0.91625642776489
-0.022043326869607 0.31280836462975 0.91621685028076
-0.022656230255961 0.32285425066948 0.91620463132858
-0.023369805887341 0.33287489414215 0.91611659526825
-0.024051770567894 0.34292489290237 0.91609609127045
