-0.00742007791996 0.047452256083488 1.3017165660858 0.00088822527322918 -0.00017315782315563 3.0582792758942 1.0149547051697e-06
-0.0060405414551497 0.042468309402466 1.2955816984177 0.00097589928191155 -0.00011114480730612 3.0101010799408 8.7956359493546e-05
-0.0046471320092678 0.037509679794312 1.2895089387894 0.00087559706298634 -0.00018441161955707 2.9623885154724 1.197914025397e-05
-0.0032651051878929 0.032516270875931 1.2833813428879 0.00087707571219653 -0.00020696767023765 2.914000749588 0.00010093946184497
-0.0018710531294346 0.027552098035812 1.2772783041 0.00086738221580163 -0.00027258781483397 2.866397857666 8.9662353275344e-05
-0.00049077346920967 0.022563770413399 1.2711598873138 0.00087896967306733 -0.00026710802922025 2.8179686069489 3.6319979699329e-05
0.00089696794748306 0.017581149935722 1.265052318573 0.00085250387201086 -0.00028082585777156 2.7698295116425 1.69419345184e-05
0.0022682882845402 0.012586623430252 1.2589367628098 0.0007913417648524 -0.00043196737533435 2.7214031219482 3.4879647046182e-06
0.0036604404449463 0.0076092183589935 1.2528212070465 0.00085199991008267 -0.00031317715183832 2.6735072135925 -1.7405243852409e-05
0.0050509497523308 0.0026350244879723 1.246718287468 0.00076154671842232 -0.00039029476465657 2.6252491474152 0.00014071229088586
0.0064418092370033 -0.002347007393837 1.2405917644501 0.00078558147652075 -0.00048262972268276 2.5773661136627 4.320442531025e-05
0.0078542977571487 -0.0073421597480774 1.2344654798508 0.00081239128485322 -0.00049198511987925 2.5296173095703 0.00010951307922369
0.0092248395085335 -0.012292861938477 1.2283959388733 0.000695176247973 -0.00059870531549677 2.4811351299286 3.435909820837e-05
0.010596476495266 -0.017300516366959 1.2222477197647 0.00077495229197666 -0.00045639593736269 2.4326167106628 1.4403658497031e-05
0.011989526450634 -0.022265508770943 1.2161589860916 0.00073172070551664 -0.00046502859913744 2.3848357200623 2.7384248824092e-05
0.013361908495426 -0.027231365442276 1.2100541591644 0.000572438177187 -0.00057549792109057 2.3368141651154 1.7010037481668e-05
0.014756098389626 -0.032231979072094 1.2039279937744 0.000455711473478 -0.00055497605353594 2.2887778282166 8.3537313912529e-05
0.016150549054146 -0.037215083837509 1.1978142261505 0.00056277145631611 -0.00053702323930338 2.2409522533417 8.0805213656276e-05
0.017525911331177 -0.042193867266178 1.1917078495026 0.00060692924307659 -0.00039885361911729 2.1925909519196 -1.5901860024314e-05
0.018900603055954 -0.047140955924988 1.1856098175049 0.00028694118373096 -0.00044126168359071 2.1444551944733 4.0168717532651e-05
0.020299032330513 -0.052137013524771 1.1794924736023 0.00018391573394183 -0.00026205333415419 2.096569776535 5.2914241678081e-05
0.021676957607269 -0.057118188589811 1.1734033823013 0.00013367914652918 -0.0001052695515682 2.0483627319336 2.8878772354801e-05
0.023089341819286 -0.062116023153067 1.1672492027283 0.00016494201554451 1.8987411749549e-06 2.0008363723755 9.8072741820943e-05
0.024466298520565 -0.067092731595039 1.1611541509628 -4.04905549658e-05 8.5065119492356e-05 1.9528656005859 -1.7237387510249e-05
0.025848135352135 -0.072081558406353 1.1550289392471 0.00022006322978996 2.7451882488094e-05 1.904552936554 7.8149889304768e-05
0.027235772460699 -0.077034942805767 1.1489347219467 0.00029588284087367 -0.00017086608568206 1.856743812561 1.9339944628882e-05
0.028622109442949 -0.082034431397915 1.1428070068359 0.0003231035952922 -0.00078144267899916 1.8091847896576 -8.0329948104918e-05
0.030023839324713 -0.087001152336597 1.1367316246033 0.0004002197238151 -0.0015705736586824 1.7611244916916 -2.7898278858629e-05
0.031372893601656 -0.09194103628397 1.1306338310242 0.00057971337810159 -0.0025127660483122 1.7119866609573 -4.3142452341272e-05
0.032777309417725 -0.096976675093174 1.1244665384293 0.0007117748609744 -0.0033205738291144 1.6649153232574 4.8409212467959e-05
0.034148376435041 -0.10195601731539 1.1183326244354 0.00075280939927325 -0.0036708938423544 1.6164934635162 4.1185652662534e-05
0.035543695092201 -0.10691843181849 1.1122475862503 0.00051621504826471 -0.0037037958391011 1.5686340332031 7.5870790169574e-05
0.036932449787855 -0.11190262436867 1.1061874628067 0.00035096544888802 -0.0032791479025036 1.5209114551544 1.1148123121529e-05
0.038319408893585 -0.11689639091492 1.0999975204468 0.00026269943919033 -0.0029503339901567 1.4725999832153 0.0001555138733238
0.039725244045258 -0.12187930941582 1.0938318967819 0.00030831032199785 -0.0025170233566314 1.4246733188629 8.71414449648e-05
0.041081607341766 -0.12683492898941 1.0877997875214 8.9180786744691e-05 -0.0023672624956816 1.3767844438553 8.4324965428095e-06
0.042482390999794 -0.13183596730232 1.0816738605499 1.6762798622949e-05 -0.0021850082557648 1.3288933038712 4.2425537685631e-05
0.043870069086552 -0.13679683208466 1.0755474567413 -0.00014546597958542 -0.0021044614259154 1.280618429184 2.915050026786e-05
0.045262236148119 -0.14178213477135 1.0694569349289 -0.00030938177951612 -0.0020799241028726 1.232693195343 3.8788994061179e-06
0.046623922884464 -0.146748021245 1.0633398294449 -0.00039697909960523 -0.0020214011892676 1.1846340894699 -4.0306269511348e-05
0.048013098537922 -0.15171831846237 1.0573123693466 -0.00054591178195551 -0.0019020630279556 1.1366072893143 9.6192152341246e-06
0.049409076571465 -0.15671680867672 1.051099896431 -0.00033888110192493 -0.0019275632221252 1.088947892189 -1.3813085388392e-05
0.050797618925571 -0.16171844303608 1.044951915741 -0.00043004236067645 -0.0017572231590748 1.0410993099213 -3.7072586565046e-05
0.052175842225552 -0.16668406128883 1.0387961864471 -0.00042276829481125 -0.0018764935666695 0.99274635314941 3.5496224882081e-05
0.053578466176987 -0.17165905237198 1.0326977968216 -0.00056716543622315 -0.0018500798614696 0.94515132904053 8.5479841800407e-05
0.054949671030045 -0.17663660645485 1.0266228914261 -0.00073250179411843 -0.001976972213015 0.89683294296265 3.9276434108615e-05
0.05634893476963 -0.18161553144455 1.0205332040787 -0.00094842200633138 -0.0018272077431902 0.84885782003403 0.00010999646474374
0.057729780673981 -0.18657636642456 1.0144867897034 -0.0012121212203056 -0.0019345071632415 0.80168277025223 7.5840057434107e-06
0.059099048376083 -0.19157177209854 1.0082815885544 -0.0012903856113553 -0.0018086575437337 0.7532662153244 2.0281186152715e-05
0.060506835579872 -0.19654604792595 1.0022486448288 -0.0017563938163221 -0.0021527630742639 0.70560371875763 3.5648299672175e-05
0.061882555484772 -0.20151895284653 0.9960452914238 -0.0019766564946622 -0.0021619312465191 0.65730398893356 2.7402535124565e-05
0.063247859477997 -0.20649978518486 0.98998665809631 -0.0026571359485388 -0.0023370301350951 0.61008661985397 6.0981557908235e-05
0.064653351902962 -0.21149179339409 0.98380619287491 -0.0034321381244808 -0.0026492730248719 0.56243520975113 1.8044223907054e-05
0.066039368510246 -0.21646317839622 0.97769355773926 -0.0046328138560057 -0.0031332722865045 0.51494061946869 1.6057981611084e-07
0.067421555519104 -0.2214607000351 0.97154855728149 -0.0072942143306136 -0.0043123983778059 0.46863833069801 5.9691090427805e-05
0.068800061941147 -0.22641706466675 0.96541392803192 -0.014172751456499 -0.0068507613614202 0.42376393079758 5.1322964282008e-05
0.070197574794292 -0.2313734292984 0.9591953754425 -0.036011774092913 -0.014755100943148 0.38698843121529 3.6187389923725e-05
0.071576200425625 -0.23629254102707 0.95319676399231 -0.084078028798103 -0.032111216336489 0.36167466640472 -4.043062654091e-05
0.070951856672764 -0.23452270030975 0.94973134994507 -0.077115200459957 -0.026765286922455 0.32861170172691 -0.0053635751828551
0.06807466596365 -0.2250129878521 0.94961786270142 0.0097973886877298 0.0023415610194206 0.28954392671585 -0.011273628100753
0.065174616873264 -0.21552419662476 0.9497726559639 0.047738216817379 0.013846366666257 0.27497228980064 -0.017260242253542
0.062283590435982 -0.20583587884903 0.94971752166748 0.0094967689365149 0.0030756469350308 0.2904714345932 -0.023261424154043
0.059370294213295 -0.19618982076645 0.94974291324615 0.0053540477529168 0.0017252240795642 0.29224434494972 -0.029679302126169
0.056446492671967 -0.18661621212959 0.94975531101227 0.0039625577628613 0.001320377108641 0.29231312870979 -0.035855352878571
0.05354805290699 -0.1770251095295 0.94983160495758 0.0031981430947781 0.0010506496764719 0.29273515939713 -0.042206078767776
0.050655119121075 -0.16742187738419 0.94981306791306 0.0025848830118775 0.00070792535552755 0.29287445545197 -0.048616096377373
0.047751516103745 -0.15781730413437 0.94985181093216 0.0022878115996718 0.00086347933392972 0.29307758808136 -0.054964724928141
0.044847227632999 -0.14821642637253 0.94989395141602 0.0021154629066586 0.00065394100965932 0.293372631073 -0.061199769377708
0.041947416961193 -0.13862186670303 0.94984781742096 0.0018555107526481 0.0006128084496595 0.29348233342171 -0.067591458559036
0.039040096104145 -0.1290155351162 0.94987684488297 0.0016604969277978 0.00051739899208769 0.29333555698395 -0.073864296078682
0.036145880818367 -0.1194159090519 0.94988131523132 0.0015134044224396 0.00047572745825164 0.29356583952904 -0.08017323166132
0.033244855701923 -0.10981769859791 0.94982743263245 0.0015095920534804 0.00065291573991999 0.29342430830002 -0.086483977735043
0.030376508831978 -0.1002291738987 0.94992518424988 0.0018771382747218 0.00017286578076892 0.29318228363991 -0.091440908610821
0.027472198009491 -0.090635269880295 0.94990664720535 0.0014450607122853 0.00031989137642086 0.29318794608116 -0.096343122422695
0.02607050538063 -0.086145401000977 0.97532844543457 -0.0013739464338869 -0.00083328830078244 0.29417470097542 -0.098663300275803
0.026074685156345 -0.086190804839134 1.0231919288635 -0.0017295823199674 -0.00089669798035175 0.29397422075272 -0.099249169230461
0.026078179478645 -0.086187481880188 1.0712267160416 -0.0017932310001925 -0.00086281157564372 0.29436388611794 -0.10004364699125
0.02608947455883 -0.086202770471573 1.1192482709885 -0.0022147719282657 -0.0008634690893814 0.29404258728027 -0.10071666538715
0.026073068380356 -0.086216822266579 1.1672855615616 -0.001690212986432 -0.001244785846211 0.29446935653687 -0.10037525743246
0.026092685759068 -0.086216494441032 1.2152836322784 -0.0026658056303859 -0.0013019891921431 0.29481187462807 -0.099745780229568
