0.043188903480768 0.22083804011345 -1.7465658187866 -1.6167025566101 -1.4441826343536 0.00021405868756119 1.0149547051697e-06
0.066571086645126 0.21314761042595 -1.756290435791 -1.5993123054504 -1.3728766441345 0.00028510740958154 8.7956359493546e-05
0.089026778936386 0.20391461253166 -1.7646572589874 -1.5816516876221 -1.3024642467499 0.00024505308829248 1.197914025397e-05
0.11059030890465 0.19306370615959 -1.7717237472534 -1.5638043880463 -1.2325322628021 0.00039382628165185 0.00010093946184497
0.13096699118614 0.18064925074577 -1.7774131298065 -1.5456929206848 -1.1638984680176 0.0004462783690542 8.9662353275344e-05
0.15006670355797 0.16674801707268 -1.7817325592041 -1.5274796485901 -1.0970594882965 0.00046582869254053 3.6319979699329e-05
0.16803583502769 0.15140530467033 -1.7845952510834 -1.5092906951904 -1.0312094688416 0.00044103316031396 1.69419345184e-05
0.1848905980587 0.13449522852898 -1.7859487533569 -1.4911563396454 -0.96580171585083 0.00062509230338037 3.4879647046182e-06
0.20044788718224 0.11629244685173 -1.7858808040619 -1.4730839729309 -0.90206408500671 0.0006908958312124 -1.7405243852409e-05
0.21473583579063 0.096906155347824 -1.7843930721283 -1.4552011489868 -0.83978843688965 0.00077720335684717 0.00014071229088586
0.22779974341393 0.076253861188889 -1.7814304828644 -1.4376454353333 -0.77890062332153 0.00083299330435693 4.320442531025e-05
0.23973640799522 0.054460495710373 -1.7769641876221 -1.4203746318817 -0.71867895126343 0.0009345596190542 0.00010951307922369
0.2504480779171 0.031815975904465 -1.7710728645325 -1.4035370349884 -0.66005063056946 0.0010943000670522 3.435909820837e-05
0.26008924841881 0.0078525245189667 -1.7635769844055 -1.3872692584991 -0.60197710990906 0.0011162345763296 1.4403658497031e-05
0.26862129569054 -0.016761809587479 -1.7546870708466 -1.3716087341309 -0.5452024936676 0.0011667793150991 2.7384248824092e-05
0.27609047293663 -0.04202988743782 -1.7445130348206 -1.3564183712006 -0.48997354507446 0.0012549941893667 1.7010037481668e-05
0.28258785605431 -0.068231850862503 -1.7327511310577 -1.3421444892883 -0.43543601036072 0.0013866012450308 8.3537313912529e-05
0.28816255927086 -0.094971209764481 -1.7196269035339 -1.3285236358643 -0.38162922859192 0.001483399188146 8.0805213656276e-05
0.29283699393272 -0.12215307354927 -1.7052485942841 -1.3157289028168 -0.32924628257751 0.0013255660887808 -1.5901860024314e-05
0.29664406180382 -0.14984205365181 -1.6895036697388 -1.3035523891449 -0.2772810459137 0.001276928698644 4.0168717532651e-05
0.29970869421959 -0.1780119240284 -1.67240691185 -1.2921903133392 -0.22616481781006 0.00086446455679834 5.2914241678081e-05
0.30197843909264 -0.2063834965229 -1.6541037559509 -1.2815642356873 -0.17577385902405 0.00041337660513818 2.8878772354801e-05
0.30357632040977 -0.23508551716805 -1.6347150802612 -1.2714121341705 -0.12631773948669 -0.00048832246102393 9.8072741820943e-05
0.30448278784752 -0.26390269398689 -1.6142175197601 -1.2615466117859 -0.077347993850708 -0.001972001278773 -1.7237387510249e-05
0.30477413535118 -0.29279997944832 -1.5925841331482 -1.2521584033966 -0.028961420059204 -0.0041494779288769 7.8149889304768e-05
0.30450186133385 -0.32158425450325 -1.5701215267181 -1.242947101593 0.018800497055054 -0.0069706849753857 1.9339944628882e-05
0.3036821782589 -0.35058644413948 -1.5465376377106 -1.234370470047 0.065880537033081 -0.01005582138896 -8.0329948104918e-05
0.30235561728477 -0.37962177395821 -1.5217545032501 -1.2269427776337 0.1126697063446 -0.013125222176313 -2.7898278858629e-05
0.30053266882896 -0.40889409184456 -1.495653629303 -1.2215709686279 0.15888905525208 -0.015420716255903 -4.3142452341272e-05
0.29829439520836 -0.43876197934151 -1.4681072235107 -1.2189602851868 0.20444655418396 -0.015774052590132 4.8409212467959e-05
0.29562601447105 -0.46916273236275 -1.4388389587402 -1.2190871238708 0.2499725818634 -0.014586966484785 4.1185652662534e-05
0.29259762167931 -0.49974158406258 -1.4083979129791 -1.2213513851166 0.29484152793884 -0.011991780251265 7.5870790169574e-05
0.28920587897301 -0.53038430213928 -1.3768019676208 -1.2248024940491 0.33933234214783 -0.0093882493674755 1.1148123121529e-05
0.28547176718712 -0.56131339073181 -1.3443546295166 -1.2286133766174 0.38377404212952 -0.0072458200156689 0.0001555138733238
0.28146776556969 -0.59206628799438 -1.3110897541046 -1.2327494621277 0.42769932746887 -0.0056822709739208 8.71414449648e-05
0.27713522315025 -0.62258362770081 -1.2770435810089 -1.2371318340302 0.47124218940735 -0.004774134606123 8.4324965428095e-06
0.27258715033531 -0.65319418907166 -1.2420325279236 -1.2422008514404 0.5146176815033 -0.0039883069694042 4.2425537685631e-05
0.26775917410851 -0.68399572372437 -1.2059578895569 -1.247944355011 0.55802226066589 -0.0035391263663769 2.915050026786e-05
0.26274618506432 -0.71468830108643 -1.1690301895142 -1.2544000148773 0.60093855857849 -0.0031934194266796 3.8788994061179e-06
0.25750336050987 -0.7456738948822 -1.1310253143311 -1.2618172168732 0.64363789558411 -0.0028169564902782 -4.0306269511348e-05
0.25208982825279 -0.77654910087585 -1.0919241905212 -1.2700643539429 0.68631291389465 -0.0026154927909374 9.6192152341246e-06
0.24653467535973 -0.80807065963745 -1.051730632782 -1.2792296409607 0.72853207588196 -0.0023701600730419 -1.3813085388392e-05
0.24080023169518 -0.83963847160339 -1.0102663040161 -1.2891762256622 0.77083802223206 -0.0022933892905712 -3.7072586565046e-05
0.23497185111046 -0.87149810791016 -0.96768522262573 -1.3000426292419 0.81284308433533 -0.0021875314414501 3.5496224882081e-05
0.22899278998375 -0.9036762714386 -0.92348027229309 -1.3121528625488 0.85489344596863 -0.0019755773246288 8.5479841800407e-05
0.22290548682213 -0.93631601333618 -0.87785339355469 -1.3251307010651 0.89668393135071 -0.0018897466361523 3.9276434108615e-05
0.21674188971519 -0.96947145462036 -0.83052611351013 -1.3392369747162 0.93851399421692 -0.001804631203413 0.00010999646474374
0.21055206656456 -1.0030760765076 -0.78135967254639 -1.3545820713043 0.97990393638611 -0.0016897134482861 7.5840057434107e-06
0.2041924893856 -1.0379912853241 -0.72961640357971 -1.3713665008545 1.0216772556305 -0.0017443113029003 2.0281186152715e-05
0.19785246253014 -1.0737171173096 -0.6752188205719 -1.3897356987 1.0632617473602 -0.0018146447837353 3.5648299672175e-05
0.19144043326378 -1.1110408306122 -0.61749219894409 -1.4099490642548 1.1047546863556 -0.0018508844077587 2.7402535124565e-05
0.18501743674278 -1.1498954296112 -0.55548906326294 -1.4325404167175 1.1461026668549 -0.0018098764121532 6.0981557908235e-05
0.17865118384361 -1.191486120224 -0.48772692680359 -1.457927942276 1.1870739459991 -0.0019541196525097 1.8044223907054e-05
0.17226156592369 -1.2364735603333 -0.41195940971375 -1.4873037338257 1.2281110286713 -0.0022981576621532 1.6057981611084e-07
0.16600403189659 -1.2870976924896 -0.32387948036194 -1.5218620300293 1.2683112621307 -0.0029187612235546 5.9691090427805e-05
0.16001591086388 -1.346312046051 -0.21590662002563 -1.5631883144379 1.307272195816 -0.0044787339866161 5.1322964282008e-05
0.15528139472008 -1.4134545326233 -0.085739612579346 -1.6024537086487 1.3390634059906 -0.0092189721763134 3.6187389923725e-05
0.15222343802452 -1.4522743225098 -0.004948616027832 -1.5923519134521 1.361540555954 -0.0191102437675 -4.043062654091e-05
0.14690145850182 -1.4574127197266 -0.0057113170623779 -1.5955641269684 1.3889472484589 -0.015488427132368 -0.0053635751828551
0.13918432593346 -1.4594666957855 -0.03023624420166 -1.6622529029846 1.4201371669769 0.0010110922157764 -0.011273628100753
0.13499292731285 -1.3631157875061 -0.24224233627319 -1.5864825248718 1.4307563304901 0.007531363517046 -0.017260242253542
0.13540443778038 -1.261860370636 -0.4370219707489 -1.452953338623 1.4158895015717 0.0018422193825245 -0.023261424154043
0.13369926810265 -1.2108891010284 -0.53934407234192 -1.3970806598663 1.4120824337006 0.0011794157326221 -0.029679302126169
0.13164934515953 -1.1695230007172 -0.62268543243408 -1.3536560535431 1.4098169803619 0.00090809538960457 -0.035855352878571
0.12957748770714 -1.1330108642578 -0.69595551490784 -1.3159732818604 1.4074604511261 0.00063105300068855 -0.042206078767776
0.12742456793785 -1.1000406742096 -0.76230955123901 -1.2821569442749 1.4053266048431 0.00057478621602058 -0.048616096377373
0.12523779273033 -1.0694186687469 -0.82342600822449 -1.251275062561 1.4028713703156 0.00060673430562019 -0.054964724928141
0.1229599416256 -1.0408239364624 -0.88041281700134 -1.2225923538208 1.4005191326141 0.00052996352314949 -0.061199769377708
0.12059959769249 -1.0138907432556 -0.93402671813965 -1.1956708431244 1.3982102870941 0.0004698820412159 -0.067591458559036
0.11820396780968 -0.98823046684265 -0.9848849773407 -1.1703050136566 1.3956878185272 0.00044747069478035 -0.073864296078682
0.11578497290611 -0.96378064155579 -1.0333771705627 -1.1461322307587 1.39297747612 0.00045796111226082 -0.08017323166132
0.1132033765316 -0.94044280052185 -1.0797030925751 -1.1232295036316 1.3906009197235 0.00048847869038582 -0.086483977735043
0.1105497777462 -0.91745662689209 -1.1245656013489 -1.1004149913788 1.388377904892 0.00018640235066414 -0.091440908610821
0.1078813970089 -0.89563417434692 -1.167396068573 -1.0796554088593 1.3854253292084 0.00020261481404305 -0.096343122422695
0.1067245900631 -0.85490226745605 -1.1723639965057 -1.113358259201 1.3832242488861 -0.00067023560404778 -0.098663300275803
0.10670503973961 -0.80570149421692 -1.1313297748566 -1.2034049034119 1.3834345340729 -0.00047711655497551 -0.099249169230461
0.10675653815269 -0.76601362228394 -1.0739769935608 -1.300163269043 1.3832395076752 -0.00065712258219719 -0.10004364699125
0.10673031210899 -0.73762845993042 -0.99822759628296 -1.4039335250854 1.3832819461823 -0.00025157257914543 -0.10071666538715
0.1068032681942 -0.72250699996948 -0.90113067626953 -1.5161464214325 1.3829720020294 -0.00077037140727043 -0.10037525743246
0.10690292716026 -0.7235426902771 -0.77645921707153 -1.6390688419342 1.3825652599335 -0.0006738118827343 -0.099745780229568
