5.0410136509527e-07 4.2602621874721e-08 0.91483867168427
9.2743857749156e-07 4.2292631974306e-07 0.91483855247498
4.9715862360245e-07 2.2140372379909e-07 0.91483867168427
3.2741300515227e-07 2.3195993037461e-07 0.91483855247498
-1.981813824159e-08 2.9057970252211e-08 0.91483855247498
2.3257679515609e-07 -2.3768100376742e-08 0.91483867168427
-1.022999853717e-07 -5.1430384928608e-07 0.91483867168427
-2.2010900124769e-07 -3.0791210292591e-07 0.91483873128891
-2.0527866695375e-07 -9.7107749752467e-07 0.91483873128891
-3.9246052097042e-07 -1.1965740895903e-06 0.91483879089355
-4.5337483811636e-07 -1.3654100712301e-06 0.91483849287033
-8.0083918874152e-07 -1.6033295651141e-06 0.91483843326569
-1.5721794000001e-07 -1.8124545704268e-06 0.91483855247498
-1.9194955314106e-07 -1.7977183688345e-06 0.91483861207962
-1.0666494887346e-07 -1.9777482975769e-06 0.91483873128891
-1.2544992955554e-07 -1.816250119191e-06 0.91483879089355
2.465427328957e-08 -2.2345532215695e-06 0.91483902931213
-8.9846871276222e-08 -1.8067246401188e-06 0.91483879089355
-6.2147982760052e-08 -2.1411485704448e-06 0.91483873128891
-9.0007560515915e-08 -2.0210277398292e-06 0.91483873128891
-3.6165644701214e-08 -1.7476129414717e-06 0.91483867168427
2.2727400050826e-07 -2.36886694438e-06 0.91483873128891
1.548018531139e-07 -2.3898933250166e-06 0.91483861207962
-2.3442079566394e-07 -2.664137582542e-06 0.91483873128891
-2.7582319717112e-07 -2.4987846245494e-06 0.91483849287033
-2.6122432927878e-07 -2.2338815597323e-06 0.91483861207962
-6.2413857904176e-07 -2.5415688469366e-06 0.91483855247498
-4.4152932332508e-07 -2.6985499061993e-06 0.91483849287033
-1.5911992079509e-07 -2.6395036911708e-06 0.9148383140564
8.6707366619976e-08 -2.8444119379856e-06 0.91483825445175
1.4038445783626e-07 -3.3956055176532e-06 0.91483837366104
3.1141338396878e-09 -3.4709273677436e-06 0.9148383140564
-3.5065049530658e-08 -3.0906815027265e-06 0.9148383140564
2.516238168937e-07 -3.0789706215728e-06 0.91483825445175
8.3378216686469e-07 -3.0593264455092e-06 0.91483837366104
1.0733482440628e-06 -2.6149089080718e-06 0.91483849287033
1.5748759096823e-06 -2.6379457267467e-06 0.91483843326569
1.3850631148671e-06 -2.5604638267396e-06 0.91483855247498
1.3224785107013e-06 -2.5917099719663e-06 0.9148388504982
1.3002279501961e-06 -2.1731743800046e-06 0.91483873128891
1.4248478237278e-06 -2.1691487290809e-06 0.91483873128891
1.8025083363682e-06 -2.6166078441747e-06 0.91483861207962
1.3221522294771e-06 -2.7323942504154e-06 0.91483849287033
1.3564567780122e-06 -2.5576578082109e-06 0.91483855247498
1.3894127732783e-06 -2.6048001018353e-06 0.91483837366104
8.4514147147274e-07 -2.8406536785042e-06 0.91483855247498
7.0442251853819e-07 -3.0079108910286e-06 0.91483843326569
5.3026741397844e-07 -2.9625971365022e-06 0.91483843326569
-3.549556595317e-07 -3.1066024348547e-06 0.91483849287033
-1.6686433923496e-07 -3.1253825909516e-06 0.91483861207962
-2.6158011223743e-07 -3.196568286512e-06 0.91483861207962
-2.2759810747175e-07 -3.2009254482546e-06 0.91483843326569
2.2274164734881e-07 -3.3505170904391e-06 0.91483825445175
7.1566013559732e-08 -3.7287029499566e-06 0.91483843326569
1.5806384112693e-07 -3.9877277231426e-06 0.91483849287033
-5.1344017037991e-07 -4.0115101000993e-06 0.91483861207962
-4.4196977455613e-07 -3.8815214793431e-06 0.91483867168427
-1.2128783311027e-08 -4.1029002204596e-06 0.91483873128891
-3.5570494105741e-08 -4.1765038076846e-06 0.91483861207962
2.0413882850789e-07 -3.8424350350397e-06 0.91483879089355
1.3673157184257e-07 -3.6473938962445e-06 0.91483867168427
2.8598725521078e-07 -3.2949801607174e-06 0.91483873128891
2.0102623921048e-07 -3.2144794204214e-06 0.91483867168427
1.3707195023471e-07 -3.4345041513006e-06 0.91483873128891
-4.9609928964855e-07 -3.192982831024e-06 0.91483879089355
-3.3976775171141e-08 -2.6552663712209e-06 0.91483873128891
-3.9727962075631e-07 -2.5703889150464e-06 0.91483867168427
-3.7362852367551e-07 -2.6116235858353e-06 0.91483843326569
-7.7560946465383e-07 -2.5148794975394e-06 0.91483813524246
-1.246205215466e-06 -2.2206379526324e-06 0.91483819484711
-1.2383701459839e-06 -2.0687016331067e-06 0.91483819484711
-1.2426876310201e-06 -1.6445616211058e-06 0.91483819484711
-0.00092325394507498 0.0031115151941776 0.91661012172699
-0.001860816963017 0.0058483113534749 0.91808634996414
-0.0026893503963947 0.0087608657777309 0.94204199314117
-0.003080379916355 0.0091821746900678 0.98827874660492
-0.002961183199659 0.0091284923255444 1.035061955452
-0.0031047323718667 0.010807564482093 1.0805599689484
-0.0032897365745157 0.010806323960423 1.1271245479584
-0.0034114534500986 0.011115061119199 1.173587679863
