-0.0245346352458 0.055004581809044 1.290956735611 0.0015172833809629 0.00016387877985835 -3.0596926212311 6.9879519287497e-05
-0.032363582402468 0.054099947214127 1.2789800167084 0.001597858266905 0.00025329247000627 -3.0116076469421 4.9082951591117e-05
-0.040223896503448 0.053198114037514 1.2670376300812 0.0015290668234229 0.00047049115528353 -2.9634296894073 8.2252205174882e-05
-0.048069402575493 0.052295014262199 1.2550679445267 0.0015841000713408 0.00049420539289713 -2.9151012897491 1.8769154848997e-05
-0.055898673832417 0.051402494311333 1.2431317567825 0.0015208084369078 0.00053271558135748 -2.8672063350677 0.00011191077646799
-0.063741318881512 0.050518423318863 1.2311650514603 0.0014932989142835 0.00058715202612802 -2.8180203437805 2.6196988983429e-05
-0.071582995355129 0.049627169966698 1.2191861867905 0.0014835970941931 0.0007983380346559 -2.7695291042328 3.7977701140335e-05
-0.079456225037575 0.048702821135521 1.2072659730911 0.0014090507756919 0.00079020851990208 -2.7221522331238 7.8985824075062e-05
-0.087285399436951 0.047801226377487 1.1952897310257 0.0014844156103209 0.00083266227738932 -2.673924446106 1.5988242012099e-05
-0.095117434859276 0.04689908772707 1.183345913887 0.0014128447510302 0.0010901635978371 -2.625364780426 2.4729906726861e-06
-0.10297268629074 0.045980893075466 1.1713626384735 0.001490032649599 0.0012002133298665 -2.5777728557587 -1.8646898752195e-05
-0.11080767214298 0.045079261064529 1.1593911647797 0.0014269417151809 0.0011978060938418 -2.5289738178253 -3.7076420994708e-05
-0.11865162849426 0.044178128242493 1.1474403142929 0.0015317476354539 0.0011909694876522 -2.481228351593 8.9004897745326e-05
-0.12650072574615 0.043287500739098 1.135476231575 0.0013549496652558 0.0014514494687319 -2.4330122470856 -2.2825854102848e-05
-0.13434839248657 0.042381674051285 1.1235456466675 0.0013091826112941 0.0014322599163279 -2.3854751586914 7.5864096288569e-05
-0.142195135355 0.041482083499432 1.1115772724152 0.0012712343595922 0.0014196297852322 -2.3374190330505 1.0189814020123e-05
-0.15003468096256 0.040582377463579 1.099599480629 0.0012494307011366 0.0012637824984267 -2.2893867492676 1.331329713139e-05
-0.15787914395332 0.039675455540419 1.0876525640488 0.00082227966049686 0.0008826611447148 -2.2410876750946 5.7719800679479e-05
-0.1657123118639 0.038794483989477 1.07570540905 0.00033785251434892 0.00062162458198145 -2.1929688453674 2.4892426154111e-05
-0.17356339097023 0.037882227450609 1.0637140274048 -5.3172709158389e-05 -0.0001017787726596 -2.1449184417725 7.5481402745936e-05
-0.18140396475792 0.036961186677217 1.0517383813858 -0.00039296358590946 -0.00091183005133644 -2.0968647003174 6.1699698562734e-05
-0.18924400210381 0.03607752174139 1.0397915840149 -0.00075338844908401 -0.001195952296257 -2.0487189292908 5.68223231312e-06
-0.19708415865898 0.035196170210838 1.0278276205063 -0.00066946464357898 -0.0011973633663729 -2.0004644393921 1.5740564776934e-05
-0.20492205023766 0.034267380833626 1.0159147977829 -0.0002346094843233 -0.00055706268176436 -1.9529159069061 -2.5844881292869e-06
-0.21278217434883 0.033356338739395 1.0038776397705 0.00021132368419785 0.0004564437258523 -1.9044777154922 3.485439447104e-05
-0.22061635553837 0.032461624592543 0.99193120002747 0.00059702532598749 0.0011076838709414 -1.8567202091217 4.0366725443164e-05
-0.22847270965576 0.031569741666317 0.98002016544342 0.00050143734551966 0.0015501868911088 -1.8084100484848 3.0373677873285e-05
-0.23631364107132 0.030659183859825 0.96806365251541 0.00060213106917217 0.0017103276913986 -1.7605032920837 -1.3960597016194e-06
-0.24414107203484 0.029771262779832 0.95603775978088 0.00074095779564232 0.0017415753100067 -1.7126061916351 -2.4094930267893e-05
-0.24358381330967 0.028735388070345 0.94992506504059 0.0004019562038593 -0.00078952679177746 -1.6874763965607 -0.005178480874747
-0.23401148617268 0.027565049007535 0.9498433470726 -0.00039409540477209 -0.002064535394311 -1.6876482963562 -0.011104336939752
-0.22440648078918 0.026454489678144 0.94987785816193 -0.00029956811340526 -0.0021234580781311 -1.6874684095383 -0.017366286367178
-0.21481794118881 0.025320161134005 0.94984549283981 -0.00027388567104936 -0.0022299848496914 -1.6873980760574 -0.023365449160337
-0.20521964132786 0.024196729063988 0.94985169172287 -0.00025502199423499 -0.0021832983475178 -1.6874576807022 -0.029895547777414
-0.19560004770756 0.023070652037859 0.94993948936462 -0.0004280693246983 -0.0021287384442985 -1.6875873804092 -0.03630792349577
-0.186019718647 0.021957542747259 0.94989967346191 -0.00043528148671612 -0.0020984136499465 -1.6873608827591 -0.042682193219662
-0.17640446126461 0.020811378955841 0.94990485906601 -0.00022523042571265 -0.0021650935523212 -1.6878125667572 -0.049265820533037
-0.16682291030884 0.019690975546837 0.94984728097916 -0.00021138561714906 -0.0022633331827819 -1.6877534389496 -0.055531915277243
-0.15722627937794 0.01855480670929 0.94988167285919 -0.00028753720107488 -0.0021381571423262 -1.6875203847885 -0.061969771981239
-0.1476126909256 0.017424548044801 0.94988709688187 -0.00021102641767357 -0.0021074160467833 -1.6876193284988 -0.068297609686852
-0.13802233338356 0.01628789678216 0.94990646839142 -0.00024318175564986 -0.002257015556097 -1.6876884698868 -0.074659317731857
-0.12840381264687 0.01515044271946 0.94990456104279 -0.00021825596923009 -0.0021739394869655 -1.6878476142883 -0.080982856452465
-0.11883988976479 0.014012239873409 0.94990503787994 -0.0001693551603239 -0.0021169239189476 -1.6877678632736 -0.087245337665081
-0.10927046835423 0.012891807593405 0.94996982812881 -0.00052205967949703 -0.002125441795215 -1.6881411075592 -0.092002794146538
-0.099673561751842 0.01175890956074 0.94998633861542 -0.00053863326320425 -0.0024041691794991 -1.6878422498703 -0.096829727292061
-0.090059518814087 0.010638534091413 0.94997245073318 -0.00042473347275518 -0.0021688954439014 -1.6881405115128 -0.10194692760706
-0.089379459619522 0.010532068088651 0.99280941486359 0.0014127278700471 0.0069059152156115 -1.6888270378113 -0.10282241553068
-0.089384965598583 0.010530272498727 1.0408174991608 0.0027689218986779 0.012593023478985 -1.6896249055862 -0.10414326190948
-0.089393928647041 0.010536857880652 1.0887942314148 0.0036448056343943 0.016008937731385 -1.6897543668747 -0.10493646562099
-0.089405238628387 0.010515760630369 1.1367871761322 0.0042213243432343 0.018146110698581 -1.6907963752747 -0.10568598657846
-0.089412420988083 0.010487605817616 1.1847325563431 0.0047264508903027 0.019943352788687 -1.6909987926483 -0.10726720094681
-0.089409612119198 0.010462017729878 1.2327255010605 0.0049003758467734 0.02162622474134 -1.691370844841 -0.10799201577902
