-0.082304865121841 0.20476576685905 -1.761433839798 -1.5863990783691 -1.7350959777832 -0.00019077605975326 6.9879519287497e-05
-0.12624731659889 0.1859492957592 -1.7770848274231 -1.5519635677338 -1.8272211551666 -0.00048260041512549 4.9082951591117e-05
-0.16837182641029 0.16450592875481 -1.7901749610901 -1.5174448490143 -1.9175310134888 -0.00064353295601904 8.2252205174882e-05
-0.20857563614845 0.14051243662834 -1.8007612228394 -1.4830005168915 -2.0059807300568 -0.00074700661934912 1.8769154848997e-05
-0.24656763672829 0.11443373560905 -1.8088846206665 -1.4488456249237 -2.0919027328491 -0.00096492120064795 0.00011191077646799
-0.28262606263161 0.086030930280685 -1.8144466876984 -1.415004491806 -2.1764750480652 -0.0011890346650034 2.6196988983429e-05
-0.31640663743019 0.055824249982834 -1.8175778388977 -1.3819017410278 -2.2582986354828 -0.0015039856079966 3.7977701140335e-05
-0.34811392426491 0.023990601301193 -1.8182013034821 -1.3495681285858 -2.3382465839386 -0.0017524177674204 7.8985824075062e-05
-0.37770906090736 -0.0094590485095978 -1.8164432048798 -1.3182399272919 -2.4160494804382 -0.0019624645356089 1.5988242012099e-05
-0.40528813004494 -0.044094830751419 -1.8123483657837 -1.2879521846771 -2.4917271137238 -0.0024340564850718 2.4729906726861e-06
-0.43088641762733 -0.080000907182693 -1.8058829307556 -1.2590610980988 -2.5654411315918 -0.0030157978180796 -1.8646898752195e-05
-0.45464554429054 -0.11680653691292 -1.7971379756927 -1.2315280437469 -2.6374607086182 -0.003540318692103 -3.7076420994708e-05
-0.47661653161049 -0.15436080098152 -1.7862582206726 -1.2055497169495 -2.7075638771057 -0.004180233925581 8.9004897745326e-05
-0.49689307808876 -0.1925576031208 -1.7732398509979 -1.1811609268188 -2.7759988307953 -0.0051598958671093 -2.2825854102848e-05
-0.51555836200714 -0.23114970326424 -1.7581725120544 -1.1585879325867 -2.842515707016 -0.0062063150107861 7.5864096288569e-05
-0.53270661830902 -0.27029851078987 -1.7410709857941 -1.1379380226135 -2.9077219963074 -0.0075374059379101 1.0189814020123e-05
-0.54849636554718 -0.30976036190987 -1.7220077514648 -1.119124174118 -2.9716241359711 -0.0091391019523144 1.331329713139e-05
-0.56294429302216 -0.34938338398933 -1.7010946273804 -1.1021456718445 -3.0342745780945 -0.010886233299971 5.7719800679479e-05
-0.57611930370331 -0.38910511136055 -1.6785011291504 -1.0867011547089 -3.0957219600677 -0.012723486870527 2.4892426154111e-05
-0.5881530046463 -0.42888763546944 -1.6544046401978 -1.0722682476044 -3.1558454036713 -0.01390103623271 7.5481402745936e-05
-0.59910476207733 -0.46823623776436 -1.6291742324829 -1.0580456256866 -3.2147889137268 -0.013726752251387 6.1699698562734e-05
-0.60907089710236 -0.50705218315125 -1.6030418872833 -1.0431816577911 -3.2728161811829 -0.011615555733442 5.68223231312e-06
-0.61807382106781 -0.54536390304565 -1.5759811401367 -1.0278651714325 -3.3300173282623 -0.0075004510581493 1.5740564776934e-05
-0.62623298168182 -0.58309984207153 -1.5479786396027 -1.0132389068604 -3.3856799602509 -0.0026648454368114 -2.5844881292869e-06
-0.63354694843292 -0.62119293212891 -1.5180456638336 -1.0010483264923 -3.4416675567627 0.0013839788734913 3.485439447104e-05
-0.6401435136795 -0.65923190116882 -1.4867177009583 -0.99224042892456 -3.4958078861237 0.0034548826515675 4.0366725443164e-05
-0.64603364467621 -0.69748759269714 -1.453503370285 -0.98648905754089 -3.5498199462891 0.0040533132851124 3.0373677873285e-05
-0.65125620365143 -0.73586130142212 -1.4188539981842 -0.98288321495056 -3.6029925346375 0.0039684362709522 -1.3960597016194e-06
-0.65589892864227 -0.77424168586731 -1.3830442428589 -0.98087978363037 -3.6556751728058 0.0034777708351612 -2.4094930267893e-05
-0.65166294574738 -0.78917837142944 -1.3740131855011 -0.97986888885498 -3.6766839027405 -0.00075773522257805 -0.005178480874747
-0.63829410076141 -0.77755355834961 -1.3971772193909 -0.97106790542603 -3.6632194519043 -0.0037153176963329 -0.011104336939752
-0.6246839761734 -0.76527976989746 -1.4207186698914 -0.96020603179932 -3.6493706703186 -0.0039663724601269 -0.017366286367178
-0.61080181598663 -0.75358605384827 -1.4433901309967 -0.94949316978455 -3.6355321407318 -0.0042548589408398 -0.023365449160337
-0.59670412540436 -0.74188852310181 -1.4655933380127 -0.93900680541992 -3.621600151062 -0.0043600015342236 -0.029895547777414
-0.58232629299164 -0.73044490814209 -1.4872279167175 -0.92880606651306 -3.6070492267609 -0.0044506005942822 -0.03630792349577
-0.5677193403244 -0.71947383880615 -1.5081725120544 -0.91905307769775 -3.5924859046936 -0.0047002248466015 -0.042682193219662
-0.55283677577972 -0.70883369445801 -1.5284867286682 -0.90960097312927 -3.5776345729828 -0.0048480443656445 -0.049265820533037
-0.53773963451385 -0.6985034942627 -1.5482141971588 -0.90051054954529 -3.5625450611115 -0.0050898008048534 -0.055531915277243
-0.52238166332245 -0.68825602531433 -1.5674493312836 -0.89158725738525 -3.5470719337463 -0.0052545480430126 -0.061969771981239
-0.50672781467438 -0.6784291267395 -1.5860397815704 -0.88313508033752 -3.5315659046173 -0.005506556481123 -0.068297609686852
-0.49087154865265 -0.6688187122345 -1.6041059494019 -0.87485837936401 -3.515655040741 -0.0056877546012402 -0.074659317731857
-0.47473037242889 -0.6594398021698 -1.6216549873352 -0.86694955825806 -3.4994177818298 -0.006041806191206 -0.080982856452465
-0.45834839344025 -0.65045809745789 -1.6385221481323 -0.85943651199341 -3.483113527298 -0.0063791684806347 -0.087245337665081
-0.44177043437958 -0.64145565032959 -1.6552457809448 -0.85124611854553 -3.4662954807281 -0.0062818937003613 -0.092002794146538
-0.42490518093109 -0.63283658027649 -1.6712355613708 -0.84369850158691 -3.449542760849 -0.006166260689497 -0.096829727292061
-0.40776360034943 -0.62458753585815 -1.686615228653 -0.8367748260498 -3.4324383735657 -0.0062561444938183 -0.10194692760706
-0.40665090084076 -0.55207490921021 -1.6697866916656 -0.89683604240417 -3.4302418231964 0.022564370185137 -0.10282241553068
-0.40667736530304 -0.48357820510864 -1.6325926780701 -0.98238945007324 -3.4298884868622 0.042681653052568 -0.10414326190948
-0.40669167041779 -0.42747354507446 -1.5791153907776 -1.0798165798187 -3.4299068450928 0.054810959845781 -0.10493646562099
-0.40674841403961 -0.3835244178772 -1.5108976364136 -1.1837968826294 -3.4290378093719 0.062853291630745 -0.10568598657846
-0.40675318241119 -0.35215306282043 -1.4276707172394 -1.2917692661285 -3.4290359020233 0.069507077336311 -0.10726720094681
-0.40676605701447 -0.33331775665283 -1.3290500640869 -1.4031476974487 -3.4284794330597 0.075461342930794 -0.10799201577902
