4.1806547557144e-08 -6.4501369934078e-07 0.91483920812607
-6.9484400455622e-08 -6.9410498326761e-07 0.91483920812607
1.8044437410936e-07 -4.9193420181837e-07 0.91483920812607
1.8606280605127e-07 -3.6263051583774e-07 0.91483914852142
3.0532353889612e-07 -1.0107044801089e-07 0.91483914852142
2.2301831847926e-07 3.8137085311973e-07 0.91483908891678
-3.1349301821137e-08 4.8591334689263e-07 0.91483902931213
4.9370640908819e-08 7.136813451325e-07 0.91483896970749
-1.0882752476959e-09 8.4034115843679e-07 0.91483902931213
3.197157028012e-08 7.1392634026779e-07 0.91483891010284
3.6020691140948e-07 8.0256450019078e-07 0.91483914852142
4.2674878386606e-07 7.9126715490929e-07 0.91483950614929
5.734535690749e-08 8.8043708501573e-07 0.91483974456787
1.8290414516287e-07 9.5181684400814e-07 0.91483962535858
3.8328300888679e-07 1.278345848732e-06 0.91483956575394
5.8205904451825e-07 1.5572277334286e-06 0.91483968496323
6.6894494921144e-07 1.9459814666334e-06 0.91483956575394
1.000702809506e-06 1.8369754570813e-06 0.91483950614929
1.1617335076153e-06 1.6386175047955e-06 0.91483956575394
1.1742434935513e-06 1.7387490061083e-06 0.91483938694
6.7611682652569e-07 1.1017068572983e-06 0.91483938694
6.6035795498465e-07 9.7190093129029e-07 0.91483914852142
6.4747916894703e-07 1.4183552821123e-06 0.91483926773071
4.6246881879597e-07 1.3308634834175e-06 0.91483932733536
-7.9251059048602e-08 1.9299441191833e-06 0.91483938694
1.424608058187e-07 1.5509529021074e-06 0.91483932733536
7.9387530149688e-07 1.6016091421989e-06 0.91483932733536
8.4099167452223e-07 1.7826469047577e-06 0.91483938694
7.3225248797826e-07 2.1173234472371e-06 0.91483956575394
6.966284331611e-07 2.571814093244e-06 0.91483998298645
3.9068086721272e-07 2.611840272948e-06 0.91483998298645
5.3735834626423e-07 2.716486733334e-06 0.91483992338181
3.4953907857016e-07 2.8014130748488e-06 0.91484004259109
4.0816050272952e-07 3.2659556836734e-06 0.91484028100967
-1.4480457366517e-07 3.1636916446587e-06 0.91484010219574
-1.7165525889595e-07 2.9930076834717e-06 0.91484028100967
3.0257288585744e-07 2.9125167202437e-06 0.91484051942825
-5.4089010603775e-08 2.4942673917394e-06 0.91484063863754
-2.5311155127383e-07 2.8611402740353e-06 0.9148405790329
-2.4738659476498e-07 2.8134281819803e-06 0.91484075784683
-1.8618899844114e-07 2.5923952762241e-06 0.91484069824219
8.9628137800446e-08 2.7435398806119e-06 0.91484075784683
5.2110181059106e-06 1.7058857793018e-07 0.91484135389328
0.0033898504916579 -0.00049565877998248 0.91626250743866
0.0063003334216774 -0.0010703695006669 0.9178255200386
0.0091727115213871 -0.0014309636317194 0.9192453622818
0.0091233225539327 -0.0010999458609149 0.95943421125412
0.0080853179097176 -0.0008537303074263 1.006096124649
0.007686217315495 -0.00071207160362974 1.0527333021164
0.0072119925171137 -0.00082285184180364 1.0996536016464
0.0064362860284746 -0.00085397984366864 1.1464517116547
0.0066249407827854 -0.00091872416669503 1.1927955150604
