0.0074829645454884 0.058269992470741 1.2874116897583 0.0020218521822244 -0.00029239463037811 3.0599405765533 -4.3217441998422e-05
0.016962975263596 0.059117898344994 1.2734900712967 0.0020868114661425 -0.00030787597643211 3.0125970840454 1.2418488040566e-05
0.026445992290974 0.059969916939735 1.2595815658569 0.0020104686263949 -0.00054575537797064 2.9646971225739 -1.5271798474714e-05
0.035921163856983 0.060826554894447 1.2456812858582 0.0021541712339967 -0.0006285579293035 2.9164044857025 7.7108670666348e-05
0.045336782932281 0.06169094145298 1.2317899465561 0.0021094935946167 -0.00087540078675374 2.8677170276642 9.1949026682414e-05
0.054810307919979 0.062539055943489 1.2178769111633 0.0023726299405098 -0.0011543170548975 2.8195631504059 1.6366426280001e-05
0.064254619181156 0.06338894367218 1.2039831876755 0.0023808407131582 -0.0012404654407874 2.7709019184113 2.8231719625182e-05
0.073726415634155 0.064243227243423 1.1900823116302 0.0026569154579192 -0.0015714985784143 2.7226159572601 3.9498696423834e-05
0.083180293440819 0.065093889832497 1.1761765480042 0.0028860641177744 -0.0019522613147274 2.6740808486938 4.7532190365018e-05
0.092658624053001 0.065940603613853 1.1622710227966 0.0032163741998374 -0.002235216088593 2.6262969970703 2.5751311113709e-05
0.10213367640972 0.066809073090553 1.1483610868454 0.0035672625526786 -0.0026983651332557 2.5781555175781 4.8049820179585e-05
0.11160354316235 0.067651584744453 1.1344673633575 0.003730681957677 -0.0031417289283127 2.5298664569855 4.9536974984221e-06
0.12105338275433 0.068495556712151 1.1205669641495 0.0039631356485188 -0.0034396678674966 2.481680393219 9.205614333041e-06
0.13052177429199 0.069345504045486 1.1066699028015 0.003849751316011 -0.0033989013172686 2.4331812858582 9.2664653493557e-05
0.13996151089668 0.070206731557846 1.092768907547 0.0031253525521606 -0.0029060589149594 2.384575843811 -6.7522350946092e-06
0.14944197237492 0.071043357253075 1.0788551568985 0.0012618775945157 -0.0011433910112828 2.33771276474 3.2110790925799e-05
0.15890261530876 0.071902215480804 1.0649572610855 -0.0018264487152919 0.0021674367599189 2.2893576622009 9.1818241344299e-05
0.16836750507355 0.07274916768074 1.0510592460632 -0.0055311871692538 0.0064494535326958 2.2414443492889 8.3501625340432e-05
0.1778187006712 0.073601543903351 1.0371460914612 -0.008409065194428 0.0097198123112321 2.1933560371399 3.5199562262278e-05
0.18729987740517 0.074453786015511 1.0232305526733 -0.0083496272563934 0.010240131057799 2.1454231739044 1.2290939594095e-05
0.19675250351429 0.075294613838196 1.0093469619751 -0.0061308457516134 0.0075471522286534 2.0966567993164 7.5044627010357e-05
0.2061862051487 0.076163291931152 0.99543559551239 -0.0031480784527957 0.0044621443375945 2.0482115745544 5.6596883950988e-05
0.21565462648869 0.077022776007652 0.98152792453766 -0.0014142412692308 0.0020344327203929 2.0000307559967 3.8391644920921e-05
0.22511851787567 0.077859073877335 0.96762543916702 -0.00055251002777368 0.00078717531869188 1.9519435167313 2.2432819605456e-05
0.23460385203362 0.078706853091717 0.95372223854065 -0.00017646051128395 0.00039570359513164 1.9047807455063 8.9815075625665e-05
0.22992378473282 0.076518706977367 0.94997262954712 -0.00027772391331382 0.00085125281475484 1.891317486763 3.6080582503928e-05
0.2203234732151 0.073351509869099 0.94995510578156 -0.00016923242947087 0.0010163417318836 1.8908103704453 0.00016485137166455
0.21073147654533 0.070133492350578 0.94995987415314 -0.00017559347907081 0.0010139431105927 1.8917989730835 -1.6279283954646e-05
0.20111572742462 0.066945321857929 0.94996207952499 -9.4813251052983e-05 0.00094799790531397 1.890562415123 7.12381233825e-06
0.19150853157043 0.063777059316635 0.94994646310806 -6.3549166952725e-05 0.00080610165605322 1.8907356262207 5.020897333452e-06
0.18192119896412 0.060549862682819 0.94995909929276 -0.00013833741832059 0.0007495044847019 1.8910357952118 5.3797498367203e-06
0.17232510447502 0.057362861931324 0.94995921850204 -9.2076370492578e-05 0.00079906504834071 1.8907153606415 2.7089688956039e-05
0.1627314388752 0.054166451096535 0.9499676823616 3.0032628274057e-05 0.00070699694333598 1.8912863731384 -3.2123334676726e-05
0.15311571955681 0.050976775586605 0.94996297359467 -4.2744282836793e-05 0.00067318178480491 1.8906136751175 4.0514612919651e-05
0.14352549612522 0.047775998711586 0.9499477148056 4.4550448365044e-05 0.00054897769587114 1.8905277252197 8.3050421380904e-05
0.13394178450108 0.044579677283764 0.9499671459198 4.8536523536313e-05 0.00043364311568439 1.8907766342163 0.0001115366248996
0.12432374060154 0.041386872529984 0.94997227191925 -7.1709910116624e-05 0.00041863531805575 1.8912380933762 4.5361321099335e-05
0.11473544687033 0.038193568587303 0.94996094703674 0.00021632936841343 0.00037450817762874 1.8915852308273 8.8949702330865e-05
0.10513992607594 0.0349952429533 0.94995880126953 0.00010251162166242 0.00016366597265005 1.8908826112747 2.6658926799428e-05
0.09553474932909 0.031808167695999 0.94995898008347 0.00025774599635042 0.00010144720727112 1.8910928964615 4.6440174628515e-05
0.085922352969646 0.028618440032005 0.94995582103729 0.00037218412035145 -7.3456321842968e-05 1.8909175395966 1.8050686776405e-05
0.076339617371559 0.025437541306019 0.94997310638428 0.00021998016745783 -0.00023702552425675 1.89102602005 2.507531644369e-05
0.066739991307259 0.022247686982155 0.94999730587006 9.7672585980035e-05 -0.00021423169528134 1.8904336690903 5.2433468226809e-05
0.057147558778524 0.019037611782551 0.94997745752335 0.00016278789553326 -0.00035077295615338 1.8910492658615 -4.9585938540986e-05
0.047564014792442 0.015815056860447 0.94997102022171 0.00031317473622039 -0.0004993729526177 1.8915703296661 1.8000542695518e-05
0.037948165088892 0.012647550553083 0.94997423887253 0.00010998682409991 -0.00051445153076202 1.8907343149185 6.114566076576e-06
0.028352741152048 0.0094477422535419 0.94996774196625 0.0002002779947361 -0.00036359397927299 1.8909696340561 7.42242555134e-05
0.018756795674562 0.0062469430267811 0.94996803998947 0.00027006241725758 -0.00017803718219511 1.8911105394363 7.1716691309121e-05
0.0091553963720798 0.0030634850263596 0.94996106624603 9.6051109721884e-05 5.1879109378206e-05 1.8908871412277 -8.8959268396138e-06
-0.0004354752600193 -0.00013859197497368 0.94997602701187 -0.000264783622697 0.00023450686421711 1.8900903463364 4.1088853322435e-05
-0.010072946548462 -0.0033243373036385 0.94996219873428 -0.00013604442938231 0.00096704921452329 1.890547990799 -4.0699214309825e-07
-0.019654497504234 -0.006534356623888 0.94996380805969 -0.0004067673580721 0.0014729340327904 1.8913580179214 5.5078242439777e-05
-0.029243785887957 -0.0097260773181915 0.94994783401489 -0.00052440969739109 0.0020504894200712 1.8916964530945 4.0230359445559e-05
-0.038864828646183 -0.012920044362545 0.94995701313019 -0.0007307740743272 0.0026456152554601 1.8916507959366 1.8915186956292e-05
-0.048446457833052 -0.016084417700768 0.94995272159576 -0.0006765887956135 0.0034223455004394 1.8916027545929 3.1352596124634e-05
-0.058024991303682 -0.019305575639009 0.9499614238739 -0.00076153804548085 0.0038627358153462 1.8917700052261 7.6026524766348e-05
-0.067642293870449 -0.022490434348583 0.94994336366653 -0.00083313294453546 0.0040666740387678 1.8917626142502 3.4371878427919e-05
-0.077258989214897 -0.025686895474792 0.94996386766434 -0.00091061188140884 0.0041752373799682 1.8915861845016 5.7166318583768e-05
-0.086855374276638 -0.028898088261485 0.94993627071381 -0.00067391362972558 0.0038362725172192 1.891813993454 8.1620171840768e-05
-0.096455477178097 -0.032085485756397 0.94995748996735 -0.00084997224621475 0.0036305044777691 1.8914246559143 4.1866442188621e-06
-0.10604467988014 -0.035277664661407 0.9499534368515 -0.00056501320796087 0.0033304537646472 1.8917998075485 -1.3554878023569e-05
-0.11564365029335 -0.038484953343868 0.94993579387665 -0.00063841411611065 0.0029506525024772 1.8919203281403 7.1480979386251e-05
-0.12524054944515 -0.041678782552481 0.94988560676575 -0.00048630888340995 0.0027865804731846 1.8913797140121 6.6351722125546e-06
-0.13483980298042 -0.044880501925945 0.9498987197876 -0.0001903507654788 0.00261614122428 1.8921664953232 2.2676774733554e-06
-0.14443171024323 -0.048044312745333 0.94993311166763 -0.00040479769813828 0.0022539489436895 1.8917421102524 3.0076884286245e-05
-0.15404117107391 -0.051236554980278 0.94991010427475 -0.00036669112159871 0.002200172515586 1.8917932510376 3.1493396818405e-05
-0.1636269390583 -0.05444448441267 0.94989478588104 -0.00018108695803676 0.0022937583271414 1.8918665647507 1.9648939996841e-05
-0.17324574291706 -0.057644378393888 0.94986218214035 -0.00013710359053221 0.0019878956954926 1.8916058540344 4.132506728638e-05
-0.18282943964005 -0.060845021158457 0.94992685317993 -0.00028217220096849 0.002043106360361 1.891424536705 -1.6361416783184e-05
-0.19242742657661 -0.06403324007988 0.94988203048706 -0.0001614975190023 0.0021320404484868 1.8918870687485 -3.8715861592209e-06
-0.20203456282616 -0.067229263484478 0.94988793134689 -0.00021311135787982 0.0018576894653961 1.8919523954391 3.6185298085911e-05
-0.21163204312325 -0.070420771837234 0.94991481304169 -0.00012837172835134 0.0020300548058003 1.8917605876923 4.550125595415e-06
-0.2212338745594 -0.073613747954369 0.94992381334305 -0.00016945871175267 0.0019062465289608 1.8917486667633 5.835870251758e-05
-0.23081964254379 -0.076828971505165 0.94986689090729 -8.4586288721766e-05 0.0018284537363797 1.8926326036453 1.8315662600799e-05
