0.096059888601303 0.25922438502312 -1.8111867904663 -1.5916194915771 -1.3934981822968 0.00045366934500635 -4.3217441998422e-05
0.15071019530296 0.26979205012321 -1.8542535305023 -1.559219121933 -1.2907819747925 0.00073548010550439 1.2418488040566e-05
0.2053996026516 0.27668330073357 -1.8945903778076 -1.5258841514587 -1.1880924701691 0.00094719580374658 -1.5271798474714e-05
0.25962170958519 0.27960726618767 -1.9321486949921 -1.4914417266846 -1.0856075286865 0.0012919490691274 7.7108670666348e-05
0.31275090575218 0.27838036417961 -1.9668569564819 -1.4557301998138 -0.98414707183838 0.0016929691191763 9.1949026682414e-05
0.36431464552879 0.2727527320385 -1.998640537262 -1.4188785552979 -0.88446474075317 0.0023610179778188 1.6366426280001e-05
0.41393479704857 0.26277348399162 -2.0274691581726 -1.3806760311127 -0.78642296791077 0.0030285899993032 2.8231719625182e-05
0.46117553114891 0.24828860163689 -2.0532321929932 -1.341338634491 -0.69080805778503 0.0040070600807667 3.9498696423834e-05
0.50571835041046 0.22940394282341 -2.0758709907532 -1.3011472225189 -0.59797978401184 0.0054080076515675 4.7532190365018e-05
0.54739153385162 0.20622774958611 -2.0953106880188 -1.2603240013123 -0.50820350646973 0.0072838850319386 2.5751311113709e-05
0.58618175983429 0.17883774638176 -2.1114056110382 -1.2195572853088 -0.42115950584412 0.010047156363726 4.8049820179585e-05
0.62200558185577 0.14737698435783 -2.1239910125732 -1.1794445514679 -0.33695220947266 0.014082152396441 4.9536974984221e-06
0.65487492084503 0.1120910346508 -2.1330125331879 -1.140988111496 -0.25584745407104 0.019935328513384 9.205614333041e-06
0.68494474887848 0.073113888502121 -2.1382782459259 -1.1052649021149 -0.17741131782532 0.028533179312944 9.2664653493557e-05
0.71227276325226 0.030614823102951 -2.1397738456726 -1.0730187892914 -0.10159301757812 0.040402133017778 -6.7522350946092e-06
0.73704874515533 -0.014884024858475 -2.1377611160278 -1.044312953949 -0.029136896133423 0.055227000266314 3.2110790925799e-05
0.75950872898102 -0.062413483858109 -2.132878780365 -1.0164918899536 0.04124116897583 0.070091441273689 9.1818241344299e-05
0.77974236011505 -0.11016562581062 -2.1263394355774 -0.98377370834351 0.10945177078247 0.078597739338875 8.3501625340432e-05
0.79792845249176 -0.15594103932381 -2.1195647716522 -0.93998861312866 0.17589139938354 0.073888018727303 3.5199562262278e-05
0.81423103809357 -0.19893506169319 -2.1126680374146 -0.88563299179077 0.240318775177 0.055577948689461 1.2290939594095e-05
0.82881081104279 -0.24078705906868 -2.1040544509888 -0.82932257652283 0.30323886871338 0.032592490315437 7.5044627010357e-05
0.84183371067047 -0.28394868969917 -2.0919387340546 -0.78088736534119 0.36469411849976 0.015110686421394 5.6596883950988e-05
0.85347425937653 -0.32892945408821 -2.0759973526001 -0.74272871017456 0.4241418838501 0.0060441046953201 3.8391644920921e-05
0.86384689807892 -0.37500002980232 -2.0567452907562 -0.71213984489441 0.48239469528198 0.0023672133684158 2.2432819605456e-05
0.87306034564972 -0.42134645581245 -2.0350172519684 -0.68617725372314 0.53954553604126 0.00090856850147247 8.9815075625665e-05
0.85996544361115 -0.4304590523243 -2.0348756313324 -0.67824006080627 0.53957891464233 0.0016924887895584 3.6080582503928e-05
0.83919775485992 -0.42595580220222 -2.0427467823029 -0.67515850067139 0.51906251907349 0.0019142180681229 0.00016485137166455
0.81811726093292 -0.42164471745491 -2.0501487255096 -0.67218685150146 0.49757957458496 0.0019909888505936 -1.6279283954646e-05
0.79651749134064 -0.41785410046577 -2.0565669536591 -0.66942358016968 0.47671127319336 0.0018145591020584 7.12381233825e-06
0.7747403383255 -0.41422966122627 -2.0627689361572 -0.6668176651001 0.45441818237305 0.0019576102495193 5.020897333452e-06
0.75250685214996 -0.41112926602364 -2.0680115222931 -0.66461849212646 0.43229150772095 0.0019437819719315 5.3797498367203e-06
0.72999393939972 -0.40838792920113 -2.0726463794708 -0.66275000572205 0.4098334312439 0.0019509345293045 2.7089688956039e-05
0.70717489719391 -0.40604808926582 -2.0765624046326 -0.66109704971313 0.38683795928955 0.0018622428178787 -3.2123334676726e-05
0.68401968479156 -0.40410807728767 -2.0798010826111 -0.65970087051392 0.36384534835815 0.0018951445817947 4.0514612919651e-05
0.66059124469757 -0.40274289250374 -2.0821893215179 -0.65868210792542 0.34082078933716 0.0017234832048416 8.3050421380904e-05
0.63700973987579 -0.40152314305305 -2.0841152667999 -0.65777564048767 0.31706047058105 0.0016395598649979 0.0001115366248996
0.613165974617 -0.40077736973763 -2.0853459835052 -0.65714597702026 0.29300308227539 0.0014407187700272 4.5361321099335e-05
0.58913338184357 -0.40041568875313 -2.0858819484711 -0.65663146972656 0.26887321472168 0.0011498481035233 8.8949702330865e-05
0.56494629383087 -0.40052798390388 -2.0856289863586 -0.65640139579773 0.24484872817993 0.00085802376270294 2.6658926799428e-05
0.54063761234283 -0.4009738266468 -2.0848319530487 -0.65637731552124 0.22023248672485 0.00041504204273224 4.6440174628515e-05
0.51619827747345 -0.40188816189766 -2.0832304954529 -0.65651178359985 0.19608068466187 -0.00022129714488983 1.8050686776405e-05
0.49162590503693 -0.40320327877998 -2.0809543132782 -0.65668201446533 0.17157745361328 -0.00080613791942596 2.507531644369e-05
0.46712553501129 -0.4047923386097 -2.0781831741333 -0.65689539909363 0.14676189422607 -0.001695916056633 5.2433468226809e-05
0.44253599643707 -0.40684607625008 -2.074636220932 -0.65721273422241 0.12240123748779 -0.0029228180646896 -4.9585938540986e-05
0.41801846027374 -0.40922120213509 -2.0705144405365 -0.65762662887573 0.097847461700439 -0.0042999237775803 1.8000542695518e-05
0.393514752388 -0.41200664639473 -2.0658085346222 -0.65781569480896 0.073386192321777 -0.0058525055646896 6.114566076576e-06
0.36910212039948 -0.41519191861153 -2.0604236125946 -0.65816497802734 0.049160480499268 -0.0079272240400314 7.42242555134e-05
0.34475433826447 -0.41870191693306 -2.0545721054077 -0.65821003913879 0.024470806121826 -0.010123297572136 7.1716691309121e-05
0.32055056095123 -0.42257860302925 -2.0481433868408 -0.65813398361206 0.00015878677368164 -0.012762829661369 -8.8959268396138e-06
0.29647982120514 -0.42694500088692 -2.0408246517181 -0.65813899040222 -0.023122787475586 -0.015497013926506 4.1088853322435e-05
0.27260172367096 -0.4314492046833 -2.0333521366119 -0.6582818031311 -0.047584295272827 -0.018471285700798 -4.0699214309825e-07
0.24895966053009 -0.4364061653614 -2.0251078605652 -0.65880584716797 -0.071544170379639 -0.021208092570305 5.5078242439777e-05
0.22551167011261 -0.44180777668953 -2.0160999298096 -0.66025972366333 -0.095320463180542 -0.023361727595329 4.0230359445559e-05
0.20229732990265 -0.44776919484138 -2.0061159133911 -0.66300678253174 -0.1185154914856 -0.024710461497307 1.8915186956292e-05
0.1793600320816 -0.45418265461922 -1.9953010082245 -0.66714191436768 -0.14171814918518 -0.025034949183464 3.1352596124634e-05
0.15672314167023 -0.46104553341866 -1.983464717865 -0.67275381088257 -0.16429042816162 -0.024430319666862 7.6026524766348e-05
0.13431179523468 -0.46832254528999 -1.9708557128906 -0.67960500717163 -0.18672513961792 -0.022758767008781 3.4371878427919e-05
0.11226618289948 -0.47596743702888 -1.9573650360107 -0.6877281665802 -0.20864272117615 -0.020503327250481 5.7166318583768e-05
0.090518116950989 -0.48389366269112 -1.9432554244995 -0.69649219512939 -0.23056793212891 -0.017941519618034 8.1620171840768e-05
0.069108605384827 -0.49215820431709 -1.928427696228 -0.70566940307617 -0.25187420845032 -0.015179440379143 4.1866442188621e-06
0.048041462898254 -0.50064969062805 -1.9131760597229 -0.71484780311584 -0.27297186851501 -0.012883946299553 -1.3554878023569e-05
0.027314305305481 -0.50942325592041 -1.8973879814148 -0.72383904457092 -0.29365944862366 -0.010817095637321 7.1480979386251e-05
0.0069624185562134 -0.51846837997437 -1.8812065124512 -0.73265790939331 -0.3139591217041 -0.0091453045606613 6.6351722125546e-06
-0.013054966926575 -0.52762198448181 -1.8645558357239 -0.741215467453 -0.33404517173767 -0.0082793682813644 2.2676774733554e-06
-0.032692551612854 -0.53706693649292 -1.8474106788635 -0.7498345375061 -0.35354804992676 -0.0072789639234543 3.0076884286245e-05
-0.051990628242493 -0.5467677116394 -1.829845905304 -0.75823783874512 -0.37284660339355 -0.0066924542188644 3.1493396818405e-05
-0.070895314216614 -0.55676794052124 -1.8117125034332 -0.76700210571289 -0.39200854301453 -0.0060613602399826 1.9648939996841e-05
-0.089455008506775 -0.56694626808167 -1.7930638790131 -0.77589774131775 -0.41047787666321 -0.0055044144392014 4.132506728638e-05
-0.10762083530426 -0.57738447189331 -1.7739014625549 -0.78500533103943 -0.42880702018738 -0.0052881687879562 -1.6361416783184e-05
-0.12544906139374 -0.58813881874084 -1.7541892528534 -0.79426765441895 -0.44655513763428 -0.0048633068799973 -3.8715861592209e-06
-0.14292180538177 -0.59913897514343 -1.7339279651642 -0.80381894111633 -0.46412086486816 -0.0046575516462326 3.6185298085911e-05
-0.15999662876129 -0.61039304733276 -1.7130637168884 -0.81361865997314 -0.48111915588379 -0.0044265240430832 4.550125595415e-06
-0.17673695087433 -0.62187314033508 -1.6917061805725 -0.82370543479919 -0.49781274795532 -0.004163071513176 5.835870251758e-05
-0.19310915470123 -0.63370180130005 -1.6698663234711 -0.83392333984375 -0.51437497138977 -0.0039997547864914 1.8315662600799e-05
