-7.9145294762384e-08 -3.7400570818136e-07 0.9148388504982
-2.7192430707146e-07 -1.652782657402e-07 0.91483908891678
-1.5643539796883e-08 -1.5145661791394e-07 0.91483908891678
3.0065581313465e-07 -4.9827907133704e-08 0.91483896970749
2.3591950082391e-07 -6.3543431849666e-08 0.91483908891678
1.9667849926464e-07 -5.0452342748031e-08 0.91483926773071
4.838900622417e-07 1.7286187414811e-07 0.91483944654465
3.7695048149544e-07 2.0196567618314e-07 0.91483950614929
3.3977087809944e-07 2.622135468755e-07 0.91483938694
5.5415034694306e-07 1.7682698683075e-07 0.91483932733536
8.9626769295137e-07 1.4695791605845e-07 0.91483932733536
8.8785770913091e-07 5.381060077525e-07 0.91483938694
1.0663292187019e-06 5.7528944807927e-07 0.91483944654465
1.1895278930751e-06 5.5588196801182e-07 0.91483962535858
1.071544829756e-06 8.8496778971603e-07 0.91483962535858
8.9153712679035e-07 5.5437976698158e-07 0.91483974456787
1.591539785295e-06 6.0330035012157e-07 0.91483998298645
1.7053607734852e-06 8.8357751337753e-07 0.91483998298645
2.0744332687173e-06 5.8047538686878e-07 0.91483986377716
1.9850845092151e-06 1.1154813819303e-06 0.91483992338181
2.2909955532668e-06 1.5389711052194e-06 0.91484016180038
2.0537404452625e-06 1.536906097499e-06 0.91484010219574
2.3200268515211e-06 1.5234312513712e-06 0.91484004259109
2.2566184725292e-06 1.221877369062e-06 0.91484022140503
2.1237033251964e-06 1.6215925597862e-06 0.91484045982361
2.2679562334815e-06 1.5827542938496e-06 0.9148405790329
2.3684160623816e-06 1.9502422219375e-06 0.9148405790329
2.1138964712009e-06 1.6507775626451e-06 0.9148405790329
2.0856703031313e-06 1.8926687062049e-06 0.91484040021896
2.0858560674242e-06 2.0300549294916e-06 0.91484040021896
2.0578513613145e-06 1.9669785160659e-06 0.91484034061432
2.0922582280036e-06 2.0349184524093e-06 0.91484034061432
1.9910974060622e-06 1.9010461755897e-06 0.91484045982361
2.0363650037325e-06 1.8582368284115e-06 0.91484040021896
2.1196199213591e-06 1.881570938167e-06 0.9148405790329
1.8789294244925e-06 2.1987327727402e-06 0.91484051942825
1.9689884993568e-06 2.0114609924349e-06 0.91484028100967
2.2930498744245e-06 2.0768461581611e-06 0.91484016180038
2.3976424472494e-06 2.1408018255897e-06 0.91484022140503
2.2588628780795e-06 2.4903176836233e-06 0.91484069824219
1.7648601442488e-06 1.9379476725589e-06 0.91484099626541
-0.0087135639041662 -0.0013585679698735 0.91498798131943
-0.018829803913832 -0.0029597843531519 0.91523480415344
-0.028993437066674 -0.0045921071432531 0.91541564464569
-0.039146590977907 -0.0061455424875021 0.91543781757355
-0.049287024885416 -0.0076423832215369 0.91541516780853
-0.05942277982831 -0.0092244045808911 0.9153990149498
-0.069514334201813 -0.010990343056619 0.91538286209106
-0.079175442457199 -0.013994161039591 0.91545724868774
-0.088805869221687 -0.017079740762711 0.91554421186447
-0.098486237227917 -0.020215919241309 0.91574329137802
-0.10815989971161 -0.023317538201809 0.91578495502472
-0.11785930395126 -0.026457633823156 0.91588085889816
-0.12742525339127 -0.02980344183743 0.9159117937088
-0.13709427416325 -0.032875761389732 0.91593831777573
-0.14670217037201 -0.036054190248251 0.91604512929916
-0.15637816488743 -0.039108514785767 0.91601574420929
-0.16599458456039 -0.042248014360666 0.91602897644043
-0.17567227780819 -0.045457348227501 0.91604846715927
-0.18516002595425 -0.048758003860712 0.91604870557785
-0.19471505284309 -0.051995012909174 0.91601270437241
-0.20427662134171 -0.055246412754059 0.9160567522049
-0.21385754644871 -0.058431711047888 0.91610717773438
-0.22346174716949 -0.061662305146456 0.91610950231552
-0.23302401602268 -0.064843125641346 0.91611713171005
-0.24261283874512 -0.068098470568657 0.91611778736115
-0.25222790241241 -0.071220889687538 0.91607183218002
-0.26177734136581 -0.074605390429497 0.91615414619446
-0.27142277359962 -0.077715404331684 0.91613698005676
-0.28104493021965 -0.080811068415642 0.91608315706253
-0.29055798053741 -0.084215357899666 0.91607308387756
-0.30022448301315 -0.087159335613251 0.9159893989563
-0.30970892310143 -0.090639814734459 0.91598689556122
-0.31943619251251 -0.093640320003033 0.91604202985764
