-0.0047537684440613 0.047495394945145 1.3004004955292 0.00099040835630149 -0.00017144554294646 3.0588889122009 7.8542165283579e-05
-0.0019227042794228 0.04253551363945 1.2935464382172 0.0010558052454144 -0.00010081921936944 3.0113308429718 5.570518260356e-05
0.00088808871805668 0.037563502788544 1.2867274284363 0.00090585427824408 -0.00020230225345585 2.9628384113312 0.00013583315012511
0.0036663115024567 0.032591879367828 1.2798840999603 0.00093696039402857 -0.00030875002266839 2.9140629768372 5.6867804232752e-05
0.0064929388463497 0.02763594686985 1.2730606794357 0.00098317069932818 -0.00030982436146587 2.8663551807404 -9.5103350759018e-06
0.0093173533678055 0.022680014371872 1.2662389278412 0.00093367736553773 -0.00026192699442618 2.8178026676178 1.1850633200083e-05
0.012149818241596 0.017705768346786 1.2594020366669 0.00092810456408188 -0.00034386845072731 2.769823551178 3.1653587939218e-05
0.014949351549149 0.012749329209328 1.2525727748871 0.00091745110694319 -0.00042192882392555 2.7220034599304 0.00010729000496212
0.017778843641281 0.0078017711639404 1.2457593679428 0.00091474258806556 -0.00051772920414805 2.6738460063934 3.2057734642876e-05
0.020589545369148 0.0028303191065788 1.2389370203018 0.0008722937782295 -0.0005504161817953 2.6253724098206 -4.9660357035464e-05
0.023410134017467 -0.002125009894371 1.2320787906647 0.00094522791914642 -0.00060384016251191 2.5768618583679 8.5492156358669e-06
0.026239238679409 -0.0070926621556282 1.2252926826477 0.00085579964797944 -0.00065492198336869 2.5295858383179 -1.4900248061167e-05
0.029049471020699 -0.012072667479515 1.2184356451035 0.00078903662506491 -0.00075264921179041 2.4814257621765 1.9938199329772e-05
0.031866975128651 -0.017005950212479 1.2116322517395 0.00077539257472381 -0.0007527491543442 2.4328236579895 6.4851257775445e-05
0.03467333316803 -0.021960884332657 1.2047944068909 0.00075227057095617 -0.00077387876808643 2.3849856853485 -2.0457247956074e-05
0.03751428425312 -0.026938207447529 1.1979566812515 0.00079987331992015 -0.00064914376707748 2.3367447853088 -2.6303994218324e-06
0.04033100605011 -0.031904172152281 1.191113114357 0.00084171019261703 -0.00064688787097111 2.2887244224548 -3.0606898349106e-07
0.043145537376404 -0.036864791065454 1.1842896938324 0.00062558305216953 -0.00065361219458282 2.240620136261 5.4093805374578e-05
0.04596845805645 -0.041834775358438 1.1774486303329 0.00050125946290791 -0.00062209024326876 2.1926703453064 2.9847980840714e-05
0.048772886395454 -0.046762973070145 1.1706386804581 0.00049568398389965 -0.00049806362949312 2.1447443962097 7.4951226451958e-06
0.05158619582653 -0.051744934171438 1.1637915372849 0.00041105173295364 -0.0004291680525057 2.0961833000183 0.00012393569340929
0.054419450461864 -0.056719794869423 1.1569548845291 0.00033566713682376 -0.00027109199436381 2.0485925674438 8.6685831774957e-05
0.057246498763561 -0.061698466539383 1.150155544281 6.8441549956333e-05 -9.1010006144643e-05 2.0006356239319 2.5692243070807e-05
0.060070492327213 -0.066639319062233 1.1433328390121 2.3367156245513e-05 -9.3861599452794e-06 1.9531810283661 0.00010831189138116
0.062864951789379 -0.071593344211578 1.1364772319794 0.00012130165123381 -0.00018266725237481 1.90462911129 7.3375842475798e-05
0.065712988376617 -0.076561897993088 1.1296374797821 0.00032108931918629 -0.0004601324617397 1.8569170236588 2.4009388653212e-05
0.068515375256538 -0.081532277166843 1.1228123903275 0.00041417172178626 -0.0010134297190234 1.8088557720184 2.1318588551367e-05
0.071320310235023 -0.08646422624588 1.1160238981247 0.00050340103916824 -0.0017286451766267 1.7605850696564 0.00015171767154243
0.074136763811111 -0.091426238417625 1.1091513633728 0.00062857492594048 -0.0024225709494203 1.7123421430588 1.4104851288721e-05
0.076960369944572 -0.096406161785126 1.1023187637329 0.00063378107734025 -0.0025869680102915 1.6645394563675 -2.6200191314274e-06
0.079782329499722 -0.10138641297817 1.0954484939575 0.00077764043817297 -0.0026676165871322 1.6163325309753 4.5592500100611e-05
0.08259654045105 -0.10630203783512 1.0887055397034 0.00020185152243357 -0.0024808926973492 1.5682902336121 2.4183204004657e-05
0.085420563817024 -0.1112857311964 1.0818256139755 0.00023472333850805 -0.0022628302685916 1.5207412242889 -7.3430846896372e-06
0.088247731328011 -0.11625404655933 1.0749822854996 0.00010158098302782 -0.0021410461049527 1.4725383520126 3.4532356949057e-05
0.091049328446388 -0.12118853628635 1.0681307315826 0.00025842487229966 -0.0020433845929801 1.4245579242706 3.8461381336674e-05
0.093856737017632 -0.12615117430687 1.0613392591476 3.3331929444103e-05 -0.0020286645740271 1.376659989357 8.8123546447605e-05
0.096688948571682 -0.13111291825771 1.0545579195023 -8.9208069766755e-06 -0.0019945770036429 1.3288042545319 5.7884972193278e-05
0.099504806101322 -0.13608746230602 1.0476098060608 0.00019465664809104 -0.0018426551250741 1.2804795503616 2.9965278372401e-05
0.10231820493937 -0.14102694392204 1.0408300161362 -5.4352785809897e-05 -0.001920897862874 1.2322005033493 1.7916483557201e-05
0.10514146834612 -0.14602532982826 1.0340307950974 -0.00031572286388837 -0.0018747743451968 1.1850130558014 7.8552700870205e-05
0.10796669125557 -0.15100398659706 1.0270669460297 -0.00030966679332778 -0.001692182268016 1.1368576288223 8.7102434918052e-06
0.11077906191349 -0.15595161914825 1.0202597379684 -0.00019982975209132 -0.0017126252641901 1.0888061523438 2.9537552109105e-05
0.11360171437263 -0.16089360415936 1.0134935379028 -0.00042325220420025 -0.0017860655207187 1.0406682491302 6.9903217081446e-05
0.11640483140945 -0.16586112976074 1.0066187381744 -0.00051107641775161 -0.0015944119077176 0.9926495552063 4.563647962641e-05
0.11923418939114 -0.17081734538078 0.9997775554657 -0.00063515355577692 -0.0016750789945945 0.94493234157562 1.0532324267842e-05
0.12205155193806 -0.17579305171967 0.99296575784683 -0.00067871285136789 -0.001748141949065 0.89689075946808 4.3374305391808e-07
0.12485572695732 -0.18074363470078 0.98619341850281 -0.00077734352089465 -0.0018278796924278 0.84920346736908 8.3737540990114e-05
0.12767937779427 -0.18569019436836 0.9793900847435 -0.0012384832371026 -0.0017569938208908 0.80124670267105 4.0909988456406e-05
0.13050398230553 -0.1906690299511 0.97244626283646 -0.0010859112953767 -0.0018464287277311 0.75326544046402 1.0435345757287e-05
0.13332262635231 -0.19561040401459 0.96566939353943 -0.0016764883184806 -0.0017998060211539 0.70518606901169 3.5576551454142e-05
0.13613061606884 -0.20058554410934 0.95871877670288 -0.0019407189683989 -0.0020376595202833 0.65726906061172 6.9061366957612e-05
0.13894680142403 -0.2055381834507 0.95199328660965 -0.0027062005829066 -0.0022432941477746 0.60938155651093 3.8722380850231e-05
0.13553029298782 -0.20079153776169 0.94990652799606 0.0039901928976178 0.0030541976448148 0.59182298183441 6.2368162616622e-05
0.12907059490681 -0.19116458296776 0.9497846364975 0.0035026750992984 0.0026479912921786 0.5919783115387 0.0001138813313446
0.12258365750313 -0.18156242370605 0.94973683357239 0.0028811118099838 0.0021932786330581 0.59252887964249 1.4799984455749e-05
0.11609336733818 -0.17199504375458 0.94976681470871 0.0024489001370966 0.001791269518435 0.59258139133453 9.7346397524234e-05
0.10963822901249 -0.16237357258797 0.94983619451523 0.002193370135501 0.0014618295244873 0.59274584054947 4.6831984946039e-05
0.10315653681755 -0.15276086330414 0.94984382390976 0.001906739664264 0.0013495241291821 0.59282219409943 5.5726402933942e-05
0.096676796674728 -0.14314535260201 0.94981467723846 0.0017836126498878 0.0013142285170034 0.59259635210037 5.9719695855165e-06
0.090179041028023 -0.13358014822006 0.94980001449585 0.0017083149868995 0.001070799306035 0.59343874454498 0.00010910119453911
0.083694979548454 -0.12396639585495 0.94977259635925 0.0016352782258764 0.0011575049720705 0.59314996004105 6.9612680817954e-05
0.077202871441841 -0.11438363790512 0.94989019632339 0.001245716586709 0.0010403158375993 0.59353089332581 7.8986398875713e-05
0.070723384618759 -0.10478003323078 0.94981980323792 0.001295097055845 0.0010683139553294 0.59360218048096 -1.0289765668858e-05
0.064258754253387 -0.095189824700356 0.94981634616852 0.0013026753440499 0.0010797801660374 0.59381407499313 0.00011630837252596
0.057788744568825 -0.085587471723557 0.94987010955811 0.0011869443114847 0.0010092697339132 0.59338492155075 0.00010017179010902
0.051295056939125 -0.075978994369507 0.94986909627914 0.0012788341846317 0.0006786790327169 0.59348738193512 -2.943567778857e-06
0.044858261942863 -0.066394463181496 0.94994163513184 0.00095335592050105 0.00070131494430825 0.59315598011017 -1.1671241736622e-05
0.038367673754692 -0.056831583380699 0.94994616508484 0.0011093145003542 0.00072027422720566 0.5940477848053 4.9879690777743e-05
0.031877659261227 -0.047183394432068 0.94992327690125 0.0013439804315567 0.00088268797844648 0.59321802854538 2.9457882192219e-05
0.025437623262405 -0.037607192993164 0.94994604587555 0.0011367419501767 0.00090112700127065 0.59313547611237 3.0135857741698e-05
0.018929250538349 -0.028001621365547 0.94994795322418 0.0012053876416758 0.00076282751979306 0.59334743022919 5.4605723562418e-05
0.0124317035079 -0.018418118357658 0.94993680715561 0.0010377309517935 0.00091263395734131 0.59380561113358 -3.9812723116484e-05
0.0059698447585106 -0.008794441819191 0.94994354248047 0.0011762509820983 0.00093276466941461 0.59312802553177 4.9925271014217e-05
-0.00053934007883072 0.00078721344470978 0.94995683431625 0.0011259346501902 0.0012005975004286 0.593297123909 2.421631688776e-05
-0.0070053935050964 0.010410629212856 0.94996237754822 0.0014165182365105 0.0010590648744255 0.59287393093109 2.1908073904342e-05
-0.013469122350216 0.019994877278805 0.94995707273483 0.0013931089779362 0.0011088856263086 0.59295457601547 3.7288758903742e-05
-0.019969992339611 0.029607713222504 0.94997322559357 0.0013538395287469 0.0010747087653726 0.59325879812241 5.4643420298817e-05
-0.026449881494045 0.039182364940643 0.94996958971024 0.0012360494583845 0.0010598199442029 0.59323918819427 2.9232312954264e-05
-0.032939027994871 0.048805773258209 0.94996762275696 0.0010819747112691 0.00096382648916915 0.59300202131271 -2.0896908608847e-05
-0.039434194564819 0.058387473225594 0.94997930526733 0.0011998529080302 0.0010297403205186 0.59347641468048 7.2998204814212e-07
-0.04588395357132 0.067985154688358 0.94996631145477 0.0011677091242746 0.00085756462067366 0.59306764602661 9.2722875706386e-05
-0.052387647330761 0.07759402692318 0.94996052980423 0.0010667491005734 0.001028316328302 0.59285575151443 8.6322215793189e-05
-0.058870632201433 0.087150514125824 0.94995605945587 0.00094198505394161 0.00090250908397138 0.59375631809235 5.0565759011079e-05
-0.065337054431438 0.09680013358593 0.94996559619904 0.0011388455750421 0.00088539900025353 0.59298825263977 -1.5205836461973e-05
-0.07183226197958 0.10637778043747 0.94997888803482 0.0010538072092459 0.00095708359731361 0.5928059220314 3.5187029425288e-05
-0.078308597207069 0.11598586291075 0.949986577034 0.0012462456943467 0.0010956588666886 0.59300398826599 1.3789041986456e-05
-0.084780842065811 0.12558345496655 0.94996982812881 0.0010920072672889 0.00083601730875671 0.59338164329529 6.0193666286068e-05
-0.091251209378242 0.1352012604475 0.94997227191925 0.0009748725569807 0.00080058391904458 0.59267044067383 2.403370126558e-05
-0.097738489508629 0.14476445317268 0.94996875524521 -4.1154213249683e-05 0.00082742341328412 0.59350425004959 4.8443096602568e-05
-0.10421391576529 0.15436711907387 0.94997984170914 0.00089784141164273 0.0010017978493124 0.59288376569748 0.00013627322914544
-0.11070023477077 0.16398620605469 0.9499831199646 0.001126711955294 0.00081422785297036 0.59339821338654 9.7793017630465e-05
-0.11718516051769 0.17358720302582 0.94996917247772 0.00096080166986212 0.00074428593507037 0.59283608198166 1.8750191884465e-05
-0.12366759777069 0.18320655822754 0.94997084140778 0.0013471904676408 0.00080120627535507 0.59227186441422 4.2118510464206e-05
-0.13013821840286 0.19278663396835 0.94998836517334 0.001069238758646 0.0008733986178413 0.59314215183258 -1.1135010936414e-05
-0.13662488758564 0.2023554444313 0.94998717308044 0.0010858569294214 0.00074994162423536 0.59244829416275 5.2458581194514e-05
