0.05186328664422 0.22307536005974 -1.7516169548035 -1.6139328479767 -1.4360864162445 0.00013251953350846 7.8542165283579e-05
0.079915136098862 0.21621748805046 -1.763840675354 -1.5949161052704 -1.3601486682892 0.00017924956046045 5.570518260356e-05
0.10695561766624 0.20750948786736 -1.7745308876038 -1.5754814147949 -1.2847902774811 0.00034995726309717 0.00013583315012511
0.13282117247581 0.19697806239128 -1.78369140625 -1.5558590888977 -1.2104353904724 0.00040574721060693 5.6867804232752e-05
0.15722760558128 0.1846532523632 -1.7913393974304 -1.5359058380127 -1.1381871700287 0.00053163222037256 -9.5103350759018e-06
0.18034562468529 0.1705307662487 -1.7973520755768 -1.5158240795135 -1.0668835639954 0.00053020170889795 1.1850633200083e-05
0.20205506682396 0.15467068552971 -1.8017060756683 -1.4957184791565 -0.99696087837219 0.00074191740714014 3.1653587939218e-05
0.22225388884544 0.13719221949577 -1.8044726848602 -1.4755635261536 -0.92862010002136 0.00080056837759912 0.00010729000496212
0.24102601408958 0.11823078989983 -1.8056411743164 -1.4554131031036 -0.86172676086426 0.00089402846060693 3.2057734642876e-05
0.25835236907005 0.09770867228508 -1.80508685112 -1.4356026649475 -0.79628539085388 0.0010113304015249 -4.9660357035464e-05
0.27424630522728 0.075814694166183 -1.8029370307922 -1.4159700870514 -0.73216938972473 0.0011610572692007 8.5492156358669e-06
0.28868255019188 0.052825897932053 -1.7990965843201 -1.3968212604523 -0.66979432106018 0.0013098304625601 -1.4900248061167e-05
0.30181655287743 0.02843901515007 -1.7936100959778 -1.3781404495239 -0.6086266040802 0.0015072410460562 1.9938199329772e-05
0.313690751791 0.0031804740428925 -1.7864768505096 -1.3601002693176 -0.54847240447998 0.0015987937804312 6.4851257775445e-05
0.32430705428123 -0.023111611604691 -1.7777714729309 -1.3426969051361 -0.48981666564941 0.0018319671507925 -2.0457247956074e-05
0.33370694518089 -0.050259858369827 -1.7674748897552 -1.3260388374329 -0.43238544464111 0.0019511764403433 -2.6303994218324e-06
0.34202298521996 -0.078165799379349 -1.755585193634 -1.3102087974548 -0.37597036361694 0.0022148673888296 -3.0606898349106e-07
0.34927234053612 -0.10672023892403 -1.7421634197235 -1.2952764034271 -0.32056999206543 0.0024799888487905 5.4093805374578e-05
0.35551080107689 -0.13577154278755 -1.727340221405 -1.2812566757202 -0.26647067070007 0.0026630943175405 2.9847980840714e-05
0.36081704497337 -0.16525343060493 -1.7110545635223 -1.2681543827057 -0.21310782432556 0.0028371398802847 7.4951226451958e-06
0.36524304747581 -0.19530847668648 -1.693279504776 -1.2558588981628 -0.16047954559326 0.0026812141295522 0.00012393569340929
0.36884078383446 -0.22553876042366 -1.6742959022522 -1.2442548274994 -0.10887432098389 0.0024089401122183 8.6685831774957e-05
0.37167939543724 -0.25577738881111 -1.654153585434 -1.2332890033722 -0.05828595161438 0.0016169135924429 2.5692243070807e-05
0.37377843260765 -0.28631404042244 -1.6327667236328 -1.2227530479431 -0.0080201625823975 0.00020070723257959 0.00010831189138116
0.37521514296532 -0.31684353947639 -1.610339641571 -1.2126677036285 0.041382789611816 -0.0017674381379038 7.3375842475798e-05
0.37600573897362 -0.34742763638496 -1.5866947174072 -1.2032108306885 0.090316772460938 -0.004285853356123 2.4009388653212e-05
0.37622365355492 -0.37801840901375 -1.5619955062866 -1.1947085857391 0.13841962814331 -0.0068717412650585 2.1318588551367e-05
0.37590989470482 -0.40870502591133 -1.5359544754028 -1.1880147457123 0.18616151809692 -0.0089259557425976 0.00015171767154243
0.37505969405174 -0.43987300992012 -1.5083935260773 -1.1834926605225 0.23352193832397 -0.009642880409956 1.4104851288721e-05
0.37377318739891 -0.47130611538887 -1.4795322418213 -1.1814527511597 0.28002595901489 -0.0092990808188915 -2.6200191314274e-06
0.37203559279442 -0.50311350822449 -1.4492580890656 -1.1812603473663 0.32654809951782 -0.0080454759299755 4.5592500100611e-05
0.36993989348412 -0.53457880020142 -1.4181032180786 -1.1822702884674 0.37212228775024 -0.0064001493155956 2.4183204004657e-05
0.36744889616966 -0.5663731098175 -1.3859014511108 -1.1840028762817 0.41746520996094 -0.0051665715873241 -7.3430846896372e-06
0.36458596587181 -0.59810423851013 -1.3526012897491 -1.1863465309143 0.462965965271 -0.0044100694358349 3.4532356949057e-05
0.36141690611839 -0.62978172302246 -1.3185245990753 -1.1894357204437 0.50773859024048 -0.0037799291312695 3.8461381336674e-05
0.35797938704491 -0.66132211685181 -1.2835278511047 -1.1932849884033 0.55228519439697 -0.0033646039664745 8.8123546447605e-05
0.35427483916283 -0.69286036491394 -1.2475273609161 -1.1979684829712 0.59650468826294 -0.002980750054121 5.7884972193278e-05
0.35031136870384 -0.72474813461304 -1.2104370594025 -1.2036316394806 0.64059686660767 -0.0026700906455517 2.9965278372401e-05
0.3461295068264 -0.75644779205322 -1.1724936962128 -1.2100265026093 0.68427753448486 -0.0023582391440868 1.7916483557201e-05
0.34177693724632 -0.78825402259827 -1.1335220336914 -1.2172737121582 0.72774219512939 -0.0022373609244823 7.8552700870205e-05
0.33721360564232 -0.8205246925354 -1.0933656692505 -1.2255368232727 0.77115201950073 -0.0019777230918407 8.7102434918052e-06
0.33250388503075 -0.85273241996765 -1.0522117614746 -1.2345886230469 0.81445503234863 -0.0019090585410595 2.9537552109105e-05
0.32757434248924 -0.8850302696228 -1.009740114212 -1.2446296215057 0.85785579681396 -0.0017724446952343 6.9903217081446e-05
0.32260140776634 -0.91783022880554 -0.96597695350647 -1.2557384967804 0.9006552696228 -0.0015941075980663 4.563647962641e-05
0.31750735640526 -0.95081257820129 -0.9211003780365 -1.2675766944885 0.94335603713989 -0.0016234330832958 1.0532324267842e-05
0.31227931380272 -0.98444795608521 -0.87435603141785 -1.280684709549 0.98620414733887 -0.001520674675703 4.3374305391808e-07
0.30698117613792 -1.0183207988739 -0.82604908943176 -1.2950212955475 1.0288577079773 -0.0014944486320019 8.3737540990114e-05
0.301652520895 -1.0530502796173 -0.7758572101593 -1.3103637695312 1.0712275505066 -0.0014667920768261 4.0909988456406e-05
0.29621133208275 -1.088840007782 -0.72311615943909 -1.327303647995 1.1137180328369 -0.0014048032462597 1.0435345757287e-05
0.29072055220604 -1.1255724430084 -0.66757822036743 -1.3458111286163 1.1564583778381 -0.0013218335807323 3.5576551454142e-05
0.28524693846703 -1.1637570858002 -0.60863256454468 -1.366302728653 1.1985988616943 -0.0012517385184765 6.9061366957612e-05
0.27974900603294 -1.2037177085876 -0.54526853561401 -1.3890612125397 1.2409944534302 -0.0013788156211376 3.8722380850231e-05
0.27448281645775 -1.1916074752808 -0.57784223556519 -1.3775153160095 1.2536725997925 0.0020467825233936 6.2368162616622e-05
0.26983651518822 -1.1500172615051 -0.66230201721191 -1.3339900970459 1.2485566139221 0.0016805715858936 0.0001138813313446
0.26502618193626 -1.1126863956451 -0.73715591430664 -1.2956020832062 1.2433958053589 0.0014578886330128 1.4799984455749e-05
0.26005086302757 -1.0788435935974 -0.80492162704468 -1.2611346244812 1.2381196022034 0.0012790746986866 9.7346397524234e-05
0.25495108962059 -1.0474317073822 -0.8674304485321 -1.2296221256256 1.2327661514282 0.0011336393654346 4.6831984946039e-05
0.24963912367821 -1.0180976390839 -0.9257538318634 -1.2002606391907 1.2275910377502 0.0010935850441456 5.5726402933942e-05
0.24415788054466 -0.99059224128723 -0.9804835319519 -1.1728892326355 1.2222118377686 0.0010149069130421 5.9719695855165e-06
0.2386380136013 -0.96444010734558 -1.0324378013611 -1.1470041275024 1.2161903381348 0.00083895400166512 0.00010910119453911
0.23281106352806 -0.93943452835083 -1.08180809021 -1.1225340366364 1.2104439735413 0.00092526152729988 6.9612680817954e-05
0.22687062621117 -0.91519379615784 -1.129031419754 -1.0992121696472 1.2042999267578 0.00096197798848152 7.8986398875713e-05
0.22070035338402 -0.89228630065918 -1.174370765686 -1.0768747329712 1.1982274055481 0.00085421279072762 -1.0289765668858e-05
0.21441897749901 -0.86994028091431 -1.2179741859436 -1.0555005073547 1.1916646957397 0.00082035735249519 0.00011630837252596
0.20786628127098 -0.84826993942261 -1.2600102424622 -1.0349822044373 1.1851806640625 0.00081845000386238 0.00010017179010902
0.20109423995018 -0.82730340957642 -1.3006937503815 -1.0151579380035 1.1783876419067 0.00059910491108894 -2.943567778857e-06
0.19407185912132 -0.80694389343262 -1.3400273323059 -0.99600172042847 1.1715970039368 0.00073738768696785 -1.1671241736622e-05
0.18697223067284 -0.78716969490051 -1.3781974315643 -0.9777410030365 1.164167881012 0.00078077986836433 4.9879690777743e-05
0.17942532896996 -0.76800775527954 -1.415176153183 -0.96020817756653 1.1569428443909 0.00080080702900887 2.9457882192219e-05
0.17175349593163 -0.74915242195129 -1.4512479305267 -0.94277620315552 1.1492199897766 0.00080271437764168 3.0135857741698e-05
0.16377839446068 -0.730797290802 -1.4863419532776 -0.92610740661621 1.1412692070007 0.00080462172627449 5.4605723562418e-05
0.15547236800194 -0.71280980110168 -1.5205161571503 -0.90977025032043 1.1333155632019 0.0010392256081104 -3.9812723116484e-05
0.14698562026024 -0.69524908065796 -1.5538125038147 -0.89417719841003 1.1246285438538 0.00096436217427254 4.9925271014217e-05
0.13815316557884 -0.67815160751343 -1.5861103534698 -0.87936639785767 1.1159524917603 0.0011107511818409 2.421631688776e-05
0.12899979948997 -0.66132283210754 -1.6178216934204 -0.8644859790802 1.1067972183228 0.0011097975075245 2.1908073904342e-05
0.11954411864281 -0.64481830596924 -1.6487607955933 -0.85005521774292 1.0974698066711 0.0011069364845753 3.7288758903742e-05
0.10973605513573 -0.62857794761658 -1.6789498329163 -0.83606624603271 1.0877323150635 0.0010702200233936 5.4643420298817e-05
0.099593728780746 -0.61264705657959 -1.7084679603577 -0.82241415977478 1.0774745941162 0.0011059828102589 2.9232312954264e-05
0.088994592428207 -0.59707617759705 -1.7372753620148 -0.80905842781067 1.0669941902161 0.0010821409523487 -2.0896908608847e-05
0.078062623739243 -0.58176016807556 -1.7654221057892 -0.79621171951294 1.0560092926025 0.0011131353676319 7.2998204814212e-07
0.066791623830795 -0.56673860549927 -1.7929124832153 -0.78374052047729 1.0444850921631 0.0010129995644093 9.2722875706386e-05
0.054983705282211 -0.55205035209656 -1.8196861743927 -0.77163004875183 1.0328183174133 0.0011899061501026 8.6322215793189e-05
0.042852491140366 -0.53755736351013 -1.8459243774414 -0.75986742973328 1.0202989578247 0.0011260099709034 5.0565759011079e-05
0.030109018087387 -0.5234694480896 -1.8713059425354 -0.74863648414612 1.0080528259277 0.0011584348976612 -1.5205836461973e-05
0.016886323690414 -0.50962615013123 -1.8961036205292 -0.73765850067139 0.99493598937988 0.0011798925697803 3.5187029425288e-05
0.003272145986557 -0.49602794647217 -1.9203174114227 -0.72709703445435 0.98112916946411 0.0010826177895069 1.3789041986456e-05
-0.010935217142105 -0.48272371292114 -1.9438960552216 -0.71677803993225 0.96679544448853 0.0012061186134815 6.0193666286068e-05
-0.025790125131607 -0.46976327896118 -1.9667360782623 -0.70689511299133 0.95229721069336 0.0011722631752491 2.403370126558e-05
-0.041025072336197 -0.45659875869751 -1.9893498420715 -0.69624042510986 0.93648862838745 0.0010268278419971 4.8443096602568e-05
-0.057026773691177 -0.44465065002441 -2.0105555057526 -0.68816804885864 0.92066669464111 0.001341063529253 0.00013627322914544
-0.073618561029434 -0.43252968788147 -2.0315222740173 -0.67939805984497 0.90400505065918 0.0012642927467823 9.7793017630465e-05
-0.090906053781509 -0.4208071231842 -2.0516772270203 -0.6708824634552 0.88694524765015 0.0012690611183643 1.8750191884465e-05
-0.10895958542824 -0.40964818000793 -2.0708725452423 -0.66335988044739 0.86950063705444 0.0014612264931202 4.2118510464206e-05
-0.12743130326271 -0.39834260940552 -2.0898988246918 -0.65530109405518 0.85042381286621 0.0014884062111378 -1.1135010936414e-05
-0.14693680405617 -0.38780736923218 -2.1077027320862 -0.64810180664062 0.83168268203735 0.0013281889259815 5.2458581194514e-05
