5.5555801736773e-07 -6.4267400290419e-09 0.91483920812607
8.3091771330146e-07 3.9469105672651e-07 0.91483944654465
6.3423004803553e-07 5.2999791932962e-07 0.91483944654465
7.3606207706689e-07 3.3782222885748e-07 0.91483944654465
6.3045837350728e-07 9.6702706287033e-07 0.91483938694
7.1807164658821e-07 1.2233523420946e-06 0.91483950614929
9.9980752565898e-07 2.8315204758655e-07 0.91483956575394
1.1645594213405e-06 6.1864204781159e-07 0.91483950614929
1.3034914445598e-06 2.7691530135598e-07 0.91483968496323
9.1866564844167e-07 5.3204894356895e-07 0.91483980417252
9.14412282782e-07 4.0145849311557e-07 0.91483968496323
6.2077026541374e-07 8.097869113044e-07 0.91483974456787
6.1360952940959e-07 5.7044701406994e-07 0.91483998298645
1.0527609219935e-06 1.3208907603257e-06 0.91484010219574
1.3857568319509e-06 1.5551751175735e-06 0.91484028100967
1.2188038454042e-06 1.4349402590597e-06 0.91484028100967
9.0253502094129e-07 1.4425764902626e-06 0.91484051942825
1.0001828059103e-06 1.6157814570761e-06 0.91484063863754
5.654053438775e-07 9.9334556580288e-07 0.91484069824219
2.8621141723306e-07 1.11381075385e-06 0.91484069824219
3.0782140925112e-07 7.0086173309392e-07 0.91484063863754
7.7147888077889e-07 7.6126463000037e-07 0.91484075784683
7.1732273454472e-07 9.9301746558922e-07 0.91484081745148
6.2343599438464e-07 8.78479511357e-07 0.91484099626541
1.6274233871627e-07 1.2778053815055e-06 0.91484117507935
3.4819777283701e-07 1.6540925571462e-06 0.91484087705612
2.3016676209409e-07 1.737736852192e-06 0.91484093666077
4.6770159656262e-07 1.1499264473969e-06 0.91484105587006
5.6437829698552e-07 1.0533857448536e-06 0.91484129428864
6.50956451409e-07 1.3603682873509e-06 0.91484135389328
7.1296790338238e-07 1.5671480468882e-06 0.91484141349792
7.6683221550411e-07 1.8193679807155e-06 0.91484153270721
9.6518988357275e-07 1.6786243577371e-06 0.91484153270721
1.114433530347e-06 1.4629490578955e-06 0.91484153270721
1.2314220612097e-06 1.5679752323194e-06 0.91484153270721
8.8705513690002e-07 1.3563665106631e-06 0.91484153270721
9.3791084054828e-07 1.7666789062787e-06 0.91484159231186
1.8705097772909e-06 1.8597264670461e-06 0.91484171152115
1.8928326426249e-06 1.9313586108183e-06 0.91484171152115
1.8145133253711e-06 1.9220187823521e-06 0.91484147310257
1.6046035398176e-06 1.7415086404071e-06 0.91484141349792
1.8473739373803e-06 2.2965641619521e-06 0.91484147310257
1.732278064992e-06 2.3531156330137e-06 0.91484159231186
1.8742014162854e-06 2.0736190435855e-06 0.91484171152115
1.8378256072538e-06 2.4532064344385e-06 0.91484177112579
1.6425869944214e-06 3.0147277811921e-06 0.91484200954437
1.8533698948886e-06 2.9064549380564e-06 0.91484189033508
1.4610210428145e-06 2.8041106361343e-06 0.91484189033508
1.0691114766814e-06 2.5981591988966e-06 0.91484177112579
1.4381976143341e-06 2.6114573756786e-06 0.91484194993973
1.2542013791972e-06 2.4690477857803e-06 0.91484200954437
1.0507412753213e-06 2.5003639620991e-06 0.91484212875366
1.0041770792668e-06 2.4278947421408e-06 0.91484236717224
7.6907753054911e-07 2.1985081275488e-06 0.91484218835831
8.2434974046919e-07 2.1945570551907e-06 0.91484242677689
1.7820165112425e-06 2.4897929051804e-06 0.9148423075676
2.0051079445693e-06 2.4890789518395e-06 0.91484242677689
1.9472356598271e-06 2.1805724372825e-06 0.91484236717224
2.1784242107969e-06 2.3769432573317e-06 0.9148423075676
2.3224918095366e-06 2.4402261260548e-06 0.91484254598618
2.7139431040268e-06 2.3168672669271e-06 0.91484254598618
2.5040797027032e-06 2.2165133941598e-06 0.91484272480011
2.4449773263768e-06 1.9800854715868e-06 0.91484272480011
2.1931284663879e-06 1.8654321820577e-06 0.91484278440475
2.2493368305732e-06 1.6013644881241e-06 0.9148428440094
2.4483961169608e-06 1.7051899021681e-06 0.91484278440475
-0.0030280095525086 0.0089139742776752 0.91498267650604
-0.0069154123775661 0.020221745595336 0.91513532400131
-0.010633623227477 0.031790513545275 0.91530334949493
-0.01516018807888 0.042656946927309 0.91539835929871
-0.021652648225427 0.052296463400126 0.91542148590088
-0.028090381994843 0.061901051551104 0.91540360450745
-0.034524437040091 0.071578904986382 0.91538614034653
-0.041044846177101 0.081135168671608 0.91539108753204
-0.047556024044752 0.090740129351616 0.91542625427246
-0.054049257189035 0.10028528422117 0.9154344201088
-0.060649946331978 0.10983970016241 0.91540563106537
-0.067087806761265 0.11941406130791 0.91540092229843
-0.073426067829132 0.12908639013767 0.91534835100174
-0.079844489693642 0.13881772756577 0.9154155254364
-0.086419157683849 0.14833250641823 0.91542965173721
-0.092811830341816 0.15803064405918 0.91546285152435
-0.099356196820736 0.16747143864632 0.9155347943306
-0.10570818930864 0.17727339267731 0.91566652059555
-0.11219717562199 0.18683618307114 0.91569805145264
-0.11863246560097 0.19649410247803 0.91574543714523
-0.12515623867512 0.20602078735828 0.91577881574631
-0.13150832056999 0.21576665341854 0.91585171222687
-0.13809141516685 0.22521580755711 0.91572046279907
-0.14473126828671 0.23457580804825 0.9157532453537
-0.15110048651695 0.24443405866623 0.91569495201111
-0.15757922828197 0.25403729081154 0.91576117277145
-0.16410477459431 0.2636176943779 0.91567015647888
-0.17063076794147 0.27315333485603 0.9156773686409
-0.17717412114143 0.28267666697502 0.91548317670822
