-0.0061300061643124 0.074452608823776 1.2795082330704 0.0026150669436902 6.8343797465786e-05 3.1312265396118 5.7925935834646e-05
-0.0040573813021183 0.084043920040131 1.2612644433975 0.002494131680578 7.654438377358e-06 3.1247403621674 6.5787731728051e-05
-0.0019669141620398 0.093663275241852 1.243038892746 0.0023338657338172 -9.4756342150504e-06 3.1185576915741 1.0995790944435e-06
0.00012669991701841 0.10325637459755 1.2247912883759 0.0024526030756533 -0.00015430593339261 3.1126446723938 -2.0072342522326e-05
0.0021916665136814 0.11284947395325 1.206542134285 0.0024348173756152 -0.00013397417205852 3.1059792041779 2.8895085051772e-05
0.0042686350643635 0.12244522571564 1.1883219480515 0.0023368778638542 -0.00023559542023577 3.0993640422821 0.00014591898070648
0.0063630752265453 0.13205441832542 1.1700743436813 0.0023807680699974 -0.00019143681856804 3.0937767028809 6.2989027355798e-05
0.0084294900298119 0.14166356623173 1.1518499851227 0.0022389974910766 -0.00028866928187199 3.0876886844635 -1.2781217265001e-05
0.010518306866288 0.15127499401569 1.1336114406586 0.0023626182228327 -0.00037434173282236 3.0818631649017 3.4768650948536e-05
0.012601444497705 0.1608692407608 1.1153619289398 0.0022458625026047 -0.00018067483324558 3.0753607749939 3.935409404221e-05
0.01466653496027 0.17046046257019 1.0971238613129 0.0023971146438271 -0.00024400564143434 3.0689687728882 7.0177738962229e-06
0.016776582226157 0.18006284534931 1.0788900852203 0.0024121282622218 -0.00032620874117129 3.0637979507446 8.661049832881e-06
0.01885960996151 0.18967597186565 1.0606491565704 0.0024597961455584 -0.00039665104122832 3.0582160949707 1.3542671695177e-05
0.020909920334816 0.19926272332668 1.0424152612686 0.0025514680892229 -0.0004937561461702 3.0524821281433 -3.0210248951335e-05
0.023001659661531 0.20885659754276 1.0241767168045 0.0028124209493399 -0.00060038705123588 3.0472638607025 3.1451643280889e-06
0.025076769292355 0.2184579372406 1.0059394836426 0.0030290472786874 -0.0005987212061882 3.0427858829498 3.2979449315462e-05
0.027162402868271 0.22806589305401 0.98769497871399 0.0032506959978491 -0.00087957055075094 3.0400879383087 8.6780099081807e-05
0.029249642044306 0.23766918480396 0.96946895122528 0.003164385445416 -0.0010334344115108 3.0399193763733 3.3293911201326e-06
0.03130391985178 0.24724724888802 0.95122504234314 0.0022668207529932 -0.0010617622174323 3.047699213028 1.8399530745228e-05
0.030374776571989 0.23901584744453 0.95000040531158 0.0063145351596177 -0.0015540029853582 2.9959735870361 -0.0071017919108272
0.029195122420788 0.22940465807915 0.94999754428864 0.0058117159642279 -0.0014346537645906 2.9985466003418 -0.01304978877306
0.027960997074842 0.21980363130569 0.94999414682388 0.0040531298145652 -0.00088574405526742 3.004561662674 -0.019298216328025
0.02671330794692 0.21019543707371 0.9499905705452 0.0026400927454233 -0.00054634368279949 3.0078108310699 -0.025811638683081
0.0254747569561 0.20059010386467 0.94999277591705 0.0018470193026587 -0.0003639260539785 3.0096147060394 -0.0322011038661
0.024272877722979 0.1909911185503 0.94998872280121 0.0012358969543129 -0.00021427377942018 3.011257648468 -0.03860179707408
0.023064445704222 0.18139007687569 0.94998896121979 0.00081137008965015 -7.8254932304844e-05 3.0118947029114 -0.045244622975588
0.021830577403307 0.17179924249649 0.94998508691788 0.00060592807130888 -0.00010573873441899 3.0125782489777 -0.051693916320801
0.020606130361557 0.16219817101955 0.94998317956924 0.00031346891773865 -1.3664874131791e-05 3.0130476951599 -0.057985730469227
0.019405134022236 0.15260207653046 0.94998753070831 0.000123576115584 -9.3012567958795e-06 3.0134663581848 -0.064333118498325
0.018167890608311 0.14299957454205 0.94997918605804 9.3234295491129e-05 9.0488472778816e-05 3.0136985778809 -0.070612601935863
0.016944978386164 0.13339024782181 0.94998526573181 -0.00019061812781729 9.0875968453474e-05 3.013599395752 -0.076891466975212
0.015724416822195 0.12379857897758 0.94997882843018 -0.00032962247496471 0.00011439183435868 3.0130395889282 -0.083337277173996
0.014525387436152 0.11421447992325 0.9500093460083 -0.00066996394889429 0.0001566452847328 3.0138010978699 -0.08869557082653
0.013289390131831 0.10459022223949 0.95002502202988 -0.00088015873916447 5.3699553973274e-05 3.0136377811432 -0.093723647296429
0.012086268514395 0.095017522573471 0.9500008225441 -0.00067649630364031 0.00014325499068946 3.0138344764709 -0.098458401858807
0.011347441002727 0.089299753308296 0.96670120954514 -0.0099909147247672 0.0020715028513223 3.0154669284821 -0.101143412292
0.011349100619555 0.089276999235153 1.0146280527115 -0.010010553523898 0.0023416606709361 3.0152826309204 -0.10276843607426
0.011335887014866 0.089267879724503 1.0626255273819 -0.0085439896211028 0.0021181476768106 3.0151233673096 -0.10406856238842
0.011329485103488 0.089254125952721 1.1105961799622 -0.0065477811731398 0.0018387605668977 3.0149700641632 -0.1057461053133
0.011359291151166 0.089263424277306 1.1586318016052 -0.0061808321624994 0.0014664087211713 3.0152740478516 -0.10730375349522
0.01134591922164 0.089237242937088 1.2066378593445 -0.0063418406061828 0.0014470622409135 3.0152077674866 -0.10873975604773
