0.018888328224421 0.28209158778191 -1.8474035263062 -1.578807592392 -1.5413949489594 0.00010343246685807 5.7925935834646e-05
0.030434940010309 0.30813309550285 -1.911767244339 -1.5404169559479 -1.5235986709595 0.00014348677359521 6.5787731728051e-05
0.042966220527887 0.33317705988884 -1.9748413562775 -1.5022394657135 -1.5048096179962 0.00026508024893701 1.0995790944435e-06
0.056415889412165 0.35706469416618 -2.0366570949554 -1.4643604755402 -1.4852073192596 0.00032993010245264 -2.0072342522326e-05
0.071186870336533 0.3800148665905 -2.0974988937378 -1.4264526367188 -1.4640333652496 0.00029035261832178 2.8895085051772e-05
0.087373584508896 0.40202328562737 -2.1574287414551 -1.3884575366974 -1.4414024353027 0.0003861968871206 0.00014591898070648
0.10479721426964 0.422945946455 -2.2165751457214 -1.3502132892609 -1.4182081222534 0.00049777678214014 6.2989027355798e-05
0.12426170706749 0.44287154078484 -2.2750685214996 -1.3116080760956 -1.3925087451935 0.0005540435668081 -1.2781217265001e-05
0.1456855237484 0.46167609095573 -2.3329880237579 -1.2725775241852 -1.3650987148285 0.00064941099844873 3.4768650948536e-05
0.16978248953819 0.47938486933708 -2.3905560970306 -1.2327210903168 -1.3347585201263 0.00069471052847803 3.935409404221e-05
0.19671806693077 0.49588057398796 -2.4477913379669 -1.1920580863953 -1.301905632019 0.00080724409781396 7.0177738962229e-06
0.22730383276939 0.51110410690308 -2.5048568248749 -1.1503522396088 -1.2655503749847 0.00097270659171045 8.661049832881e-06
0.26225504279137 0.52501153945923 -2.5619893074036 -1.1072719097137 -1.225163936615 0.0011906211730093 1.3542671695177e-05
0.30291923880577 0.53756427764893 -2.6193745136261 -1.062570810318 -1.1789617538452 0.0014185493346304 -3.0210248951335e-05
0.35100254416466 0.54887723922729 -2.6772894859314 -1.0162696838379 -1.1257166862488 0.00169463804923 3.1451643280889e-06
0.40857109427452 0.55929946899414 -2.7361924648285 -0.96809720993042 -1.06387591362 0.0020846908446401 3.2979449315462e-05
0.48006328940392 0.5701322555542 -2.7967641353607 -0.9188072681427 -0.98917102813721 0.0026626174803823 8.6780099081807e-05
0.57208716869354 0.58565282821655 -2.8602533340454 -0.8711142539978 -0.89692759513855 0.0032658164855093 3.3293911201326e-06
0.69593131542206 0.62020397186279 -2.928861618042 -0.83615255355835 -0.78116774559021 0.0031647272408009 1.8399530745228e-05
0.66779744625092 0.50772380828857 -2.911027431488 -0.74776124954224 -0.75736451148987 0.007634598761797 -0.0071017919108272
0.5651353597641 0.39443302154541 -2.8814973831177 -0.66231942176819 -0.86192107200623 0.0057224817574024 -0.01304978877306
0.48612201213837 0.313063621521 -2.8531637191772 -0.60643458366394 -0.94751930236816 0.003244835883379 -0.019298216328025
0.42766225337982 0.25053405761719 -2.8255889415741 -0.56970310211182 -1.0095520019531 0.001970250159502 -0.025811638683081
0.38183963298798 0.19944953918457 -2.7984991073608 -0.54462695121765 -1.0571985244751 0.0012054033577442 -0.0322011038661
0.34405410289764 0.15590906143188 -2.771735906601 -0.52711606025696 -1.0963351726532 0.00076242163777351 -0.03860179707408
0.3122843503952 0.11781072616577 -2.7452466487885 -0.51503801345825 -1.1290416717529 0.00043483451008797 -0.045244622975588
0.28499686717987 0.083690643310547 -2.718935251236 -0.50690650939941 -1.1568372249603 0.00025411322712898 -0.051693916320801
0.26123511791229 0.052631855010986 -2.6927835941315 -0.50172805786133 -1.1809592247009 0.00013967230916023 -0.057985730469227
0.24023997783661 0.024006843566895 -2.6667687892914 -0.49890899658203 -1.2024641036987 6.0517340898514e-05 -0.064333118498325
0.22156655788422 -0.00270676612854 -2.6407904624939 -0.49804735183716 -1.2213053703308 -6.2506645917892e-05 -0.070612601935863
0.20510232448578 -0.027813911437988 -2.6149263381958 -0.49860548973083 -1.2375183105469 -0.00011233612895012 -0.076891466975212
0.19016015529633 -0.051620721817017 -2.5891072750092 -0.50045108795166 -1.2522661685944 -0.00015882775187492 -0.083337277173996
0.1762570142746 -0.074424266815186 -2.563134431839 -0.50368905067444 -1.2665133476257 -0.00013331696391106 -0.08869557082653
0.16383111476898 -0.0962233543396 -2.5372626781464 -0.50774478912354 -1.2788610458374 -8.7302178144455e-05 -0.093723647296429
0.15223729610443 -0.11716294288635 -2.5114281177521 -0.51253628730774 -1.2908365726471 -8.7063759565353e-05 -0.098458401858807
0.14519536495209 -0.075874328613281 -2.4848694801331 -0.56983971595764 -1.2991952896118 -0.0035982541739941 -0.101143412292
0.1451643705368 0.063123464584351 -2.4302666187286 -0.76328039169312 -1.299218416214 -0.0038514547049999 -0.10276843607426
0.14514338970184 0.17105412483215 -2.3583717346191 -0.9448516368866 -1.2992978096008 -0.0033231191337109 -0.10406856238842
0.1451815366745 0.24916481971741 -2.2730495929718 -1.1098299026489 -1.299147605896 -0.002882044762373 -0.1057461053133
0.14527785778046 0.30181002616882 -2.1768355369568 -1.2591991424561 -1.2990005016327 -0.002703707665205 -0.10730375349522
0.14517390727997 0.33263421058655 -2.0708048343658 -1.3965983390808 -1.2992837429047 -0.0024555139243603 -0.10873975604773
