-2.8857249390057e-07 2.6423579768675e-08 0.91483891010284
-1.718433111364e-07 6.061521276024e-07 0.91483879089355
-6.4576676095385e-07 7.6854252029079e-07 0.91483896970749
-7.669931392229e-07 7.7814820542699e-07 0.91483896970749
-9.6005442173919e-07 1.04079765606e-06 0.91483908891678
-9.2939131945968e-07 9.2964171471976e-07 0.91483914852142
-1.354662799713e-06 1.2530407502709e-06 0.91483938694
-1.4107869219515e-06 7.201071525742e-07 0.91483950614929
-1.6228776757998e-06 7.8754408150417e-07 0.91483938694
-1.7224791690751e-06 8.3697000263783e-07 0.91483956575394
-1.6116556480483e-06 4.5072906118548e-07 0.91483944654465
-1.8113011037713e-06 4.3298246055201e-07 0.91483932733536
-1.7784595911507e-06 5.2276487849667e-07 0.91483938694
-1.941454002008e-06 7.0867662316232e-07 0.91483938694
-1.7763275081961e-06 6.7221412791696e-07 0.91483914852142
-2.288762061653e-06 5.1496402875273e-07 0.91483920812607
-2.3915310976008e-06 7.1890752906256e-07 0.91483944654465
-2.2252693270275e-06 8.2949242141694e-07 0.91483944654465
-1.9983201582363e-06 1.0683635309761e-06 0.91483962535858
-2.1918510810792e-06 8.3292388808331e-07 0.91483968496323
-2.1263590497256e-06 7.4331933319627e-07 0.91483962535858
-2.1739895146311e-06 7.6962288630966e-07 0.91483938694
-2.2026772512618e-06 6.3244868897527e-07 0.91483944654465
-2.1188382106629e-06 4.8234971927741e-07 0.91483944654465
-2.165774731111e-06 7.4517151915643e-07 0.91483950614929
-1.9797619188466e-06 1.0292322940586e-06 0.91483956575394
-2.399644927209e-06 1.0684253766158e-06 0.91483950614929
-2.4596804450994e-06 8.9266319491799e-07 0.91483962535858
-2.6105897177331e-06 8.7727931941117e-07 0.91483992338181
-2.3175127807917e-06 9.5708014669071e-07 0.91483998298645
-2.1765170004073e-06 1.006842580864e-06 0.91484016180038
-2.1927023681201e-06 1.2325630223131e-06 0.91484022140503
-0.00028000253951177 -0.0018829338951036 0.91544008255005
-0.00073982449248433 -0.0046539735049009 0.91699522733688
-0.0012725060805678 -0.0076308040879667 0.91855424642563
-0.0012096735881642 -0.010300692170858 0.93590664863586
-0.00095893727848306 -0.0094185620546341 0.98316395282745
-0.00082193367416039 -0.0085824448615313 1.0302436351776
-0.00068988278508186 -0.0073152394033968 1.0768675804138
-0.00058907660422847 -0.0060583506710827 1.1235346794128
-0.00061439367709681 -0.0051155439577997 1.17027759552
