-0.027298260480165 0.061956092715263 1.2830896377563 0.0020722863264382 0.00035392036079429 -3.0597498416901 4.9782269343268e-05
-0.036635961383581 0.064820200204849 1.2668725252151 0.0020674816332757 0.00040412595262751 -3.0116927623749 -5.1138131311745e-06
-0.045995905995369 0.067645147442818 1.2506120204926 0.0021452507935464 0.00050142756663263 -2.9638245105743 1.3143017895345e-05
-0.055373631417751 0.070489168167114 1.2343642711639 0.002183206146583 0.00070504593895748 -2.9159326553345 2.4210554329329e-05
-0.064696550369263 0.073352739214897 1.2181068658829 0.0022422769106925 0.00098114111460745 -2.8667395114899 -2.2643567717751e-05
-0.074064537882805 0.076175689697266 1.2018630504608 0.0023173806257546 0.0011069249594584 -2.8187518119812 4.3828556954395e-05
-0.083428278565407 0.079014524817467 1.1856155395508 0.0023767498787493 0.0014085073489696 -2.770849943161 -1.9228858946008e-05
-0.092775896191597 0.081865429878235 1.1693472862244 0.0025322914589196 0.0016604663105682 -2.7222647666931 9.3531692982651e-05
-0.10212214291096 0.08472253382206 1.1531158685684 0.0025164894759655 0.0018658762564883 -2.6736943721771 -1.1524960427778e-05
-0.11149255931377 0.087557539343834 1.1368713378906 0.0027474141679704 0.0019631560426205 -2.6256341934204 1.5588972019032e-05
-0.12086540460587 0.090388879179955 1.1206057071686 0.0028916108421981 0.0022161498200148 -2.5779945850372 4.0146136598196e-05
-0.1301893144846 0.093234807252884 1.1043727397919 0.0029892637394369 0.0024453271180391 -2.5298099517822 0.00010308362107025
-0.1395615786314 0.096056468784809 1.0880920886993 0.0030098992865533 0.0028087617829442 -2.4815111160278 4.2840285459533e-05
-0.14890751242638 0.098894938826561 1.0718550682068 0.0028977887704968 0.0027981163002551 -2.4332356452942 1.353882339572e-07
-0.15826041996479 0.10174103826284 1.0556212663651 0.0028809641953558 0.0027633889112622 -2.385333776474 6.618117186008e-05
-0.16760052740574 0.1046137958765 1.0393662452698 0.0021682623773813 0.0022887380328029 -2.3366651535034 6.6244365370949e-06
-0.1769442409277 0.10744655877352 1.0230982303619 0.0010666660964489 0.0010835888097063 -2.2884798049927 -9.9149056040915e-06
-0.18631257116795 0.11027154326439 1.0068616867065 -0.00063723919447511 -0.00086842069867998 -2.2413153648376 3.6369659937918e-05
-0.19565783441067 0.11312567442656 0.99060100317001 -0.0024865381419659 -0.0034896372817457 -2.193347454071 6.9944762799423e-05
-0.20500108599663 0.11597719788551 0.9743400812149 -0.004205510020256 -0.0055031604133546 -2.1448364257812 5.4727570386603e-06
-0.2143759727478 0.11878523230553 0.95809018611908 -0.0043241404928267 -0.0060289762914181 -2.09716796875 1.0424559150124e-05
-0.21446491777897 0.1177255064249 0.94994258880615 -0.0031211425084621 -0.0046621928922832 -2.0718021392822 6.080048478907e-06
-0.20489963889122 0.11241914331913 0.94992178678513 -0.0019984275568277 -0.0037698114756495 -2.0722851753235 4.4205335143488e-06
-0.19529885053635 0.1071635261178 0.94992989301682 -0.0017610781360418 -0.0030192560516298 -2.0723485946655 1.3120766197972e-05
-0.18569932878017 0.1019052118063 0.94993507862091 -0.0015145865036175 -0.0028508687391877 -2.0718312263489 -2.9477410862455e-05
-0.17610131204128 0.096657626330853 0.94993197917938 -0.0013861736515537 -0.0026318544987589 -2.0717744827271 -3.3186202017532e-06
-0.16649480164051 0.091372355818748 0.94991081953049 -0.0011685889912769 -0.0024821816477925 -2.0721530914307 9.2954229330644e-05
-0.15688452124596 0.086128987371922 0.94993019104004 -0.00098563858773559 -0.0021842194255441 -2.0715761184692 5.7618366554379e-05
-0.14729279279709 0.080844983458519 0.94995301961899 -0.00080284936120734 -0.0019561452791095 -2.0719437599182 1.2053275895596e-05
-0.13769149780273 0.075579605996609 0.94992506504059 -0.00069974618963897 -0.001608427381143 -2.0720443725586 7.5113784987479e-05
-0.12809628248215 0.070314392447472 0.9499244093895 -0.00033559929579496 -0.0011891995090991 -2.071626663208 2.1852383724763e-05
-0.11850193887949 0.06502540409565 0.94993376731873 -4.427188741829e-06 -0.00079316983465105 -2.0716269016266 7.3676587817317e-06
-0.10889814049006 0.059750605374575 0.94993948936462 0.00041464480455033 -7.46340083424e-05 -2.071102142334 8.0106241512112e-05
-0.099304966628551 0.054518301039934 0.94994175434113 0.0007659996044822 0.00076380569953471 -2.0713593959808 7.2389377692161e-07
-0.089707978069782 0.049232378602028 0.94993031024933 0.0011384270619601 0.0017870287410915 -2.0719711780548 5.7189212384401e-05
-0.08009272813797 0.043970584869385 0.94993478059769 0.001597989583388 0.0026683092582971 -2.0717580318451 3.6144549085293e-05
-0.070525906980038 0.038706738501787 0.94999039173126 0.0019010590622202 0.0034596691839397 -2.0719795227051 4.4668693590211e-05
-0.060919135808945 0.033459100872278 0.94998180866241 0.0020265015773475 0.0041455221362412 -2.0719842910767 3.2271145755658e-05
-0.051316298544407 0.028145307675004 0.94995123147964 0.0022343788295984 0.0043817861005664 -2.0722835063934 -1.3401547221292e-05
-0.041755296289921 0.022921914234757 0.94995039701462 0.0021944784093648 0.0042623383924365 -2.0718574523926 2.9531938707805e-05
-0.032134413719177 0.017642438411713 0.94995266199112 0.0018958575092256 0.0038295206613839 -2.0715932846069 -4.9357222451363e-05
-0.022532589733601 0.012360256165266 0.94994986057281 0.0016835400601849 0.0032027899287641 -2.0722875595093 4.7138096306298e-06
-0.012928582727909 0.0070791244506836 0.94994443655014 0.0012026280164719 0.0022843515034765 -2.0724382400513 -1.6723412045394e-05
-0.0033203065395355 0.0018804520368576 0.94994050264359 0.00077859009616077 0.0015044495230541 -2.0712196826935 -1.0571371603874e-05
0.0062686055898666 -0.0034114979207516 0.9499340057373 0.00063771236455068 0.0010427772067487 -2.0707921981812 2.2862373953103e-05
0.015869334340096 -0.008681146427989 0.94995474815369 0.00035960762761533 0.00052545295329764 -2.0712649822235 0.00011963368888246
0.025468938052654 -0.013976205140352 0.94995582103729 0.00016883040370885 0.00012671359581873 -2.0720362663269 5.4371459555114e-05
0.035077832639217 -0.019219540059566 0.94993811845779 0.00016854575369507 -0.000263930298388 -2.0712985992432 -2.4255643893412e-06
0.044673033058643 -0.024488929659128 0.94994825124741 -2.367045453866e-05 -0.00046239720541053 -2.0714678764343 2.5300831111963e-05
0.054270803928375 -0.029744777828455 0.94992566108704 4.2239884351147e-05 -0.00065143214305863 -2.0714430809021 -2.1531755919568e-05
0.063863560557365 -0.035041965544224 0.94994133710861 -0.00019044100190513 -0.00074122933438048 -2.0716214179993 8.3069207903463e-05
0.073467895388603 -0.040317472070456 0.94994825124741 -0.00018186695524491 -0.00095206429250538 -2.0715606212616 3.5837183531839e-05
0.083071328699589 -0.045568574219942 0.94993370771408 -0.00026568645262159 -0.00085265911184251 -2.0719971656799 1.6214718925767e-05
0.092661552131176 -0.050827417522669 0.9499214887619 -0.00030077691189945 -0.0010652418714017 -2.0711793899536 3.5054516047239e-05
0.10225500166416 -0.056072566658258 0.94990867376328 -0.00029033867758699 -0.0012566841905937 -2.0712728500366 1.455031997466e-05
0.11186097562313 -0.061352666467428 0.94993835687637 -0.00054073409410194 -0.001200248952955 -2.0713095664978 -1.5937543139444e-05
0.1214387267828 -0.066611923277378 0.94995176792145 -0.00037471219548024 -0.0013319440186024 -2.0711874961853 5.3227977332426e-05
0.13104462623596 -0.071899801492691 0.94989460706711 -0.00045536208199337 -0.0013342917663977 -2.0715727806091 -9.9901744761155e-06
0.14064410328865 -0.077151238918304 0.9499049782753 -0.00045055037480779 -0.0013738024281338 -2.0716376304626 5.8198925216857e-06
0.15027056634426 -0.082427784800529 0.94990164041519 -0.00042528510675766 -0.0014115252997726 -2.0715484619141 6.4843407017179e-05
0.15984216332436 -0.087697312235832 0.94990617036819 -0.00042686186498031 -0.0013790598604828 -2.0721395015717 4.5889566536061e-05
0.16943317651749 -0.092944920063019 0.94989407062531 -0.00022836808057036 -0.0013629671884701 -2.0718684196472 0.00010711912909755
0.17904219031334 -0.098233103752136 0.94990479946136 -0.0003801608690992 -0.0014467197470367 -2.0716662406921 1.5599816833856e-05
0.18864703178406 -0.10348477959633 0.94988399744034 -0.00035135599318892 -0.0013521909713745 -2.0716943740845 -8.9586301328382e-06
0.19825646281242 -0.10875953733921 0.94988977909088 -0.00064587331144139 -0.0014179687714204 -2.0718908309937 4.4657030230155e-05
0.2078592479229 -0.11403869092464 0.94991326332092 -0.00047098347567953 -0.0013845856301486 -2.0721890926361 3.8560963730561e-05
0.21743939816952 -0.11932115256786 0.94987636804581 -0.00040168789564632 -0.0013846387155354 -2.0720248222351 4.5012231566943e-05
