-0.093325048685074 0.2178735435009 -1.7913937568665 -1.5701611042023 -1.745760679245 -0.00039676972664893 4.9782269343268e-05
-0.14451137185097 0.20424124598503 -1.822247505188 -1.525675535202 -1.8451232910156 -0.00075558968819678 -5.1138131311745e-06
-0.19452348351479 0.18630930781364 -1.8496451377869 -1.4806015491486 -1.943332195282 -0.0010104591492563 1.3143017895345e-05
-0.24279990792274 0.16460177302361 -1.8737435340881 -1.4349141120911 -2.0394942760468 -0.0013132507447153 2.4210554329329e-05
-0.28946557641029 0.13894459605217 -1.8943207263947 -1.388947725296 -2.1347763538361 -0.0017347747925669 -2.2643567717751e-05
-0.33389368653297 0.10981366038322 -1.9115085601807 -1.3429734706879 -2.2272136211395 -0.0021963531617075 4.3828556954395e-05
-0.37621393799782 0.077423542737961 -1.9252512454987 -1.2972726821899 -2.3177735805511 -0.0028393680695444 -1.9228858946008e-05
-0.41626897454262 0.041946858167648 -1.9355156421661 -1.2522027492523 -2.4062097072601 -0.0035467559937388 9.3531692982651e-05
-0.4539774954319 0.0038704574108124 -1.9423706531525 -1.2080903053284 -2.4920237064362 -0.0044093541800976 -1.1524960427778e-05
-0.48940315842628 -0.036643534898758 -1.945788860321 -1.1652216911316 -2.5758054256439 -0.0055275373160839 1.5588972019032e-05
-0.5224746465683 -0.07917645573616 -1.9459466934204 -1.1240220069885 -2.6566817760468 -0.0070188455283642 4.0146136598196e-05
-0.55341637134552 -0.12347343564034 -1.9426558017731 -1.0849280357361 -2.7360861301422 -0.0090878419578075 0.00010308362107025
-0.58219540119171 -0.16932705044746 -1.9360764026642 -1.0484564304352 -2.8131182193756 -0.011927884072065 4.2840285459533e-05
-0.60892903804779 -0.21639087796211 -1.9262125492096 -1.0150191783905 -2.8880472183228 -0.01577977463603 1.353882339572e-07
-0.63374960422516 -0.26442006230354 -1.9131691455841 -0.98514151573181 -2.9609286785126 -0.020884077996016 6.618117186008e-05
-0.65673959255219 -0.31338837742805 -1.8969576358795 -0.95899200439453 -3.0320417881012 -0.027590315788984 6.6244365370949e-06
-0.67802298069 -0.36307790875435 -1.8777666091919 -0.9363169670105 -3.1016368865967 -0.035466473549604 -9.9149056040915e-06
-0.69770514965057 -0.41289380192757 -1.8562119007111 -0.91549921035767 -3.1690828800201 -0.042996685951948 3.6369659937918e-05
-0.71586453914642 -0.46215298771858 -1.83318567276 -0.89335560798645 -3.2350633144379 -0.046946089714766 6.9944762799423e-05
-0.73262894153595 -0.51010727882385 -1.8094713687897 -0.86615920066833 -3.300369977951 -0.044072192162275 5.4727570386603e-06
-0.74810802936554 -0.5561306476593 -1.7857446670532 -0.83353805541992 -3.36368060112 -0.033666890114546 1.0424559150124e-05
-0.745396733284 -0.57394480705261 -1.7816953659058 -0.80933904647827 -3.3857293128967 -0.02304820343852 6.080048478907e-06
-0.72427213191986 -0.56485319137573 -1.7977902889252 -0.79873871803284 -3.3643946647644 -0.0193543843925 4.4205335143488e-06
-0.70280873775482 -0.55659461021423 -1.8124852180481 -0.79081058502197 -3.3431398868561 -0.017957966774702 1.3120766197972e-05
-0.68103873729706 -0.54897737503052 -1.8261184692383 -0.78467679023743 -3.3216304779053 -0.017915528267622 -2.9477410862455e-05
-0.65901243686676 -0.54184937477112 -1.8389463424683 -0.77980542182922 -3.2993650436401 -0.018679659813643 -3.3186202017532e-06
-0.63670361042023 -0.53523135185242 -1.850917339325 -0.77588176727295 -3.2767989635468 -0.02004961296916 9.2954229330644e-05
-0.61415159702301 -0.52900433540344 -1.8619337081909 -0.77278661727905 -3.2545008659363 -0.02187804505229 5.7618366554379e-05
-0.59137308597565 -0.52324247360229 -1.8721451759338 -0.77063727378845 -3.2316284179688 -0.024128239601851 1.2053275895596e-05
-0.56837236881256 -0.51798486709595 -1.8815281391144 -0.76916480064392 -3.2085978984833 -0.026802342385054 7.5113784987479e-05
-0.54517757892609 -0.5132315158844 -1.8898487091064 -0.76859092712402 -3.1860930919647 -0.029751818627119 2.1852383724763e-05
-0.52180421352386 -0.50872755050659 -1.8976302146912 -0.76839542388916 -3.1626615524292 -0.032746832817793 7.3676587817317e-06
-0.4982842206955 -0.50456476211548 -1.9046657085419 -0.76835179328918 -3.1393332481384 -0.035711091011763 8.0106241512112e-05
-0.47465646266937 -0.50073432922363 -1.9111075401306 -0.76831316947937 -3.1157426834106 -0.038225453346968 7.2389377692161e-07
-0.45089614391327 -0.49699378013611 -1.9173300266266 -0.76775479316711 -3.0909848213196 -0.040255587548018 5.7189212384401e-05
-0.42705738544464 -0.49371194839478 -1.9226868152618 -0.76625442504883 -3.0675318241119 -0.040758173912764 3.6144549085293e-05
-0.40315663814545 -0.49051475524902 -1.9278495311737 -0.76329445838928 -3.0435135364532 -0.039922516793013 4.4668693590211e-05
-0.37928235530853 -0.48761129379272 -1.9326570034027 -0.75878667831421 -3.0197358131409 -0.037358801811934 3.2271145755658e-05
-0.35532343387604 -0.48495554924011 -1.9372098445892 -0.75284075737 -2.9956121444702 -0.033205073326826 -1.3401547221292e-05
-0.33152782917023 -0.48255395889282 -1.9414246082306 -0.74564599990845 -2.9715802669525 -0.027810137718916 2.9531938707805e-05
-0.30768430233002 -0.48066353797913 -1.9449644088745 -0.73796391487122 -2.9477829933167 -0.021757882088423 -4.9357222451363e-05
-0.28391087055206 -0.47922205924988 -1.9478435516357 -0.73057723045349 -2.9236645698547 -0.015812199562788 4.7138096306298e-06
-0.26031506061554 -0.47849416732788 -1.9495615959167 -0.72424030303955 -2.9004192352295 -0.010448019951582 -1.6723412045394e-05
-0.23686277866364 -0.47830843925476 -1.9503276348114 -0.71933960914612 -2.8773667812347 -0.0062144212424755 -1.0571371603874e-05
-0.21357572078705 -0.47886204719543 -1.9495766162872 -0.71712613105774 -2.8544294834137 -0.0038175992667675 2.2862373953103e-05
-0.19047486782074 -0.47981595993042 -1.9481208324432 -0.71560549736023 -2.8314535617828 -0.0018124990165234 0.00011963368888246
-0.16751062870026 -0.48114109039307 -1.9459595680237 -0.7148916721344 -2.8080265522003 -0.0003691129386425 5.4371459555114e-05
-0.14485466480255 -0.48320865631104 -1.9425919055939 -0.71518421173096 -2.7856669425964 0.00078411772847176 -2.4255643893412e-06
-0.12246096134186 -0.48554730415344 -1.9385364055634 -0.71616077423096 -2.7631635665894 0.0014411993324757 2.5300831111963e-05
-0.10029470920563 -0.4884295463562 -1.9336197376251 -0.7178065776825 -2.7409679889679 0.001885611563921 -2.1531755919568e-05
-0.078420281410217 -0.49162912368774 -1.9279322624207 -0.71995115280151 -2.7187900543213 0.0020672865211964 8.3069207903463e-05
-0.056874394416809 -0.49536871910095 -1.9213306903839 -0.72263431549072 -2.6973955631256 0.0023099966347218 3.5837183531839e-05
-0.035677313804626 -0.49953985214233 -1.9140062332153 -0.72571349143982 -2.6762645244598 0.0023228712379932 1.6214718925767e-05
-0.014833807945251 -0.50407695770264 -1.9059910774231 -0.72894215583801 -2.6554756164551 0.0024845190346241 3.5054516047239e-05
0.0056129693984985 -0.50910615921021 -1.8971393108368 -0.73257923126221 -2.6354711055756 0.0026976652443409 1.455031997466e-05
0.025834679603577 -0.51430153846741 -1.887734413147 -0.73663997650146 -2.6148288249969 0.0026733465492725 -1.5937543139444e-05
0.04562771320343 -0.52001667022705 -1.8774695396423 -0.74136781692505 -2.5948729515076 0.0025994367897511 5.3227977332426e-05
0.064985394477844 -0.52633118629456 -1.8664116859436 -0.74601244926453 -2.575864315033 0.002594668418169 -9.9901744761155e-06
0.084046006202698 -0.53275871276855 -1.854799747467 -0.75125741958618 -2.5564539432526 0.0026118345558643 5.8198925216857e-06
0.10269320011139 -0.53964138031006 -1.8423187732697 -0.75699782371521 -2.5379762649536 0.0024339742958546 6.4843407017179e-05
0.12092411518097 -0.54684257507324 -1.8292915821075 -0.76278400421143 -2.5195195674896 0.0024401731789112 4.5889566536061e-05
0.13879024982452 -0.55448055267334 -1.8154799938202 -0.76919412612915 -2.5015022754669 0.0023052282631397 0.00010711912909755
0.15624964237213 -0.56242680549622 -1.800986289978 -0.77572774887085 -2.4840257167816 0.0022728033363819 1.5599816833856e-05
0.17330706119537 -0.57076358795166 -1.7857625484467 -0.78266906738281 -2.4669034481049 0.0021974630653858 -8.9586301328382e-06
0.18997728824615 -0.57939291000366 -1.7699856758118 -0.78956055641174 -2.4503436088562 0.0022985525429249 4.4657030230155e-05
0.20628845691681 -0.58834743499756 -1.7534656524658 -0.79725193977356 -2.4337313175201 0.0021555013954639 3.8560963730561e-05
0.22210991382599 -0.59782314300537 -1.7361669540405 -0.80517172813416 -2.4181008338928 0.0021259374916553 4.5012231566943e-05
