4.9668915380607e-07 6.4256130372087e-07 0.91483914852142
5.3851937309446e-07 6.613201435357e-07 0.91483920812607
9.2234245130385e-07 5.5031068768585e-07 0.91483920812607
1.3154539146853e-06 2.7710558470062e-07 0.91483908891678
1.5132433190956e-06 5.579328217209e-07 0.91483891010284
1.5961961707944e-06 8.4121126064929e-07 0.91483891010284
1.822584636102e-06 1.069532800102e-06 0.91483896970749
1.7089965922423e-06 9.0086808768319e-07 0.91483891010284
1.7646013930062e-06 1.6087458334368e-06 0.91483902931213
1.6449921531603e-06 1.2441328181012e-06 0.91483891010284
2.0548011434585e-06 8.6104239471751e-07 0.91483891010284
1.8651127220437e-06 6.2155089608495e-07 0.9148388504982
2.0560996745189e-06 8.6831363432793e-07 0.9148388504982
2.1581276996585e-06 1.0630299129843e-06 0.9148388504982
2.4020589535212e-06 6.2170278170015e-07 0.9148388504982
1.9260887711425e-06 8.5233517665984e-07 0.91483896970749
2.3774919100106e-06 1.3335649100554e-06 0.91483908891678
2.7891860554519e-06 1.2931748187839e-06 0.91483914852142
2.8798804123653e-06 1.9610424715211e-06 0.91483926773071
2.7249329832557e-06 1.8157318208978e-06 0.91483920812607
2.6644618174032e-06 1.9889644136128e-06 0.91483926773071
2.6251661893184e-06 2.1057792309875e-06 0.91483920812607
2.5049550913536e-06 2.2618710318056e-06 0.91483914852142
2.0984061848139e-06 2.1412367914309e-06 0.91483932733536
1.8299051589565e-06 1.9510241600074e-06 0.91483956575394
1.6643183471388e-06 2.1633404685417e-06 0.91483938694
1.7594488781469e-06 2.5849724352156e-06 0.91483938694
1.7707263850752e-06 2.7809771836473e-06 0.91483938694
1.6687852166797e-06 3.0405367397179e-06 0.91483968496323
1.4915259498594e-06 2.9610732781293e-06 0.91483968496323
1.4202281590769e-06 3.4028498703265e-06 0.91483980417252
1.5721471982033e-06 3.6101953355683e-06 0.91483992338181
1.4515061366183e-06 3.6325675409898e-06 0.91483992338181
1.4280321920523e-06 3.573245521693e-06 0.91484004259109
1.1360680218786e-06 3.8082071114331e-06 0.91484016180038
1.0763064892672e-06 3.8491925806738e-06 0.91484040021896
0.008510971441865 -0.0022897555027157 0.91503936052322
0.019328363239765 -0.0053000003099442 0.915307700634
0.030259819701314 -0.0082676019519567 0.91554635763168
0.041164219379425 -0.011069883592427 0.91563051939011
0.051597584038973 -0.014957590028644 0.91569375991821
0.061144452542067 -0.020434239879251 0.9156928062439
0.070830024778843 -0.025616453960538 0.91571342945099
0.080527074635029 -0.030739098787308 0.91572695970535
0.090145081281662 -0.036035273224115 0.91571497917175
0.099719755351543 -0.041356142610312 0.91573119163513
0.10939766466618 -0.046614501625299 0.91573560237885
0.11900901794434 -0.051868908107281 0.91574329137802
0.12860733270645 -0.057147771120071 0.91574215888977
0.13817885518074 -0.062439654022455 0.91573458909988
0.14773434400558 -0.067794099450111 0.91573566198349
0.15738119184971 -0.073002815246582 0.91574436426163
0.16694635152817 -0.078289538621902 0.91576260328293
0.17658753693104 -0.083514325320721 0.915766954422
0.18617644906044 -0.08873213082552 0.91577005386353
0.19577097892761 -0.094104252755642 0.91577804088593
0.20536054670811 -0.099332615733147 0.91576254367828
0.21493634581566 -0.1046499684453 0.91570991277695
0.22458998858929 -0.1098570972681 0.91569972038269
0.23419530689716 -0.1151562705636 0.91568374633789
0.24378582835197 -0.1203864812851 0.91567713022232
0.25334578752518 -0.12569700181484 0.91565722227097
0.26298353075981 -0.13096475601196 0.9156289100647
0.27255469560623 -0.13622431457043 0.91561931371689
0.28215658664703 -0.14153987169266 0.91566288471222
0.29177328944206 -0.14675715565681 0.91567230224609
0.30136761069298 -0.1520498842001 0.91560500860214
