-0.011932395398617 0.074427530169487 1.2795168161392 0.0026124275755137 0.00013160350499675 -3.1308279037476 8.8787528511602e-05
-0.012951944023371 0.08404815196991 1.2612910270691 0.0025077639147639 1.5693718523835e-05 -3.1245133876801 8.4089573647361e-05
-0.013971149921417 0.093647509813309 1.2430531978607 0.0024058907292783 0.00024264876265079 -3.1181955337524 -1.9397324649617e-05
-0.015018871054053 0.10324910283089 1.2248262166977 0.0024777771905065 9.2800517450087e-05 -3.1123752593994 1.1804209862021e-05
-0.016012964770198 0.11287175118923 1.2066118717194 0.0024161501787603 0.00017479085363448 -3.1055722236633 1.1152367733303e-05
-0.017067762091756 0.12246923148632 1.1883846521378 0.0024508500937372 0.00017972450586967 -3.1002151966095 8.7473730673082e-05
-0.018115902319551 0.1320625692606 1.1701549291611 0.0023519902024418 0.00040001113666221 -3.0944666862488 4.9563910579309e-05
-0.01915748231113 0.14165307581425 1.1519303321838 0.0023698317818344 0.00031898997258395 -3.0885982513428 -3.2877316698432e-05
-0.0201810374856 0.15126183629036 1.1337084770203 0.0024739508517087 0.00031038440647535 -3.0823588371277 -5.0785853090929e-05
-0.021208886057138 0.16086675226688 1.1154829263687 0.0025553964078426 0.00025310620549135 -3.0760779380798 6.993458555371e-06
-0.022222653031349 0.17046897113323 1.0972620248795 0.0026327802333981 0.00034791862708516 -3.0699076652527 1.7020733139361e-05
-0.023271638900042 0.1800598949194 1.0790269374847 0.002848909702152 0.00047392142005265 -3.0643863677979 1.2169531146355e-05
-0.024283401668072 0.18966223299503 1.0607945919037 0.0031098746694624 0.0005551571957767 -3.0578949451447 1.7661575839156e-05
-0.025326054543257 0.19926002621651 1.0425719022751 0.0033260376658291 0.00067159289028496 -3.0525059700012 -8.6076870502438e-06
-0.026377394795418 0.20886181294918 1.0243473052979 0.0038343844935298 0.00073176750447601 -3.0470519065857 9.2410802608356e-05
-0.027383372187614 0.21845254302025 1.0061211585999 0.0045423055998981 0.00077948084799573 -3.041166305542 7.4382915045135e-05
-0.028453402221203 0.22804899513721 0.98789781332016 0.0053948652930558 0.00096321740420535 -3.036150932312 0.0001080174188246
-0.029468633234501 0.23764304816723 0.96966934204102 0.0067425183951855 0.0012314049527049 -3.0305635929108 4.5716984459432e-05
-0.030481621623039 0.24726675450802 0.95143789052963 0.0086091570556164 0.0015592245617881 -3.0239174365997 -4.3723313865485e-05
-0.029471587389708 0.2391017973423 0.94998997449875 0.00072542275302112 5.0299728172831e-05 -3.0170719623566 -0.0064219143241644
-0.028296634554863 0.2294994443655 0.94998896121979 0.00036061508581042 2.4541004677303e-05 -3.0177340507507 -0.012372441589832
-0.027101684361696 0.21989959478378 0.94998860359192 0.00021784474665765 2.4279190256493e-05 -3.0180826187134 -0.018611274659634
-0.025929287075996 0.21031914651394 0.94999295473099 0.00021754982299171 7.2434449975844e-05 -3.0169117450714 -0.025285733863711
-0.02471249550581 0.2007068246603 0.94999200105667 7.0599853643216e-05 -4.6282602852443e-05 -3.0174007415771 -0.031656611710787
-0.02355919033289 0.19110214710236 0.94998866319656 4.201947740512e-05 4.5239255996421e-05 -3.0179917812347 -0.038151774555445
-0.022384878247976 0.18151174485683 0.94998562335968 3.4578107488414e-07 -1.8043741874862e-05 -3.0173728466034 -0.044465109705925
-0.02120203897357 0.17191116511822 0.94998115301132 -0.00014911951438989 6.9139736297075e-05 -3.0173919200897 -0.05071472376585
-0.020008102059364 0.16231836378574 0.9499808549881 -0.00032842496875674 4.3882697355002e-05 -3.0169396400452 -0.05712865293026
-0.01883651688695 0.15270535647869 0.9499796628952 -0.0003428183554206 -0.00012459528807085 -3.0175998210907 -0.06344099342823
-0.017640493810177 0.14310392737389 0.94998413324356 -0.00062106119003147 -0.00012276915367693 -3.0172772407532 -0.069805793464184
-0.01646875217557 0.13352034986019 0.94997489452362 -0.00083207298303023 -9.992944978876e-05 -3.0173990726471 -0.076150216162205
-0.015284828841686 0.12391678988934 0.94998335838318 -0.0012043131282553 -0.00016838937881403 -3.0172715187073 -0.08245787024498
-0.014116562902927 0.11430577933788 0.95001697540283 -0.0015188495162874 -0.00030327090644278 -3.0177955627441 -0.08795078098774
-0.012933190912008 0.1047093719244 0.95001965761185 -0.0014669323572889 -0.00018622251809575 -3.0180058479309 -0.092987827956676
-0.011757656931877 0.0951037555933 0.95000493526459 -0.0016715368255973 -5.365525430534e-05 -3.0184941291809 -0.098010510206223
-0.011022517457604 0.089330390095711 0.96668821573257 -0.0089723663404584 -0.0014799798373133 -3.0186264514923 -0.10102652013302
-0.011015504598618 0.08931639790535 1.014658331871 -0.0092772152274847 -0.0016323605086654 -3.018780708313 -0.10249078273773
-0.011014157906175 0.089322507381439 1.0626623630524 -0.0080631710588932 -0.001476188772358 -3.0183582305908 -0.10393214970827
-0.011029433459044 0.089297324419022 1.1106004714966 -0.0069148545153439 -0.0010555273620412 -3.0188493728638 -0.10472347587347
-0.011024845764041 0.08929967880249 1.1586228609085 -0.0060978746041656 -0.0012941202148795 -3.0188772678375 -0.10543984919786
-0.011020949110389 0.089312642812729 1.2066099643707 -0.0057542743161321 -0.00099942809902132 -3.019437789917 -0.10649192333221
