-0.011898662894964 0.273860424757 -1.841600894928 -1.5763850212097 -1.593727350235 -7.2520444518887e-05 8.8787528511602e-05
-0.019012119621038 0.29476734995842 -1.9026505947113 -1.5361611843109 -1.6068158149719 -6.2506864196621e-05 8.4089573647361e-05
-0.026624109596014 0.3139862716198 -1.9622402191162 -1.4957106113434 -1.6205639839172 -0.0001044685341185 -1.9397324649617e-05
-0.034802582114935 0.33152052760124 -2.0204131603241 -1.4551103115082 -1.6347486972809 -0.00015978164447006 1.1804209862021e-05
-0.043523695319891 0.34729716181755 -2.0773589611053 -1.4138576984406 -1.6495854854584 -0.00021676369942725 1.1152367733303e-05
-0.052964117377996 0.36108586192131 -2.1331450939178 -1.3718237876892 -1.6650540828705 -0.00025443383492529 8.7473730673082e-05
-0.06317725777626 0.37262722849846 -2.1877198219299 -1.3288629055023 -1.6812932491302 -0.00036768265999854 4.9563910579309e-05
-0.074109464883804 0.38179585337639 -2.2412812709808 -1.2844984531403 -1.6980888843536 -0.00044206925667822 -3.2877316698432e-05
-0.086180597543716 0.38816687464714 -2.29372215271 -1.238493680954 -1.7164840698242 -0.00037268945015967 -5.0785853090929e-05
-0.099027544260025 0.39143988490105 -2.3451910018921 -1.1904051303864 -1.7351820468903 -0.00049499818123877 6.993458555371e-06
-0.11319890618324 0.39102503657341 -2.3955430984497 -1.1397352218628 -1.7556161880493 -0.00058512040413916 1.7020733139361e-05
-0.12836518883705 0.38637921214104 -2.4448947906494 -1.0858972072601 -1.7763433456421 -0.00073651620186865 1.2169531146355e-05
-0.14506903290749 0.37653777003288 -2.4929902553558 -1.0282826423645 -1.7989447116852 -0.00084595032967627 1.7661575839156e-05
-0.16335859894753 0.36062762141228 -2.539853811264 -0.96580767631531 -1.823056936264 -0.0010888988617808 -8.6076870502438e-06
-0.18330898880959 0.3373861014843 -2.5852451324463 -0.89772725105286 -1.8485071659088 -0.0012910778168589 9.2410802608356e-05
-0.20546475052834 0.30511185526848 -2.6289055347443 -0.82253003120422 -1.8766169548035 -0.0016982967499644 7.4382915045135e-05
-0.22943249344826 0.26233050227165 -2.6706671714783 -0.73894953727722 -1.9059512615204 -0.0021930153016001 0.0001080174188246
-0.25622263550758 0.20649811625481 -2.7097799777985 -0.64556908607483 -1.9384973049164 -0.0030253345612437 4.5716984459432e-05
-0.28559365868568 0.13573309779167 -2.7458820343018 -0.5407817363739 -1.9733316898346 -0.0041859559714794 -4.3723313865485e-05
-0.269241720438 0.10700842738152 -2.7372012138367 -0.5121283531189 -1.9646165370941 -0.00032405182719231 -0.0064219143241644
-0.24523988366127 0.08869931101799 -2.7231237888336 -0.50748467445374 -1.940550327301 -0.00013164803385735 -0.012372441589832
-0.22330275177956 0.070367306470871 -2.7081246376038 -0.50405478477478 -1.9182188510895 -8.5871666669846e-05 -0.018611274659634
-0.20383134484291 0.051823109388351 -2.6921420097351 -0.5014443397522 -1.8988399505615 -7.3712319135666e-05 -0.025285733863711
-0.18598738312721 0.033349007368088 -2.6754875183105 -0.49955105781555 -1.8810179233551 -2.1975487470627e-05 -0.031656611710787
-0.16982570290565 0.014951676130295 -2.6581468582153 -0.49843049049377 -1.8646924495697 -1.6968697309494e-05 -0.038151774555445
-0.15516296029091 -0.0033061802387238 -2.6401944160461 -0.49803066253662 -1.8501493930817 3.7867575883865e-05 -0.044465109705925
-0.14170995354652 -0.021385699510574 -2.6216967105865 -0.49833130836487 -1.8366506099701 4.0728598833084e-05 -0.05071472376585
-0.12965169548988 -0.039359122514725 -2.6026206016541 -0.49923229217529 -1.8250434398651 0.00012465193867683 -0.05712865293026
-0.11809268593788 -0.056923896074295 -2.5832164287567 -0.50097417831421 -1.8129849433899 0.00020952895283699 -0.06344099342823
-0.10775485634804 -0.074400216341019 -2.5633435249329 -0.50304770469666 -1.8028295040131 0.00019951537251472 -0.069805793464184
-0.098129898309708 -0.091654568910599 -2.5430574417114 -0.50587749481201 -1.793133020401 0.00018616393208504 -0.076150216162205
-0.089270740747452 -0.10867217183113 -2.5224044322968 -0.50920367240906 -1.7843346595764 0.00032015517354012 -0.08245787024498
-0.080914884805679 -0.12557056546211 -2.5013358592987 -0.51322245597839 -1.7756972312927 0.00029679015278816 -0.08795078098774
-0.073124796152115 -0.14202407002449 -2.4799060821533 -0.51843404769897 -1.7675998210907 0.00022955611348152 -0.092987827956676
-0.065824657678604 -0.15843585133553 -2.458158493042 -0.52393674850464 -1.7598960399628 9.508803486824e-05 -0.098010510206223
-0.061513096094131 -0.11791494488716 -2.4342000484467 -0.57978773117065 -1.7550909519196 0.0022337026894093 -0.10102652013302
-0.061480194330215 0.013067454099655 -2.3826668262482 -0.76198840141296 -1.7550692558289 0.0023734159767628 -0.10249078273773
-0.061592012643814 0.11673328280449 -2.3141028881073 -0.93570184707642 -1.7554023265839 0.0021817274391651 -0.10393214970827
-0.06147089600563 0.19357082247734 -2.2320942878723 -1.0957245826721 -1.7549743652344 0.0018899030983448 -0.10472347587347
-0.061445862054825 0.24666568636894 -2.1386682987213 -1.2426154613495 -1.7549912929535 0.0016285963356495 -0.10543984919786
-0.061445862054825 0.27919360995293 -2.0350697040558 -1.37912940979 -1.7549426555634 0.001709658652544 -0.10649192333221
