-3.8214928110847e-08 1.5823606247523e-07 0.91483908891678
-1.3390128117408e-07 6.7047828622435e-08 0.9148388504982
-4.5063012521496e-07 -5.8789410672944e-08 0.91483867168427
-6.9449419015655e-07 -2.5783282353586e-07 0.91483879089355
-8.6518355146836e-07 -1.3767741791071e-07 0.91483902931213
-2.4391468400609e-07 1.9610504864431e-07 0.91483938694
-4.2869169192272e-07 2.656646813648e-07 0.91483956575394
-4.0366697362515e-07 1.5992674207155e-07 0.91483944654465
-7.7140174425949e-07 -5.7556022170502e-08 0.91483950614929
-3.8741612229387e-07 8.9996490260091e-08 0.91483944654465
-2.483399441644e-08 3.3432391433053e-07 0.91483968496323
3.9566330656271e-08 1.0635068292686e-06 0.91484004259109
5.3261203447619e-08 1.3490843002728e-06 0.91484022140503
1.8956714598062e-07 1.1385126299501e-06 0.91484004259109
4.692787669569e-08 9.7332190307498e-07 0.91483992338181
3.9403705187624e-08 1.2608235238076e-06 0.91484004259109
-1.5255858443197e-07 6.369839979925e-07 0.91484016180038
-2.931059839284e-07 8.0707491179055e-07 0.91484028100967
-3.4024759543172e-07 7.5801176535606e-07 0.91484069824219
-5.9177887123951e-07 9.6162500540231e-07 0.91484087705612
-5.2429891184147e-07 3.5902590411752e-07 0.91484087705612
-5.6365496448052e-07 1.4283719451669e-07 0.9148411154747
-5.4428079465652e-07 3.3279226840932e-07 0.9148411154747
-7.4216586654074e-07 4.682699454861e-07 0.91484117507935
-7.1360847186952e-07 9.2980371846352e-07 0.91484147310257
-1.0548233149166e-06 7.5085443995704e-07 0.9148416519165
-8.5756749967913e-07 7.6346373134584e-07 0.9148416519165
-9.2794527972728e-07 1.0168723747483e-06 0.9148416519165
-1.5307507510443e-06 9.5483801487717e-07 0.9148416519165
-1.2004782092845e-06 1.1303377505101e-06 0.91484153270721
-1.7372925640302e-06 1.1685274330375e-06 0.91484171152115
-1.7052552720997e-06 1.0066274853671e-06 0.91484177112579
0.00026948243612424 -0.0014021177776158 0.91551488637924
0.00054274447029456 -0.0042300261557102 0.91702127456665
0.00073312746826559 -0.0071062296628952 0.91853809356689
0.0010918073821813 -0.0094658732414246 0.93553417921066
0.001132522826083 -0.0087430998682976 0.9822154045105
0.0011948480969295 -0.0076929852366447 1.029151558876
0.0010678601684049 -0.0073223812505603 1.0759088993073
0.0011736082378775 -0.0070304819382727 1.1225916147232
0.00082324340473861 -0.0067334584891796 1.1694016456604
