0.0077272057533264 0.061357945203781 1.2852280139923 0.00215914985165 -0.00021190787083469 3.0650722980499 1.4259981071518e-05
0.017357297241688 0.063852712512016 1.2701122760773 0.0021700700744987 -0.00032256991835311 3.0201783180237 3.4675558708841e-05
0.02696605026722 0.066367253661156 1.2550345659256 0.0020831448491663 -0.00050998385995626 2.9750196933746 3.5927841963712e-05
0.036565400660038 0.068870469927788 1.2399340867996 0.0021863770671189 -0.00074779818532988 2.9302484989166 -2.3092346964404e-05
0.046156637370586 0.071360558271408 1.2248238325119 0.0023238142021 -0.00094066851306707 2.8844153881073 -4.96579218634e-07
0.055733382701874 0.073863089084625 1.2097203731537 0.0024262745864689 -0.0011017887154594 2.838695526123 7.6811949838884e-05
0.065321803092957 0.076360493898392 1.1946206092834 0.0027804998680949 -0.0013590316521004 2.7926139831543 -9.4287870524568e-06
0.074937537312508 0.078873917460442 1.1795318126678 0.0029442897066474 -0.0016540354117751 2.7477056980133 0.00013488584954757
0.084550887346268 0.081371083855629 1.1644397974014 0.0032336846925318 -0.0020505015272647 2.7020537853241 7.3290502768941e-05
0.094132721424103 0.083887338638306 1.1493445634842 0.0036966977640986 -0.0024916168767959 2.6565561294556 3.1077881430974e-05
0.10372400283813 0.086368411779404 1.1342356204987 0.0040626712143421 -0.0029456880874932 2.6102869510651 2.1964575353195e-05
0.11335012316704 0.088880687952042 1.1191357374191 0.0045469701290131 -0.0032699664589018 2.565580368042 0.00011619496945059
0.12293626368046 0.091387048363686 1.1040449142456 0.0046826736070216 -0.0037951727863401 2.5199551582336 4.5216620492283e-05
0.13251891732216 0.093889817595482 1.088938832283 0.0046387715265155 -0.0036977934651077 2.4744656085968 1.1409166290832e-05
0.14214004576206 0.096397459506989 1.0738534927368 0.003414144506678 -0.0028047463856637 2.4288024902344 3.2228438158199e-06
0.15175120532513 0.098902136087418 1.0587533712387 0.00067972479155287 -0.00026700083981268 2.3835439682007 1.9438462913968e-05
0.16133199632168 0.10140770673752 1.0436410903931 -0.003782099345699 0.0040561482310295 2.3386483192444 4.843391070608e-05
0.17093349993229 0.10390338301659 1.0285466909409 -0.0087765865027905 0.0089917127043009 2.2943468093872 -7.8438251875923e-06
0.18054446578026 0.10640425980091 1.0134522914886 -0.011577566154301 0.011924182064831 2.2492260932922 5.7965477026301e-05
0.19010496139526 0.10891835391521 0.99835336208344 -0.010439320467412 0.010974779725075 2.2024958133698 6.7058717831969e-05
0.1997279971838 0.11142812669277 0.98325383663177 -0.0067417807877064 0.0073488196358085 2.1572082042694 -2.1928331989329e-05
0.2093144506216 0.11392532289028 0.96815156936646 -0.0034394261892885 0.0038960156962276 2.1114764213562 3.9513091905974e-05
0.2189294397831 0.11640100181103 0.9530491232872 -0.0015084070619196 0.0019020632607862 2.0668201446533 -1.0047214118458e-06
0.21278044581413 0.11266131699085 0.9499773979187 -0.00053812121041119 0.0010589607991278 2.0566554069519 -0.0054339808411896
0.20318585634232 0.10759870707989 0.94997054338455 -0.00040669378358871 0.00070890266215429 2.0562424659729 -0.011617865413427
0.19359895586967 0.10248292982578 0.94997477531433 -0.00022229252499528 0.00058849557535723 2.0570087432861 -0.017932990565896
0.18398195505142 0.097412779927254 0.94998061656952 -0.0001083710740204 0.00054991157958284 2.0563893318176 -0.024351609870791
0.174411714077 0.092327117919922 0.94996678829193 2.6104829885298e-05 0.00046878540888429 2.056708574295 -0.030888732522726
0.16480335593224 0.087252452969551 0.94997131824493 0.00012701722152997 0.00035069399746135 2.0564570426941 -0.037190176546574
0.1551955640316 0.082176491618156 0.9499683380127 0.00010370137169957 0.00012894668907393 2.0565066337585 -0.04352218657732
0.14559575915337 0.077087998390198 0.94997143745422 6.195496825967e-05 3.648944402812e-05 2.056348323822 -0.04993985965848
0.13599279522896 0.072010740637779 0.9499706029892 0.00028867574292235 4.2173458496109e-05 2.0562705993652 -0.056209944188595
0.12640351057053 0.066927820444107 0.9499751329422 0.0002518423134461 -0.00017680556629784 2.0565855503082 -0.062724500894547
0.11680266261101 0.06184384226799 0.94997376203537 0.0003087283403147 -0.00026264670304954 2.0563893318176 -0.068985968828201
0.10720928013325 0.056761406362057 0.94997709989548 0.0003582350036595 -0.00046174644376151 2.0564603805542 -0.075364544987679
0.097600162029266 0.051685698330402 0.94996869564056 0.00037501714541577 -0.00037432834506035 2.0563173294067 -0.081895843148232
0.08804577589035 0.046605370938778 0.94998574256897 0.00019996264018118 -0.00044562891707756 2.0566120147705 -0.088072173297405
0.079592630267143 0.042149022221565 0.95423120260239 4.419584365678e-05 -0.0014759864425287 2.0569381713867 -0.091861233115196
0.079543501138687 0.04208666831255 1.00157558918 0.001293518464081 -0.0029372363351285 2.0577671527863 -0.0911785364151
0.079526849091053 0.042114526033401 1.0495992898941 0.0025005664210767 -0.0055119921453297 2.0585064888 -0.09014318883419
0.079540468752384 0.042112253606319 1.0975793600082 0.003511406481266 -0.0073401900008321 2.05939245224 -0.089879550039768
0.079555466771126 0.04208067804575 1.1455566883087 0.0044970908202231 -0.0092645436525345 2.0612025260925 -0.089273281395435
0.079552374780178 0.04207769036293 1.1935747861862 0.0051027205772698 -0.011710810475051 2.0629172325134 -0.089301943778992
0.079576209187508 0.042064033448696 1.2415577173233 0.0070428405888379 -0.012596277520061 2.0648603439331 -0.088801749050617
