0.095873683691025 0.26686236262321 -1.822197675705 -1.588347196579 -1.3984243869781 0.00046010664664209 1.4259981071518e-05
0.15131792426109 0.2818007171154 -1.8712890148163 -1.5542860031128 -1.2978882789612 0.00073095015250146 3.4675558708841e-05
0.20762142539024 0.29320666193962 -1.9176609516144 -1.5194156169891 -1.1962325572968 0.0011105125304312 3.5927841963712e-05
0.26414665579796 0.30068203806877 -1.961341381073 -1.4834105968475 -1.0945682525635 0.0014128272887319 -2.3092346964404e-05
0.32054457068443 0.30390879511833 -2.0022115707397 -1.4462287425995 -0.99256110191345 0.001969296252355 -4.96579218634e-07
0.37600693106651 0.30283972620964 -2.040372133255 -1.4074380397797 -0.8919084072113 0.0025338714476675 7.6811949838884e-05
0.43023762106895 0.29705569148064 -2.0755445957184 -1.3672335147858 -0.79208111763 0.0032729690428823 -9.4287870524568e-06
0.4825938642025 0.28648468852043 -2.1077923774719 -1.3253681659698 -0.69424772262573 0.0044192858040333 0.00013488584954757
0.53276193141937 0.27084729075432 -2.1368010044098 -1.2822282314301 -0.59834384918213 0.0060162134468555 7.3290502768941e-05
0.58027875423431 0.25022408366203 -2.1625962257385 -1.2380692958832 -0.50532865524292 0.0082692690193653 3.1077881430974e-05
0.62498605251312 0.22448489069939 -2.1849246025085 -1.1933326721191 -0.41500997543335 0.011642891913652 2.1964575353195e-05
0.66676127910614 0.19381520152092 -2.2036755084991 -1.1489188671112 -0.32777285575867 0.016640145331621 0.00011619496945059
0.70545136928558 0.15815064311028 -2.2185280323029 -1.1059355735779 -0.24354124069214 0.024347741156816 4.5216620492283e-05
0.74117267131805 0.11753937602043 -2.2292692661285 -1.065863609314 -0.16242170333862 0.035604435950518 1.1409166290832e-05
0.77398145198822 0.072093933820724 -2.235732793808 -1.0295786857605 -0.084062099456787 0.051391560584307 3.2228438158199e-06
0.80400407314301 0.022434681653976 -2.2382764816284 -0.99651455879211 -0.008692741394043 0.07054229080677 1.9438462913968e-05
0.83134973049164 -0.029785424470901 -2.2379713058472 -0.96227264404297 0.063710451126099 0.088180020451546 4.843391070608e-05
0.85622680187225 -0.081598073244095 -2.2364382743835 -0.91855621337891 0.13370394706726 0.094903901219368 -7.8438251875923e-06
0.87882030010223 -0.13033464550972 -2.2350182533264 -0.85950922966003 0.20139956474304 0.083272412419319 5.7965477026301e-05
0.89918887615204 -0.17623475193977 -2.2328922748566 -0.78950929641724 0.26787638664246 0.056964829564095 6.7058717831969e-05
0.91764104366302 -0.22204235196114 -2.2280271053314 -0.72195839881897 0.33171153068542 0.03038926422596 -2.1928331989329e-05
0.93428075313568 -0.2703392803669 -2.2184510231018 -0.66615891456604 0.3936927318573 0.013452485203743 3.9513091905974e-05
0.94936835765839 -0.32097509503365 -2.2043764591217 -0.62187242507935 0.45372271537781 0.0056542903184891 -1.0047214118458e-06
0.92942416667938 -0.32850816845894 -2.2053112983704 -0.61077475547791 0.44370293617249 0.0027603656053543 -0.0054339808411896
0.90193927288055 -0.32586482167244 -2.2093951702118 -0.60860800743103 0.41655135154724 0.0020699054002762 -0.011617865413427
0.87414443492889 -0.32368066906929 -2.2127916812897 -0.60700798034668 0.38814997673035 0.0016588717699051 -0.017932990565896
0.84580934047699 -0.32220247387886 -2.2150430679321 -0.60593938827515 0.36010384559631 0.0013885051012039 -0.024351609870791
0.81721436977386 -0.321274548769 -2.2165107727051 -0.60518479347229 0.3313992023468 0.0011615306138992 -0.030888732522726
0.78826558589935 -0.32087972760201 -2.2170746326447 -0.60475778579712 0.30251383781433 0.00085063278675079 -0.037190176546574
0.75905072689056 -0.32099607586861 -2.2167737483978 -0.60454797744751 0.27332663536072 0.00067706406116486 -0.04352218657732
0.72960269451141 -0.32172778248787 -2.215558052063 -0.60463190078735 0.2439968585968 0.00026030838489532 -0.04993985965848
0.70002353191376 -0.32289007306099 -2.2136099338531 -0.60480737686157 0.2143075466156 -0.00041060149669647 -0.056209944188595
0.67031991481781 -0.32463100552559 -2.2107093334198 -0.60515236854553 0.18478941917419 -0.0012426823377609 -0.062724500894547
0.64058196544647 -0.32682231068611 -2.2071254253387 -0.60553503036499 0.15490746498108 -0.0022106617689133 -0.068985968828201
0.61080729961395 -0.32954862713814 -2.202662229538 -0.60596179962158 0.12513279914856 -0.0034242123365402 -0.075364544987679
0.58110225200653 -0.33281376957893 -2.1974186897278 -0.60639333724976 0.095550298690796 -0.0050592869520187 -0.081895843148232
0.55149209499359 -0.33648017048836 -2.191431760788 -0.60666537284851 0.066004991531372 -0.006970688700676 -0.088072173297405
0.52569043636322 -0.32885363698006 -2.1847338676453 -0.61315250396729 0.039408922195435 -0.014343544840813 -0.091861233115196
0.52549350261688 -0.2140579521656 -2.1632084846497 -0.68661165237427 0.038560152053833 -0.07735638320446 -0.0911785364151
0.52549588680267 -0.11129596829414 -2.1261737346649 -0.76079273223877 0.038005590438843 -0.14299063384533 -0.09014318883419
0.52550303936005 -0.024796277284622 -2.0747435092926 -0.8326849937439 0.037607908248901 -0.20887093245983 -0.089879550039768
0.52550828456879 0.045049160718918 -2.0104212760925 -0.90056037902832 0.036856412887573 -0.274886906147 -0.089273281395435
0.5255411863327 0.098362416028976 -1.9343993663788 -0.96386337280273 0.035558938980103 -0.34094339609146 -0.089301943778992
0.52557694911957 0.13601586222649 -1.8475255966187 -1.0225565433502 0.034382581710815 -0.40709453821182 -0.088801749050617
