9.9007806397822e-08 -3.3719683756317e-07 0.9148388504982
-1.6505710220827e-07 -7.1813207114246e-07 0.9148388504982
2.2722490200522e-07 -5.5253542541323e-07 0.91483896970749
2.5371537049068e-07 -7.3749538387347e-07 0.91483902931213
3.2783819392534e-07 -8.0370972455057e-07 0.91483896970749
7.8668688274774e-07 -9.0500583382891e-07 0.91483902931213
7.9398790830965e-07 -9.4556457952422e-07 0.91483891010284
4.2646868791962e-07 -5.3927766430206e-07 0.91483902931213
2.731296717684e-07 -4.8697239662943e-07 0.91483914852142
2.2116927311799e-07 -4.6103309614409e-07 0.91483891010284
3.0510517490256e-07 -5.9916601458099e-08 0.9148388504982
1.5465522551494e-07 -4.8316150014216e-07 0.91483891010284
3.5960940181212e-07 -4.5250411062625e-07 0.91483908891678
6.0290460623946e-07 -1.8981974392318e-07 0.91483944654465
6.3488414525636e-07 8.3419180896271e-08 0.91483938694
7.0195392254391e-07 -1.4991675811871e-07 0.91483914852142
6.1040020682412e-07 3.1061566119206e-07 0.91483920812607
8.0843932437347e-07 6.4091136664501e-07 0.91483920812607
6.9171608174656e-07 3.6041754469807e-07 0.91483920812607
6.8234930949984e-07 -2.8275169938752e-07 0.91483908891678
7.2318937327509e-07 5.49354837176e-08 0.91483920812607
4.9200514240511e-07 1.412673213963e-07 0.91483938694
3.4693618999881e-07 -1.1350071105198e-07 0.91483956575394
4.4862457571071e-07 4.6781963192188e-08 0.91483968496323
5.0853930133599e-07 9.3366189446442e-08 0.91483986377716
1.0906783245446e-06 3.6660532032329e-07 0.91483968496323
8.2554760183484e-07 -3.3420601397438e-08 0.91483980417252
9.3188509708853e-07 -9.8596146358432e-08 0.91483968496323
1.5093323781912e-06 -2.7100151100967e-07 0.91483992338181
1.2320147106948e-06 -5.8976837635782e-07 0.91483980417252
1.2838709153584e-06 -5.9415611985969e-07 0.91483998298645
1.7586909279999e-06 -7.9425200283367e-07 0.91484022140503
1.601361077519e-06 -1.0704761734814e-06 0.91484004259109
1.6291147630909e-06 -9.4567468522655e-07 0.91484010219574
1.5829751873753e-06 -1.0589582188913e-06 0.91484010219574
1.5853872810112e-06 -9.7055897185783e-07 0.91484004259109
-0.00020212827075738 -0.00016517017502338 0.91488242149353
-0.0048073688521981 -0.0022730634082109 0.91862297058105
-0.0064158216118813 -0.0030592447146773 0.96256709098816
-0.0072962483391166 -0.00356156937778 1.009303689003
-0.0077907019294798 -0.0035079354420304 1.0560237169266
-0.0082517638802528 -0.0038380147889256 1.1025944948196
-0.0080986153334379 -0.0040159444324672 1.1493211984634
-0.008400502614677 -0.0043082227930427 1.1961867809296
