-0.011777244508266 0.074455380439758 1.2795565128326 0.0025912895798683 5.6332053645747e-05 -3.131031036377 5.2170686103636e-05
-0.012748712673783 0.084035620093346 1.2613339424133 0.0024498940911144 0.00020426427363418 -3.1259059906006 8.6190666479524e-05
-0.013674007728696 0.093657568097115 1.2431447505951 0.0025131611619145 0.00011632838868536 -3.1199362277985 7.1238646341953e-05
-0.014656187966466 0.10323740541935 1.2249207496643 0.0024198836181313 4.5413857151289e-05 -3.114431142807 7.2793125582393e-05
-0.015579307451844 0.11284637451172 1.2067285776138 0.0024229243863374 7.0655813033227e-05 -3.1083688735962 -3.4917953598779e-05
-0.016532817855477 0.12245382368565 1.1885083913803 0.0024879234842956 0.00021579503663816 -3.1026470661163 -1.8496510165278e-05
-0.017475986853242 0.1320523172617 1.1702959537506 0.0023237327113748 0.00024007700267248 -3.0969154834747 -1.8827187886927e-05
-0.018416592851281 0.14166612923145 1.1520967483521 0.0023547362070531 0.00032352964626625 -3.0908012390137 -2.1197256501182e-05
-0.019371382892132 0.15126185119152 1.1338913440704 0.0024700765497983 0.00013414579734672 -3.0851581096649 1.626902303542e-05
-0.020341502502561 0.16085775196552 1.1156750917435 0.002668387722224 0.00032676546834409 -3.0800831317902 2.2864411221235e-05
-0.02129191160202 0.170459613204 1.0974743366241 0.0026857850607485 0.00038602511631325 -3.0742363929749 -2.9206412364147e-05
-0.02224599942565 0.18005704879761 1.079262137413 0.0028774936217815 0.00046844812459312 -3.0684146881104 1.0217730050499e-05
-0.023177701979876 0.18966861069202 1.0610557794571 0.0030796921346337 0.00043364055454731 -3.0626420974731 4.6360219130293e-05
-0.024149179458618 0.19925913214684 1.0428426265717 0.003287248313427 0.00064996199216694 -3.057727098465 6.5692976932041e-05
-0.025077346712351 0.20886488258839 1.0246381759644 0.0038614603690803 0.00056308909552172 -3.0521709918976 0.00011657029972412
-0.026033025234938 0.21846975386143 1.0064234733582 0.0044708852656186 0.00079471588833258 -3.046368598938 4.4953005271964e-05
-0.026975389569998 0.22805935144424 0.98822259902954 0.0053429859690368 0.00088133697863668 -3.0413556098938 6.205822865013e-05
-0.027932375669479 0.23765304684639 0.9700186252594 0.0065431022085249 0.0011781477369368 -3.0359930992126 -1.7748689060681e-05
-0.028898302465677 0.24725911021233 0.95180451869965 0.0085343960672617 0.0014624593313783 -3.0309472084045 1.5787396478117e-05
-0.027932047843933 0.23931728303432 0.94999045133591 0.00078098213998601 0.00023507756122854 -3.0226202011108 -0.0075466986745596
-0.026853922754526 0.22970095276833 0.94998896121979 0.0002999851712957 0.00021618806931656 -3.0236103534698 -0.014002135954797
-0.025684177875519 0.22008995711803 0.94998931884766 0.00029202207224444 0.00011559366248548 -3.0231637954712 -0.020536340773106
-0.024589583277702 0.21050000190735 0.949986577034 0.00021533308608923 3.243143146392e-05 -3.0235171318054 -0.026768647134304
-0.023443024605513 0.20089657604694 0.94999074935913 0.00018581077165436 6.0659363953164e-05 -3.02352643013 -0.033376377075911
-0.022352628409863 0.19129952788353 0.9499843120575 0.00017210745136254 -4.6578257752117e-05 -3.0238440036774 -0.039680428802967
-0.021215364336967 0.18170337378979 0.94997954368591 8.6577172623947e-05 1.8677794287214e-05 -3.0233652591705 -0.046300325542688
-0.020095117390156 0.17210793495178 0.94998025894165 -0.00010892160207732 2.1911046133027e-07 -3.0235090255737 -0.052656065672636
-0.018980491906404 0.16250747442245 0.94998306035995 -0.00031546285026707 -4.3590902350843e-05 -3.0236001014709 -0.058946818113327
-0.017854515463114 0.15291236341 0.94997489452362 -0.00052752485498786 2.2122370864963e-05 -3.0233378410339 -0.065259106457233
-0.01673623919487 0.1433112770319 0.94997119903564 -0.0007334157708101 -2.8524274966912e-05 -3.0237274169922 -0.071479000151157
-0.015621207654476 0.13370522856712 0.94998049736023 -0.0010040713241324 -0.00012768583837897 -3.0236308574677 -0.077805362641811
-0.014493124559522 0.12410990893841 0.94998013973236 -0.0011754829902202 -0.00010667054448277 -3.0237305164337 -0.084286764264107
-0.0133683886379 0.11450669169426 0.95001131296158 -0.0015768995508552 -0.00011730717960745 -3.0235800743103 -0.089537940919399
-0.012266054749489 0.10488645732403 0.95000964403152 -0.001405178103596 -0.00033746010740288 -3.0246677398682 -0.094567321240902
-0.011148203164339 0.095309346914291 0.95000958442688 -0.001332207932137 -7.747185009066e-05 -3.0250155925751 -0.099520489573479
-0.010453201830387 0.08941724896431 0.96668618917465 -0.0087214913219213 -0.001501603401266 -3.0251898765564 -0.10236240923405
-0.010443817824125 0.089405730366707 1.0146490335464 -0.0089636892080307 -0.0015965981874615 -3.0249307155609 -0.10301276296377
-0.010467344895005 0.089380651712418 1.0626327991486 -0.0077313650399446 -0.0011688773520291 -3.0250277519226 -0.10426715761423
-0.010448673740029 0.089388728141785 1.110613822937 -0.0068667372688651 -0.00094003684353083 -3.0248167514801 -0.10501427948475
-0.010431677103043 0.089377388358116 1.1586294174194 -0.0064152828417718 -0.0010652458295226 -3.0251381397247 -0.10613539814949
-0.010449543595314 0.089335024356842 1.2065981626511 -0.0058907410129905 -0.001106329029426 -3.0255646705627 -0.10695103555918
