-0.011036064475775 0.27413508296013 -1.8416774272919 -1.5765874385834 -1.59210729599 1.4263918274082e-05 5.2170686103636e-05
-0.017643835395575 0.29513689875603 -1.9028148651123 -1.5363612174988 -1.6044104099274 -0.00010828323138412 8.6190666479524e-05
-0.024825002998114 0.31459042429924 -1.9624032974243 -1.4961664676666 -1.6176002025604 -0.00010136909259018 7.1238646341953e-05
-0.032339956611395 0.33229014277458 -2.0206739902496 -1.4556086063385 -1.6304302215576 -0.0001514369942015 7.2793125582393e-05
-0.04068722948432 0.34827181696892 -2.0776772499084 -1.4145047664642 -1.6449711322784 -0.00020269700326025 -3.4917953598779e-05
-0.049538757652044 0.36228558421135 -2.1335346698761 -1.3726890087128 -1.6596653461456 -0.00024251290597022 -1.8496510165278e-05
-0.059015657752752 0.37420651316643 -2.1882944107056 -1.3298461437225 -1.6746845245361 -0.00030807801522315 -1.8827187886927e-05
-0.069242626428604 0.38377425074577 -2.2419970035553 -1.2856843471527 -1.6905624866486 -0.00033311196602881 -2.1197256501182e-05
-0.080501228570938 0.39054295420647 -2.2945792675018 -1.2400226593018 -1.7076594829559 -0.0003309661988169 1.626902303542e-05
-0.092474609613419 0.39437529444695 -2.3462631702423 -1.1922647953033 -1.7249984741211 -0.00051931687630713 2.2864411221235e-05
-0.10577335953712 0.39452120661736 -2.3968563079834 -1.1418640613556 -1.7441523075104 -0.00065855332650244 -2.9206412364147e-05
-0.12010994553566 0.39045807719231 -2.4463918209076 -1.0884962081909 -1.7640161514282 -0.0006065780762583 1.0217730050499e-05
-0.13586965203285 0.38137766718864 -2.4948120117188 -1.0312113761902 -1.7853512763977 -0.00082878419198096 4.6360219130293e-05
-0.15303340554237 0.36628958582878 -2.5420157909393 -0.96930360794067 -1.807911157608 -0.0010140354279429 6.5692976932041e-05
-0.17197933793068 0.34391638636589 -2.5878164768219 -0.90163016319275 -1.8323709964752 -0.0012596065644175 0.00011657029972412
-0.19278326630592 0.31267496943474 -2.6320173740387 -0.82689094543457 -1.8585686683655 -0.0015509540680796 4.4953005271964e-05
-0.21557942032814 0.27080580592155 -2.6743335723877 -0.74368143081665 -1.886402130127 -0.0020311290863901 6.205822865013e-05
-0.24096336960793 0.21592900156975 -2.714212179184 -0.65037751197815 -1.9169685840607 -0.002784293377772 -1.7748689060681e-05
-0.26915541291237 0.14565798640251 -2.7510230541229 -0.54546856880188 -1.9505577087402 -0.0039313249289989 1.5787396478117e-05
-0.2543560564518 0.11447378993034 -2.7427840232849 -0.51409411430359 -1.9434232711792 -0.00034956261515617 -0.0075466986745596
-0.2311090528965 0.095419377088547 -2.7284667491913 -0.50883913040161 -1.9198005199432 -0.00011448189616203 -0.014002135954797
-0.21045008301735 0.07626673579216 -2.7129843235016 -0.50518417358398 -1.8993194103241 -0.00013427063822746 -0.020536340773106
-0.19154325127602 0.057193249464035 -2.6968331336975 -0.50216507911682 -1.880330324173 -6.0122460126877e-05 -0.026768647134304
-0.17463865876198 0.038136929273605 -2.6798372268677 -0.50005388259888 -1.8634660243988 4.2635947465897e-05 -0.033376377075911
-0.15910997986794 0.01931044459343 -2.6623041629791 -0.49870443344116 -1.8477110862732 4.6450644731522e-05 -0.039680428802967
-0.14528241753578 0.00056168437004089 -2.6440629959106 -0.49809741973877 -1.8341476917267 6.4332038164139e-05 -0.046300325542688
-0.13259902596474 -0.017912179231644 -2.6253480911255 -0.49811816215515 -1.8215749263763 5.4318457841873e-05 -0.052656065672636
-0.12084594368935 -0.036078244447708 -2.6061553955078 -0.49899959564209 -1.8097014427185 0.00015779212117195 -0.058946818113327
-0.11019077897072 -0.054078131914139 -2.5865099430084 -0.50040078163147 -1.7991235256195 0.00013871863484383 -0.065259106457233
-0.10024443268776 -0.071764975786209 -2.5664672851562 -0.50257897377014 -1.7889883518219 0.00021215155720711 -0.071479000151157
-0.091172367334366 -0.08924201130867 -2.5460152626038 -0.50524997711182 -1.7799050807953 0.0002412386238575 -0.077805362641811
-0.082655102014542 -0.10641792416573 -2.5252339839935 -0.50863671302795 -1.7711870670319 0.00025220587849617 -0.084286764264107
-0.074773460626602 -0.12351825833321 -2.5040006637573 -0.51261758804321 -1.7630317211151 0.00021691992878914 -0.089537940919399
-0.067447334527969 -0.14016988873482 -2.4824092388153 -0.51775002479553 -1.7555065155029 0.00022931769490242 -0.094567321240902
-0.060545116662979 -0.15661123394966 -2.4604642391205 -0.52371501922607 -1.7481317520142 0.00013919547200203 -0.099520489573479
-0.056414991617203 -0.11632111668587 -2.4362020492554 -0.57951378822327 -1.7434823513031 0.0021738596260548 -0.10236240923405
-0.056465297937393 0.01501128077507 -2.3845403194427 -0.76211309432983 -1.7436857223511 0.0022458620369434 -0.10301276296377
-0.056595951318741 0.11874243617058 -2.315810918808 -0.93598675727844 -1.7440645694733 0.0019063539803028 -0.10426715761423
-0.056523710489273 0.19573256373405 -2.2337505817413 -1.0960292816162 -1.743903875351 0.0017308779060841 -0.10501427948475
-0.056393772363663 0.24876639246941 -2.1401460170746 -1.2433636188507 -1.7435173988342 0.001756627112627 -0.10613539814949
-0.056322008371353 0.28110644221306 -2.0363392829895 -1.3801319599152 -1.7433528900146 0.001714188605547 -0.10695103555918
