3.4749939459289e-07 1.6930678725657e-07 0.9148388504982
3.351228201609e-07 4.6210618620535e-07 0.91483902931213
8.5661639559476e-07 4.4288233880252e-07 0.91483908891678
8.6568201140835e-07 4.3121326598339e-07 0.91483902931213
1.3115761703375e-06 4.5065138465361e-07 0.91483914852142
1.5598482150381e-06 5.3999076499167e-07 0.91483908891678
1.5640367792003e-06 6.7333019160287e-07 0.91483908891678
1.3833455341228e-06 1.2713272781184e-06 0.91483896970749
1.019517981149e-06 1.2061086636095e-06 0.91483879089355
1.0424053016322e-06 1.0843004929484e-06 0.9148388504982
1.3006005019633e-06 6.8796424557149e-07 0.91483879089355
1.2685386536759e-06 3.4774652135638e-07 0.91483879089355
1.1686589687088e-06 1.2596468650372e-06 0.91483867168427
8.4966575286671e-07 1.0094134950123e-06 0.91483902931213
1.0244827990391e-06 1.0282401490258e-06 0.91483908891678
9.3314071136774e-07 1.1764702776418e-06 0.9148388504982
8.0768592169989e-07 1.47964738062e-06 0.91483902931213
9.3672710477222e-08 1.7146323898487e-06 0.91483891010284
1.7277886854572e-07 1.8600940165925e-06 0.91483867168427
1.0401536201243e-06 1.52945631271e-06 0.91483879089355
1.3129368880982e-06 2.0179434159218e-06 0.91483873128891
2.0351071725599e-06 1.7824105498221e-06 0.91483855247498
2.1704886421503e-06 1.8698160602071e-06 0.91483861207962
1.9861604414473e-06 1.7720753930917e-06 0.91483861207962
2.1795635802846e-06 1.4593116475226e-06 0.91483867168427
2.3692391550867e-06 1.5345150359281e-06 0.91483867168427
2.1123753413121e-06 1.4919321529305e-06 0.91483873128891
2.3799968857929e-06 6.1454159094865e-07 0.9148388504982
2.1296846171026e-06 5.6629181699464e-07 0.91483873128891
2.2665192318527e-06 5.243333589533e-07 0.91483896970749
2.2910960524314e-06 3.9371303728331e-07 0.91483891010284
2.4202443000831e-06 5.7349546978003e-07 0.91483908891678
0.00031030233367346 -0.0016127225244418 0.91563701629639
0.00052926130592823 -0.0045660380274057 0.91717821359634
0.00074301456334069 -0.0073936530388892 0.91865068674088
0.0012679169885814 -0.0096796378493309 0.93589496612549
0.0015484605683014 -0.0095675894990563 0.98288905620575
0.0015600690385327 -0.0085444618016481 1.0297446250916
0.0014305895892903 -0.0082924729213119 1.0766837596893
0.0013469994300976 -0.0076827448792756 1.1235194206238
0.001306212740019 -0.0072458693757653 1.1703145503998
