-0.018735703080893 0.048961773514748 1.2976868152618 0.0010522266384214 0.00016497819160577 -3.0591466426849 5.6428707466694e-05
-0.023443933576345 0.04481203854084 1.2893954515457 0.00093408965039998 0.00026245255139656 -3.0109021663666 5.452531240735e-06
-0.028136782348156 0.0406474173069 1.2810968160629 0.00099496298935264 0.0001504114625277 -2.9624879360199 4.135187191423e-05
-0.032848104834557 0.03650327026844 1.2728253602982 0.00081017293268815 0.00024662591749802 -2.9142863750458 6.3598665292375e-05
-0.037568189203739 0.03231942653656 1.2645181417465 0.00082087196642533 0.00033860467374325 -2.86665558815 9.181399946101e-05
-0.042266622185707 0.028143867850304 1.2562261819839 0.00082345341797918 0.00030139336013235 -2.8182792663574 3.7972920836182e-05
-0.046972081065178 0.023981600999832 1.2479215860367 0.00071784679312259 0.000376402575057 -2.7703812122345 5.9012021665694e-05
-0.051684945821762 0.019792392849922 1.2396068572998 0.00090426555834711 0.00044338346924633 -2.722293138504 -3.2978146919049e-05
-0.056373052299023 0.015649914741516 1.2313376665115 0.00066207372583449 0.00043262928375043 -2.6736018657684 2.5972549337894e-06
-0.061089232563972 0.011490032076836 1.2230427265167 0.00059141271049157 0.00052611972205341 -2.6259241104126 1.3928584849054e-05
-0.06579153239727 0.0073277875781059 1.2147387266159 0.00076341844396666 0.00044285511830822 -2.5777018070221 7.1227477747016e-05
-0.070501983165741 0.0031607747077942 1.2064691781998 0.00062395294662565 0.00045796629274264 -2.5293548107147 1.5253626770573e-05
-0.075216472148895 -0.0010053887963295 1.1981818675995 0.00053883000509813 0.00045271971612237 -2.4818334579468 1.0124859727512e-05
-0.079912811517715 -0.0051617920398712 1.1898608207703 0.00058162305504084 0.00028332695364952 -2.4331202507019 1.9406438696024e-06
-0.084591835737228 -0.0093076899647713 1.1815800666809 0.00047974911285564 0.00033799739321694 -2.3846936225891 -1.0795983143908e-05
-0.089325204491615 -0.013482920825481 1.1732709407806 0.00028136183391325 0.00021333340555429 -2.336936712265 -9.9979879450984e-06
-0.094013273715973 -0.017640668898821 1.1649791002274 0.00017381654470228 0.00015671594883315 -2.2892072200775 8.1810758274514e-06
-0.098732575774193 -0.02182437479496 1.1566689014435 9.865435276879e-05 5.4038282542024e-05 -2.2408764362335 -2.1543048205785e-05
-0.10344241559505 -0.026007134467363 1.1484102010727 6.2436927692033e-05 -0.00019088250701316 -2.1934356689453 1.176082969323e-05
-0.10814067721367 -0.030146352946758 1.1400675773621 -5.6899083574535e-05 -0.00026478071231395 -2.1449275016785 4.2340932850493e-05
-0.11283978074789 -0.03429988771677 1.1318271160126 -0.00016983335081022 -0.00037931077531539 -2.0969529151917 4.1181789129041e-05
-0.11755947768688 -0.038507305085659 1.1234579086304 -0.00010850330727408 -0.00034933665301651 -2.049159526825 6.1165097577032e-05
-0.12226684391499 -0.042636848986149 1.1152226924896 -2.4835077056196e-05 0.00017287521040998 -2.0009105205536 0.00011748576071113
-0.12694837152958 -0.046775825321674 1.1069662570953 0.00043095447472297 0.00092728552408516 -1.9525948762894 4.1436182982579e-06
-0.13165326416492 -0.050958093255758 1.0986458063126 0.00081801740452647 0.002223938703537 -1.9050813913345 -9.4300712589757e-06
-0.136374771595 -0.055112138390541 1.0902934074402 0.001370771904476 0.0037055495195091 -1.8562330007553 0.00010377587750554
-0.14105032384396 -0.059289827942848 1.0820112228394 0.0017056859796867 0.0050134500488639 -1.8094614744186 1.1923245438084e-05
-0.14577794075012 -0.063431359827518 1.0736984014511 0.001622153329663 0.0055422405712306 -1.7609285116196 -2.9596872082038e-06
-0.15046800673008 -0.067626431584358 1.0654344558716 0.0015109943924472 0.0053057339973748 -1.7134439945221 -6.4090777414094e-06
-0.15518966317177 -0.071795150637627 1.0571019649506 0.0011000166414306 0.0046259020455182 -1.6650905609131 1.5048470231704e-05
-0.15989446640015 -0.07591187953949 1.0488702058792 0.00091238151071593 0.0040604067035019 -1.6166939735413 4.1546554712113e-05
-0.16459652781487 -0.080131515860558 1.0404744148254 0.0005076682427898 0.0035025936085731 -1.5689361095428 -1.7221878806595e-05
-0.16929069161415 -0.084233567118645 1.0322799682617 0.00027980108279735 0.0032569069880992 -1.5208442211151 1.1563499356271e-05
-0.1739894002676 -0.088418565690517 1.0239769220352 0.0002408185537206 0.0030355439521372 -1.472891330719 -1.4608505807701e-05
-0.17869827151299 -0.092561565339565 1.0157256126404 7.3473078373354e-05 0.0030398368835449 -1.4249755144119 0.00015406342572533
-0.18341797590256 -0.096714198589325 1.0073310136795 9.3421032943297e-05 0.0029703991021961 -1.3767169713974 7.5977091910318e-05
-0.1881220638752 -0.10090935230255 0.99900031089783 6.6407556005288e-05 0.0029898995999247 -1.3290894031525 -5.9574781516858e-06
-0.19281747937202 -0.10506910085678 0.99077105522156 -0.0003174087323714 0.0029989229515195 -1.2809957265854 1.3200054127083e-05
-0.19753575325012 -0.10922268033028 0.98244482278824 -0.00036577312857844 0.0031334296800196 -1.2330312728882 8.2120459410362e-05
-0.20223347842693 -0.1133865788579 0.97411799430847 -0.00061307416763157 0.0031321039423347 -1.1849267482758 7.6654621807393e-05
-0.20692127943039 -0.11753897368908 0.96583187580109 -0.00092019228031859 0.0033754035830498 -1.1371052265167 7.045324309729e-05
-0.21163019537926 -0.12171087414026 0.95759284496307 -0.0013324090978131 0.0036068772897124 -1.0893392562866 2.3880613298388e-05
-0.21479687094688 -0.1248677521944 0.94981169700623 0.00071347871562466 0.0012742060935125 -1.0449868440628 -0.0028355028480291
-0.20535033941269 -0.11940783262253 0.9497948884964 0.0023061283864081 -0.0048805847764015 -1.0422611236572 -0.0087435096502304
-0.19574473798275 -0.11380685865879 0.9496778845787 0.0022178802173585 -0.0043738656677306 -1.0430691242218 -0.014950173906982
-0.18612864613533 -0.10822258889675 0.94969403743744 0.0018154239514843 -0.0037441349122673 -1.0432487726212 -0.020948842167854
-0.17653435468674 -0.10266973078251 0.94975078105927 0.001638617250137 -0.0032609498593956 -1.0437350273132 -0.027042316272855
-0.1669482588768 -0.097081646323204 0.94974291324615 0.0015185256488621 -0.0029889871366322 -1.0431598424911 -0.033346772193909
-0.15733021497726 -0.091505274176598 0.94977736473083 0.0014041882241145 -0.0026182106230408 -1.0431861877441 -0.039475336670876
-0.14775213599205 -0.085914820432663 0.94975143671036 0.001377071486786 -0.0026026002597064 -1.0432391166687 -0.045681115239859
-0.13814625144005 -0.080332770943642 0.94977116584778 0.0012030699290335 -0.0025257479865104 -1.0431087017059 -0.052131302654743
-0.12855044007301 -0.074744209647179 0.94972860813141 0.001187005545944 -0.0023198842536658 -1.0432947874069 -0.058758981525898
-0.11895080655813 -0.069159880280495 0.94987046718597 0.001031678635627 -0.0020463950932026 -1.0434160232544 -0.065101191401482
-0.10935308784246 -0.063571490347385 0.94978684186935 0.0011284359497949 -0.0020292713306844 -1.0433968305588 -0.071359731256962
-0.099759511649609 -0.057987965643406 0.94991767406464 0.0007960035582073 -0.0018554857233539 -1.0431884527206 -0.07769363373518
-0.090157851576805 -0.052413776516914 0.94980251789093 0.00091766571858898 -0.0018753911135718 -1.0433794260025 -0.083923161029816
-0.080558486282825 -0.04682918637991 0.94993817806244 0.00077128654811531 -0.0020834419410676 -1.0436452627182 -0.090243861079216
-0.077796243131161 -0.045242357999086 0.98400819301605 -0.00081954669440165 0.0031773501541466 -1.0445595979691 -0.090495407581329
-0.077823847532272 -0.045284003019333 1.0319051742554 -0.00051858049118891 0.0042569814249873 -1.0444235801697 -0.090386964380741
-0.07781158387661 -0.045296873897314 1.0799564123154 -0.0011345462407917 0.0041372799314559 -1.0449517965317 -0.090025819838047
-0.077808752655983 -0.045312110334635 1.1279727220535 -0.0014329476980492 0.0050783096812665 -1.0451399087906 -0.08985061943531
-0.077849723398685 -0.045325949788094 1.1759471893311 -0.001166537287645 0.0055741816759109 -1.0449464321136 -0.089536942541599
-0.077815935015678 -0.045334540307522 1.2239904403687 -0.0017217886634171 0.0059456629678607 -1.0458817481995 -0.089700527489185
