-0.062288429588079 0.1963891685009 -1.7378599643707 -1.6010339260101 -1.7156007289886 -0.00013808555377182 5.6428707466694e-05
-0.095099598169327 0.17470166087151 -1.7416598796844 -1.575484752655 -1.7965891361237 -0.00017074889910873 5.452531240735e-06
-0.12618461251259 0.15142628550529 -1.7436511516571 -1.5502951145172 -1.8760578632355 -0.00021581002511084 4.135187191423e-05
-0.15545716881752 0.12685295939445 -1.7439167499542 -1.5254235267639 -1.9534125328064 -0.00038699456490576 6.3598665292375e-05
-0.18293228745461 0.10099741816521 -1.7424342632294 -1.5009880065918 -2.0289363861084 -0.00034431763924658 9.181399946101e-05
-0.2085796892643 0.073894947767258 -1.7391483783722 -1.4772863388062 -2.1024906635284 -0.00054625817574561 3.7972920836182e-05
-0.23259535431862 0.045812577009201 -1.7341606616974 -1.4542055130005 -2.1747612953186 -0.00059680291451514 5.9012021665694e-05
-0.25496473908424 0.016638249158859 -1.7273857593536 -1.4319186210632 -2.2453417778015 -0.0006525928620249 -3.2978146919049e-05
-0.27568307518959 -0.013203889131546 -1.7189474105835 -1.4104559421539 -2.3142561912537 -0.00073723145760596 2.5972549337894e-06
-0.29484501481056 -0.043822079896927 -1.7088451385498 -1.3899388313293 -2.3814616203308 -0.00076941796578467 1.3928584849054e-05
-0.31250920891762 -0.075171738862991 -1.6970069408417 -1.3705945014954 -2.4473352432251 -0.00086240121163428 7.1227477747016e-05
-0.32871809601784 -0.10695865750313 -1.6836259365082 -1.3520967960358 -2.5115487575531 -0.00090293237008154 1.5253626770573e-05
-0.34355488419533 -0.13912418484688 -1.6687743663788 -1.3347625732422 -2.5741627216339 -0.00097851105965674 1.0124859727512e-05
-0.35720172524452 -0.17190936207771 -1.6521835327148 -1.3185606002808 -2.6362464427948 -0.00087193795479834 1.9406438696024e-06
-0.36957398056984 -0.20491746068001 -1.6341123580933 -1.3035001754761 -2.6970996856689 -0.00081090279854834 -1.0795983143908e-05
-0.38078108429909 -0.2381286919117 -1.6148076057434 -1.2893776893616 -2.7560729980469 -0.000622313702479 -9.9979879450984e-06
-0.39086189866066 -0.27148488163948 -1.5940222740173 -1.2765145301819 -2.8140027523041 -0.00030879327096045 8.1810758274514e-06
-0.39998236298561 -0.30503824353218 -1.571834564209 -1.2645647525787 -2.8713684082031 0.000279146945104 -2.1543048205785e-05
-0.40810027718544 -0.33856585621834 -1.5484948158264 -1.253429889679 -2.9272482395172 0.0011846607085317 1.176082969323e-05
-0.41533222794533 -0.37222960591316 -1.5239081382751 -1.2428567409515 -2.9828956127167 0.0027100627776235 4.2340932850493e-05
-0.42169609665871 -0.4054813683033 -1.4983911514282 -1.2326962947845 -3.0372157096863 0.0049602575600147 4.1181789129041e-05
-0.42728272080421 -0.43886688351631 -1.4718947410583 -1.2227034568787 -3.0905702114105 0.0082575865089893 6.1165097577032e-05
-0.43211188912392 -0.47182396054268 -1.4444391727448 -1.2127637863159 -3.1437261104584 0.012528616935015 0.00011748576071113
-0.43622794747353 -0.50456571578979 -1.4160325527191 -1.2034447193146 -3.1958363056183 0.017510134726763 4.1436182982579e-06
-0.4396964609623 -0.5373842716217 -1.3865094184875 -1.1955420970917 -3.2469661235809 0.022086817771196 -9.4300712589757e-06
-0.4425565302372 -0.57078695297241 -1.3550415039062 -1.1907558441162 -3.298228263855 0.025121886283159 0.00010377587750554
-0.44482293725014 -0.60463261604309 -1.3216485977173 -1.1902132034302 -3.3485305309296 0.025194365531206 1.1923245438084e-05
-0.44657698273659 -0.63917374610901 -1.286191701889 -1.1940054893494 -3.3979775905609 0.022167880088091 -2.9596872082038e-06
-0.4478100836277 -0.67422389984131 -1.2489919662476 -1.2006669044495 -3.4470071792603 0.017604071646929 -6.4090777414094e-06
-0.44857016205788 -0.70960092544556 -1.2104218006134 -1.2082753181458 -3.4959218502045 0.013255316764116 1.5048470231704e-05
-0.44891873002052 -0.74465870857239 -1.1710426807404 -1.2158615589142 -3.5445711612701 0.0098664350807667 4.1546554712113e-05
-0.44883480668068 -0.77977848052979 -1.1308565139771 -1.2232234477997 -3.5921890735626 0.0075695104897022 -1.7221878806595e-05
-0.44838467240334 -0.81467747688293 -1.0895965099335 -1.2308638095856 -3.6399884223938 0.0062462873756886 1.1563499356271e-05
-0.44757643342018 -0.84977006912231 -1.0472326278687 -1.2389717102051 -3.6870031356812 0.0053226538002491 -1.4608505807701e-05
-0.44646373391151 -0.88501334190369 -1.0034091472626 -1.2480521202087 -3.733925819397 0.004721362143755 0.00015406342572533
-0.44505849480629 -0.92080092430115 -0.95809507369995 -1.2581257820129 -3.7803058624268 0.0042779035866261 7.5977091910318e-05
-0.44332829117775 -0.95703339576721 -0.91102600097656 -1.2692618370056 -3.8265657424927 0.00408049300313 -5.9574781516858e-06
-0.44138017296791 -0.99353718757629 -0.86215424537659 -1.2816512584686 -3.8724999427795 0.003751952201128 1.3200054127083e-05
-0.43919005990028 -1.0308780670166 -0.81104016304016 -1.2954783439636 -3.9182233810425 0.0035950727760792 8.2120459410362e-05
-0.4367553293705 -1.0693731307983 -0.75718760490417 -1.3109488487244 -3.964056968689 0.0035602636635303 7.6654621807393e-05
-0.43414536118507 -1.1087186336517 -0.70042133331299 -1.3280832767487 -4.0094728469849 0.0035373754799366 7.045324309729e-05
-0.43139925599098 -1.1496171951294 -0.63994216918945 -1.3472876548767 -4.0543670654297 0.0034462995827198 2.3880613298388e-05
-0.42767921090126 -1.1862359046936 -0.58708715438843 -1.3674714565277 -4.0947942733765 0.0017826147377491 -0.0028355028480291
-0.41905942559242 -1.1520349979401 -0.65845918655396 -1.3377540111542 -4.0892267227173 -0.0041959695518017 -0.0087435096502304
-0.4105478823185 -1.1164269447327 -0.73028206825256 -1.3008830547333 -4.0802993774414 -0.0037923268973827 -0.014950173906982
-0.40181747078896 -1.083783864975 -0.79560089111328 -1.2674200534821 -4.071174621582 -0.003407996147871 -0.020948842167854
-0.39288440346718 -1.0535290241241 -0.8558886051178 -1.2368094921112 -4.0617165565491 -0.0030107907950878 -0.027042316272855
-0.38361039757729 -1.0254199504852 -0.91188645362854 -1.2085597515106 -4.0528564453125 -0.0027804784476757 -0.033346772193909
-0.37413659691811 -0.99879145622253 -0.96466612815857 -1.1819944381714 -4.0433773994446 -0.0025539807975292 -0.039475336670876
-0.36445894837379 -0.97365403175354 -1.0147211551666 -1.1570825576782 -4.033576965332 -0.0025315694510937 -0.045681115239859
-0.35451140999794 -0.94935393333435 -1.0625138282776 -1.1332988739014 -4.0234966278076 -0.0023777894675732 -0.052131302654743
-0.3442784845829 -0.92631888389587 -1.1080439090729 -1.1107499599457 -4.0133686065674 -0.0023675374686718 -0.058758981525898
-0.33379545807838 -0.90382313728333 -1.1518592834473 -1.0890944004059 -4.0028200149536 -0.0022075586020947 -0.065101191401482
-0.32302084565163 -0.88237881660461 -1.1940095424652 -1.0683917999268 -3.9919402599335 -0.0021307878196239 -0.071359731256962
-0.31194391846657 -0.8614399433136 -1.2345952987671 -1.0485315322876 -3.9809982776642 -0.002236645668745 -0.07769363373518
-0.30056300759315 -0.84138298034668 -1.2739207744598 -1.029287815094 -3.9695711135864 -0.0021076612174511 -0.083923161029816
-0.28890958428383 -0.82153582572937 -1.3121030330658 -1.0107204914093 -3.9577374458313 -0.0021484307944775 -0.090243861079216
-0.28562441468239 -0.77133584022522 -1.3044176101685 -1.0618824958801 -3.9535820484161 0.0036265440285206 -0.090495407581329
-0.28565254807472 -0.71930551528931 -1.2628586292267 -1.1549174785614 -3.9533710479736 0.0043894834816456 -0.090386964380741
-0.28570571541786 -0.67668294906616 -1.2060022354126 -1.2537508010864 -3.9529843330383 0.0050460882484913 -0.090025819838047
-0.28571000695229 -0.64493298530579 -1.1326107978821 -1.3578486442566 -3.9530620574951 0.0057575292885303 -0.08985061943531
-0.28575411438942 -0.62558388710022 -1.0405550003052 -1.4686138629913 -3.9528620243073 0.0062572546303272 -0.089536942541599
-0.28581038117409 -0.62025213241577 -0.92628717422485 -1.5870163440704 -3.9523642063141 0.0072862692177296 -0.089700527489185
