4.4370753471412e-07 2.7477108588414e-08 0.91483873128891
5.8782711676031e-07 3.4427088735356e-07 0.91483891010284
4.9267322310698e-07 5.3221521056912e-07 0.91483879089355
5.1160401426387e-07 8.4402540778683e-07 0.91483867168427
3.5402828757469e-07 1.1523990224305e-06 0.9148388504982
2.6154100396525e-07 9.7591112080408e-07 0.91483891010284
5.9450879774658e-08 9.8519240054884e-07 0.91483879089355
-3.7084771520313e-07 9.4418214757752e-07 0.91483879089355
-8.8352798854885e-08 9.9905673778267e-07 0.91483891010284
-8.4537774114324e-08 1.5384696325782e-06 0.91483879089355
1.450520983326e-07 1.1644744972727e-06 0.9148388504982
-3.1342855777439e-07 1.4754374433323e-06 0.91483914852142
-2.1931045424139e-08 1.4186936141414e-06 0.91483926773071
-8.5432141361252e-09 1.1814842082458e-06 0.91483920812607
-1.544753303051e-07 1.3890660284233e-06 0.91483914852142
-6.1730105471725e-07 1.2441065564417e-06 0.91483914852142
-5.5189246950249e-07 1.3511654515241e-06 0.91483908891678
-7.2716380827842e-07 1.2185096238682e-06 0.91483914852142
-5.7322984048369e-07 1.4146150988381e-06 0.91483920812607
-8.5202918853611e-07 1.4468441804638e-06 0.91483932733536
-7.7691743172181e-07 1.2834259450756e-06 0.91483944654465
-7.7619245075766e-07 9.2588942379734e-07 0.91483938694
-9.0099678118349e-07 9.305550179306e-07 0.91483938694
-5.0744392865454e-07 1.209290985571e-06 0.91483986377716
-1.2136987379563e-06 1.3773445743936e-06 0.91483998298645
-1.0819528597494e-06 1.2842558589909e-06 0.91484004259109
-9.6501389634795e-07 1.2401169442455e-06 0.91484004259109
-7.0363637405535e-07 9.491540140516e-07 0.91484010219574
-1.2093789791834e-06 9.300309216087e-07 0.91484010219574
-9.4172168019213e-07 9.8165310191689e-07 0.91484004259109
-8.989555340122e-07 1.0148989986192e-06 0.91483998298645
-9.7103020380018e-07 7.3529764677005e-07 0.91483992338181
-1.2614978004422e-06 9.8546115623321e-07 0.91484004259109
-1.5533016721747e-06 1.0655687674443e-06 0.91484022140503
-1.377793410029e-06 8.3152519891883e-07 0.91484022140503
-1.2952326642335e-06 9.2499362835952e-07 0.91484034061432
-1.4807371826464e-06 6.837964292572e-07 0.91484022140503
-1.1127388006571e-06 7.2235309289681e-07 0.91484016180038
-7.8004433134993e-07 1.0957087397401e-06 0.91484063863754
-7.4054526066902e-07 9.3496959152617e-07 0.91484075784683
-9.391164326189e-07 1.0571789061942e-06 0.91484099626541
-1.4995192714196e-06 5.8134753544437e-07 0.91484123468399
-1.9969736513303e-06 5.0491115644036e-07 0.91484141349792
-1.6243469644905e-06 2.9194907824603e-07 0.91484141349792
-1.4170376516631e-06 7.5295110946172e-07 0.91484117507935
-1.48782442011e-06 6.0247879218878e-07 0.91484123468399
-1.4275071862357e-06 6.195838864187e-07 0.91484129428864
-9.1415438419062e-07 3.2577128195044e-07 0.91484123468399
-1.3374572063185e-06 4.1502150338601e-07 0.91484135389328
-1.3448367326419e-06 3.8440421690211e-07 0.91484153270721
-1.8168256019635e-06 1.6096059596293e-07 0.91484153270721
-1.2384404044496e-06 -3.747415178168e-07 0.9148416519165
-1.1021667205569e-06 -7.0081745207062e-07 0.91484159231186
-8.1164461107619e-07 -9.2129039330757e-07 0.91484171152115
-6.9757919618496e-07 -1.2699056242127e-06 0.91484177112579
-7.1741135343473e-07 -1.2046568826918e-06 0.9148416519165
0.00062689458718523 0.00034385910839774 0.91523575782776
0.0038740986492485 0.0022288290783763 0.94590497016907
0.0038576424121857 0.0022115046158433 0.99298995733261
0.0044153509661555 0.0022216341458261 1.0393432378769
0.0046049328520894 0.0020830072462559 1.0867273807526
0.0047420295886695 0.002272900659591 1.1338831186295
0.0046471478417516 0.0020452695898712 1.1813042163849
