-0.0089773703366518 0.047750532627106 1.3024060726166 0.00083704764256254 6.7482884333003e-05 3.0582823753357 -1.8146062075175e-06
-0.0084209758788347 0.042939692735672 1.2966994047165 0.00082361767999828 -0.00022051917039789 3.0102603435516 -2.9198583433754e-05
-0.0078790206462145 0.038133606314659 1.2909733057022 0.00081573193892837 -0.00014528063184116 2.9622442722321 -1.6701342246961e-05
-0.00732889957726 0.033323884010315 1.2852672338486 0.00084000872448087 -0.00012607159442268 2.9141156673431 -1.2432467883627e-05
-0.0067651327699423 0.028522372245789 1.2795295715332 0.00076732458546758 -0.00020456773927435 2.8659663200378 8.6704072600696e-05
-0.0062295570969582 0.02370548248291 1.2738124132156 0.00092525663785636 -0.0003223785024602 2.8178374767303 3.2759126042947e-05
-0.0056951120495796 0.018909826874733 1.2681049108505 0.00071836001006886 -0.00028907897649333 2.7696704864502 8.3560385974124e-05
-0.0051436088979244 0.01408451795578 1.2623745203018 0.00084072415484115 -0.00041077513014898 2.7214705944061 -1.324811091763e-05
-0.0045812129974365 0.0092591047286987 1.2566479444504 0.00081416749162599 -0.00035737466532737 2.6731669902802 5.4095784435049e-05
-0.0040168985724449 0.0044583827257156 1.2509396076202 0.00073261407669634 -0.00039744010427967 2.6254200935364 3.2485750125488e-05
-0.0034856796264648 -0.00034452229738235 1.2452116012573 0.00071159563958645 -0.00041972822509706 2.57737159729 5.2091076213401e-05
-0.0029127523303032 -0.0051775202155113 1.2394648790359 0.00068048731191084 -0.00044426720705815 2.5294284820557 6.3962521380745e-05
-0.0023740455508232 -0.0099768191576004 1.2337921857834 0.00061547028599307 -0.00042749600834213 2.4809031486511 -1.2935613085574e-05
-0.0018178001046181 -0.014797508716583 1.2280503511429 0.00043265611748211 -0.00048222494660877 2.4332876205444 3.6169883969706e-05
-0.0012878179550171 -0.019617527723312 1.2223061323166 0.00060266017680988 -0.00049411924555898 2.3849282264709 6.0531710914802e-06
-0.00073700398206711 -0.024419516324997 1.2165973186493 0.00057138211559504 -0.00051637581782416 2.3369348049164 9.6553783805575e-05
-0.0001600980758667 -0.029217824339867 1.2108888626099 0.00059766543563455 -0.00041473787860014 2.2889714241028 1.2193768270663e-05
0.00037232041358948 -0.034026898443699 1.2051911354065 0.00040414216346107 -0.0004026806273032 2.2409157752991 -2.7909898108192e-06
0.00091277062892914 -0.038841832429171 1.1994301080704 0.00040424623875879 -0.00038234092062339 2.192319393158 0.00010797531285789
0.0014625713229179 -0.04365274682641 1.1936979293823 0.00045781064545736 -0.00018726111738943 2.1443200111389 5.8105499192607e-05
0.0020194128155708 -0.048469718545675 1.1879651546478 0.00037290767068043 -0.00013898086035624 2.0961737632751 6.3066770962905e-05
0.0025808364152908 -0.05328531563282 1.1822911500931 4.394275310915e-05 -9.9438977485988e-05 2.0483584403992 2.34661893046e-05
0.0031237080693245 -0.058088082820177 1.1765729188919 5.157440318726e-05 8.156435796991e-05 2.0003190040588 5.9353983488108e-06
0.0036694332957268 -0.062920935451984 1.1708121299744 0.00012836359383073 0.00015308831643779 1.9522651433945 8.8856186266639e-06
0.0042307078838348 -0.067731879651546 1.1650958061218 3.7427242205013e-05 0.00018470951181371 1.9047243595123 6.7581822804641e-05
0.0047835372388363 -0.072510667145252 1.1594017744064 4.3415977415862e-05 -2.206657154602e-05 1.8567447662354 0.0001224276056746
0.0053296610713005 -0.077345311641693 1.1536597013474 0.00028587752603926 -0.00032505253329873 1.8091068267822 1.2681176485785e-05
0.0058781988918781 -0.082138739526272 1.1479350328445 0.00032661997829564 -0.00093396950978786 1.7600594758987 -1.2854615306424e-05
0.0064209066331387 -0.08698732405901 1.1421604156494 0.0005959338741377 -0.0019281526328996 1.7123857736588 -1.3782498172077e-05
0.0069634187966585 -0.091783657670021 1.136509180069 0.00054856977658346 -0.0030180946923792 1.6642946004868 -1.275477825402e-05
0.007534135133028 -0.096634112298489 1.1307163238525 0.00076271640136838 -0.0036501900758594 1.6169583797455 -3.0033052098588e-06
0.0080845896154642 -0.10141948610544 1.1250296831131 0.00036256213206798 -0.0041652913205326 1.5684961080551 4.7979487135308e-05
0.0086259320378304 -0.10623118281364 1.1193195581436 0.00047960082883947 -0.0039115473628044 1.520637512207 0.00017345085507259
0.0091690197587013 -0.11104566603899 1.1135960817337 0.00031203738762997 -0.0034099274780601 1.472957611084 -1.1288018868072e-05
0.0097464770078659 -0.1158866584301 1.1077954769135 0.00018313498003408 -0.002854234771803 1.4248213768005 6.2899991462473e-05
0.010274026542902 -0.12065622210503 1.1021511554718 -2.6428002456669e-05 -0.0026688145007938 1.3764947652817 6.3869601945044e-06
0.010833352804184 -0.12550565600395 1.0963333845139 -3.0642931960756e-05 -0.0024284953251481 1.3290151357651 3.7553134461632e-05
0.011377658694983 -0.13025665283203 1.0906747579575 -0.00013771127851214 -0.0021696453914046 1.2802551984787 0.00011919588723686
0.011923782527447 -0.13510212302208 1.0849602222443 -0.0002555972605478 -0.0022067616228014 1.2321330308914 -9.8974005595664e-06
0.012466877698898 -0.13988545536995 1.0793207883835 -0.00043910442036577 -0.0021278725471348 1.1848211288452 -1.8334420019528e-05
0.013017795979977 -0.14470940828323 1.0735002756119 -0.00035367204691283 -0.0020464749541134 1.1370197534561 -1.5145059478527e-05
0.013579629361629 -0.14952027797699 1.0677620172501 -0.00050763523904607 -0.0018025815952569 1.0884138345718 2.3265223717317e-05
0.014129601418972 -0.15432575345039 1.062015414238 -0.00041379890171811 -0.0019091635476798 1.0407375097275 3.9655904402025e-05
0.014685027301311 -0.15915584564209 1.0562670230865 -0.00052415253594518 -0.001915164059028 0.9926096200943 4.4594395149034e-05
0.015241771936417 -0.16396184265614 1.0504957437515 -0.00051709229592234 -0.0019068378023803 0.9445464015007 8.931890988606e-06
0.015783123672009 -0.16876059770584 1.0449146032333 -0.00092608999693766 -0.0018878118135035 0.8969013094902 4.4173295464134e-05
0.016331396996975 -0.17358472943306 1.0391305685043 -0.0010132252937183 -0.0017619633581489 0.84905934333801 -1.0931541510217e-05
0.016885384917259 -0.17839354276657 1.0334455966949 -0.00097768288105726 -0.0018462617881596 0.80106210708618 5.0656675739447e-05
0.017431907355785 -0.18321201205254 1.0277436971664 -0.0013128662249073 -0.0017805325333029 0.75355231761932 2.0894913177472e-05
0.017972990870476 -0.18801400065422 1.0219204425812 -0.0014238825533539 -0.0019114690367132 0.70558416843414 -2.0613653759938e-05
0.018531166017056 -0.19280526041985 1.0162981748581 -0.001998497871682 -0.0018711144803092 0.65719777345657 0.00010041760106105
0.019066549837589 -0.1976423561573 1.0104789733887 -0.0020486975554377 -0.0019817976281047 0.60967153310776 -1.4416885278479e-05
0.019626192748547 -0.20245406031609 1.0048087835312 -0.0025650775060058 -0.0022116538602859 0.56175833940506 1.3279493941809e-05
0.020174451172352 -0.20726236701012 0.99906206130981 -0.0034432222601026 -0.0024684397503734 0.51432967185974 0.0001000806078082
0.020728766918182 -0.21207815408707 0.99326550960541 -0.0047680563293397 -0.002798835746944 0.46724319458008 9.8725824500434e-05
0.021272294223309 -0.21687403321266 0.98759794235229 -0.0074256942607462 -0.0038369190879166 0.42032217979431 0.00014317556633614
0.021824426949024 -0.22169062495232 0.98173558712006 -0.014002908952534 -0.0059241456910968 0.37597861886024 4.2510910134297e-05
0.022379539906979 -0.22648841142654 0.9762242436409 -0.035645518451929 -0.01278636790812 0.34033605456352 1.7076843505492e-05
0.022948548197746 -0.23122924566269 0.97033250331879 -0.082694336771965 -0.026941202580929 0.31544882059097 9.0240813733544e-05
0.023494973778725 -0.23597696423531 0.96468579769135 -0.13631752133369 -0.040555402636528 0.28689020872116 7.7871343819425e-05
0.024021223187447 -0.24074682593346 0.95885109901428 -0.18973286449909 -0.049602434039116 0.25064647197723 4.9626592954155e-05
0.024600353091955 -0.24552851915359 0.95319354534149 -0.24329270422459 -0.052716128528118 0.2067327350378 5.6028940889519e-05
0.024558734148741 -0.24470460414886 0.94974511861801 -0.24584163725376 -0.042990230023861 0.1663716584444 -0.0045833154581487
0.023586608469486 -0.23520708084106 0.94981396198273 -0.16459172964096 -0.024645267054439 0.14470513164997 -0.010978600010276
0.022622384130955 -0.22569459676743 0.94972062110901 -0.074056051671505 -0.0093497820198536 0.12033849954605 -0.017307380214334
0.021629028022289 -0.21618926525116 0.94974493980408 0.026747098192573 0.0022125251125544 0.093565456569195 -0.023425744846463
0.020689886063337 -0.20663601160049 0.94968640804291 0.033587053418159 0.0031818982679397 0.09237465262413 -0.029592115432024
0.019734084606171 -0.19696670770645 0.9497686624527 0.008091676980257 0.00090809166431427 0.098065778613091 -0.035880014300346
0.018774900585413 -0.18736472725868 0.9496511220932 0.0052697556093335 0.00049259129446 0.09883239865303 -0.042284402996302
0.017802864313126 -0.17775386571884 0.94988459348679 0.0036730030551553 0.00045825084089302 0.099150598049164 -0.048915687948465
0.016846794635057 -0.16814878582954 0.94972008466721 0.0032329289242625 0.00022982215159573 0.099231347441673 -0.055407103151083
0.015896314755082 -0.15855869650841 0.94981503486633 0.0026334074791521 0.00020181440049782 0.09961661696434 -0.061724316328764
0.014927914366126 -0.14896020293236 0.94972324371338 0.0024910371284932 0.0002133927482646 0.099518001079559 -0.067976534366608
0.013962475582957 -0.13935866951942 0.94980996847153 0.0021361915860325 0.0001679216948105 0.099305160343647 -0.074258096516132
0.013015476986766 -0.12974056601524 0.94981175661087 0.0019609723240137 0.00012347972369753 0.099621310830116 -0.080672703683376
0.012049982324243 -0.12015995383263 0.94986498355865 0.001578776515089 0.00018498206918593 0.099457576870918 -0.086958423256874
0.011093409731984 -0.11059617996216 0.94994765520096 0.0019724681042135 0.00016229334869422 0.099547445774078 -0.092012122273445
0.010135127231479 -0.10091564059258 0.94989919662476 0.0011228555813432 0.00016144370601978 0.099753402173519 -0.097386457026005
0.0091864112764597 -0.091388344764709 0.94989049434662 0.001157004153356 0.00012535443238448 0.099723868072033 -0.10243172943592
0.0089695937931538 -0.089597478508949 0.98828417062759 -0.0010559723014012 -0.00044266288750805 0.10021307319403 -0.10339809209108
0.0089837461709976 -0.089565992355347 1.0363428592682 -0.001368698081933 -0.00028393176035024 0.099824003875256 -0.10473560541868
0.0089936200529337 -0.089594885706902 1.0843229293823 -0.0023619113489985 -0.00047508650459349 0.0999586135149 -0.10553459823132
0.0089862830936909 -0.089593544602394 1.1324219703674 -0.0021807830780745 -0.00024193761055358 0.10034579783678 -0.10618294775486
0.0089742988348007 -0.089674577116966 1.1802690029144 -0.0019466317025945 -0.00012120649626013 0.10065361112356 -0.10685405880213
0.0089848898351192 -0.089709997177124 1.2282402515411 -0.0028228990267962 -0.00071112596197054 0.10074146091938 -0.10787012428045
