0.038034293800592 0.22029539942741 -1.7443907260895 -1.618275642395 -1.4492635726929 0.00010486297833268 -1.8146062075175e-06
0.058892104774714 0.21250054240227 -1.7530035972595 -1.601883649826 -1.3802533149719 0.00022741011343896 -2.9198583433754e-05
0.078743785619736 0.2032890021801 -1.7604615688324 -1.5851907730103 -1.3125915527344 0.00020833662711084 -1.6701342246961e-05
0.097808688879013 0.19269558787346 -1.7666547298431 -1.568382024765 -1.2454731464386 0.00027747801505029 -1.2432467883627e-05
0.11594375967979 0.18060538172722 -1.7716393470764 -1.5513787269592 -1.1791381835938 0.00038190535269678 8.6704072600696e-05
0.13297256827354 0.16712853312492 -1.7752621173859 -1.5343344211578 -1.1140222549438 0.00043817213736475 3.2759126042947e-05
0.14894136786461 0.1523422896862 -1.7776141166687 -1.5171551704407 -1.0498139858246 0.00049014738760889 8.3560385974124e-05
0.16381964087486 0.13618847727776 -1.7786023616791 -1.5000522136688 -0.98680877685547 0.000506836688146 -1.324811091763e-05
0.17763075232506 0.11879441142082 -1.7782564163208 -1.4830641746521 -0.92479038238525 0.00062652281485498 5.4095784435049e-05
0.19021639227867 0.10026022791862 -1.7765872478485 -1.4662132263184 -0.86435556411743 0.00063796690665185 3.2485750125488e-05
0.20175728201866 0.080537289381027 -1.7735023498535 -1.4496827125549 -0.80472373962402 0.00070138624869287 5.2091076213401e-05
0.21220859885216 0.059817761182785 -1.7691442966461 -1.433363199234 -0.7464587688446 0.00075860670767725 6.3962521380745e-05
0.2216771543026 0.038083523511887 -1.76322889328 -1.4174811840057 -0.68842482566833 0.00086923292838037 -1.2935613085574e-05
0.2300156056881 0.015412300825119 -1.7560667991638 -1.4020652770996 -0.63221144676208 0.00095124891959131 3.6169883969706e-05
0.23738703131676 -0.0080578625202179 -1.747540473938 -1.3872067928314 -0.57672023773193 0.0010747497435659 6.0531710914802e-06
0.24378141760826 -0.032265931367874 -1.7376437187195 -1.3729078769684 -0.522305727005 0.0010366027709097 9.6553783805575e-05
0.24930176138878 -0.057111293077469 -1.7264325618744 -1.3592882156372 -0.4686872959137 0.0010218208190054 1.2193768270663e-05
0.25389656424522 -0.082583457231522 -1.7138955593109 -1.3462982177734 -0.41609859466553 0.0010385101195425 -2.7909898108192e-06
0.25769600272179 -0.10873058438301 -1.700085401535 -1.3338558673859 -0.36410355567932 0.00091787031851709 0.00010797531285789
0.26069721579552 -0.13528135418892 -1.6850049495697 -1.3222796916962 -0.31301760673523 0.00081582716666162 5.8105499192607e-05
0.26293358206749 -0.16234305500984 -1.6686544418335 -1.3113462924957 -0.26252341270447 0.00066943815909326 6.3066770962905e-05
0.26447519659996 -0.18947723507881 -1.6512567996979 -1.3010766506195 -0.21339702606201 0.00022502592764795 2.34661893046e-05
0.26531872153282 -0.21696689724922 -1.6326477527618 -1.291318655014 -0.16449165344238 -0.00070146867074072 5.9353983488108e-06
0.26553711295128 -0.24477913975716 -1.6129860877991 -1.2819216251373 -0.11599230766296 -0.0019677097443491 8.8856186266639e-06
0.26518043875694 -0.27255156636238 -1.5924124717712 -1.2727952003479 -0.0684654712677 -0.0038729126099497 6.7581822804641e-05
0.26426061987877 -0.30034664273262 -1.5708570480347 -1.2638504505157 -0.021223306655884 -0.0064452104270458 0.0001224276056746
0.26280197501183 -0.32814839482307 -1.5484838485718 -1.2552652359009 0.024838209152222 -0.0096397809684277 1.2681176485785e-05
0.26088556647301 -0.3561547100544 -1.524876832962 -1.24733543396 0.071257829666138 -0.01318458840251 -1.2854615306424e-05
0.2584408223629 -0.38450244069099 -1.500091791153 -1.2407639026642 0.1169970035553 -0.016315739601851 -1.3782498172077e-05
0.25563749670982 -0.41275861859322 -1.474089384079 -1.23659491539 0.16198515892029 -0.018084090203047 -1.275477825402e-05
0.2524445950985 -0.44181779026985 -1.446587562561 -1.2352583408356 0.20636391639709 -0.017868559807539 -3.0033052098588e-06
0.24881824851036 -0.47139957547188 -1.4173274040222 -1.2368769645691 0.25103831291199 -0.015874665230513 4.7979487135308e-05
0.24485859274864 -0.5012218952179 -1.3869178295135 -1.2404527664185 0.29511046409607 -0.012918990105391 0.00017345085507259
0.24061617255211 -0.53118395805359 -1.3556003570557 -1.2448818683624 0.33857798576355 -0.0097778253257275 -1.1288018868072e-05
0.23604616522789 -0.56131315231323 -1.3233714103699 -1.2494502067566 0.38225197792053 -0.007443230599165 6.2899991462473e-05
0.23118624091148 -0.59102511405945 -1.2904930114746 -1.254091501236 0.42535185813904 -0.0058725290000439 6.3869601945044e-06
0.22610983252525 -0.62084078788757 -1.25688123703 -1.2589898109436 0.46798253059387 -0.0047862939536572 3.7553134461632e-05
0.22073206305504 -0.65071868896484 -1.222188949585 -1.2644431591034 0.51101469993591 -0.0041723661124706 0.00011919588723686
0.21513542532921 -0.68059921264648 -1.1865692138672 -1.2705571651459 0.5536253452301 -0.003595869988203 -9.8974005595664e-06
0.20942339301109 -0.71030449867249 -1.1503036022186 -1.2774114608765 0.59545636177063 -0.0031936578452587 -1.8334420019528e-05
0.20345720648766 -0.74054169654846 -1.1128084659576 -1.2850120067596 0.63769316673279 -0.0029907636344433 -1.5145059478527e-05
0.19737133383751 -0.77095437049866 -1.0742123126984 -1.2935652732849 0.67955803871155 -0.0025239400565624 2.3265223717317e-05
0.19109091162682 -0.80147695541382 -1.0347011089325 -1.3027975559235 0.72121167182922 -0.0024841241538525 3.9655904402025e-05
0.18470510840416 -0.83224439620972 -0.99383211135864 -1.3129980564117 0.76277756690979 -0.0023236684501171 4.4594395149034e-05
0.17818674445152 -0.86348795890808 -0.95173668861389 -1.3240821361542 0.80422139167786 -0.0021508149802685 8.931890988606e-06
0.17153915762901 -0.89468097686768 -0.90824747085571 -1.3361637592316 0.84568333625793 -0.0020192079246044 4.4173295464134e-05
0.16485390067101 -0.92662954330444 -0.86342239379883 -1.3491916656494 0.88666319847107 -0.001915019005537 -1.0931541510217e-05
0.15805134177208 -0.95890402793884 -0.81682944297791 -1.3633489608765 0.92780470848083 -0.0019512586295605 5.0656675739447e-05
0.15117248892784 -0.99191999435425 -0.76827144622803 -1.3786869049072 0.96891093254089 -0.0018365792930126 2.0894913177472e-05
0.14427599310875 -1.025979757309 -0.71752285957336 -1.395411491394 1.0095794200897 -0.0018973760306835 -2.0613653759938e-05
0.13725647330284 -1.0609579086304 -0.66387033462524 -1.4138212203979 1.0508372783661 -0.0017347745597363 0.00010041760106105
0.13028463721275 -1.0973963737488 -0.60716485977173 -1.4338924884796 1.0915439128876 -0.0018108300864697 -1.4416885278479e-05
0.12324985861778 -1.1353995800018 -0.54615068435669 -1.456312417984 1.132292509079 -0.0020423345267773 1.3279493941809e-05
0.1162723004818 -1.17604637146 -0.47959470748901 -1.481467962265 1.1727216243744 -0.002177756279707 0.0001000806078082
0.1092856824398 -1.2203516960144 -0.40495038032532 -1.5105671882629 1.2131788730621 -0.0024211816489697 9.8725824500434e-05
0.10239633917809 -1.269730091095 -0.31831312179565 -1.5448527336121 1.2530143260956 -0.0031042508780956 0.00014317556633614
0.095924705266953 -1.3278329372406 -0.21244883537292 -1.5855824947357 1.290712594986 -0.0046530179679394 4.2510910134297e-05
0.090700000524521 -1.392954826355 -0.085076332092285 -1.6245324611664 1.3214223384857 -0.0096333436667919 1.7076843505492e-05
0.0871761739254 -1.4315037727356 -0.0050804615020752 -1.6157221794128 1.3427374362946 -0.020152132958174 9.0240813733544e-05
0.08319029211998 -1.435005903244 0.0036425590515137 -1.5651504993439 1.3667318820953 -0.029694836586714 7.7871343819425e-05
0.078112453222275 -1.434561252594 0.0025992393493652 -1.5105924606323 1.3970301151276 -0.035234730690718 4.9626592954155e-05
0.071943610906601 -1.4346649646759 0.0019316673278809 -1.4576296806335 1.4342062473297 -0.035692494362593 5.6028940889519e-05
0.066093295812607 -1.4368829727173 -0.0022196769714355 -1.4517478942871 1.4679043292999 -0.026884835213423 -0.0045833154581487
0.062135547399521 -1.4460117816925 -0.0045714378356934 -1.5240840911865 1.4876635074615 -0.014317315071821 -0.010978600010276
0.057821601629257 -1.4563248157501 -0.0098347663879395 -1.6006760597229 1.5088546276093 -0.0048158578574657 -0.017307380214334
0.053169101476669 -1.4542634487152 -0.045873641967773 -1.6682226657867 1.5308916568756 0.00098248198628426 -0.023425744846463
0.05248150229454 -1.3327119350433 -0.29967570304871 -1.5430066585541 1.531106710434 0.0014621801674366 -0.029592115432024
0.052834361791611 -1.2534117698669 -0.45372700691223 -1.4426209926605 1.5255539417267 0.00046559050679207 -0.035880014300346
0.052412837743759 -1.2056586742401 -0.55027794837952 -1.3910369873047 1.5242083072662 0.00030537322163582 -0.042284402996302
0.051812022924423 -1.1649327278137 -0.63142061233521 -1.3489739894867 1.5236065387726 0.0002867765724659 -0.048915687948465
0.051243633031845 -1.1296331882477 -0.70312690734863 -1.3122100830078 1.5228383541107 0.00021572783589363 -0.055407103151083
0.050654262304306 -1.0970287322998 -0.76830267906189 -1.2790160179138 1.5220558643341 0.00012131407856941 -0.061724316328764
0.050031989812851 -1.0671215057373 -0.82837247848511 -1.2486984729767 1.5213582515717 0.00020333006978035 -0.067976534366608
0.049353927373886 -1.0387840270996 -0.88470983505249 -1.220294713974 1.5207984447479 0.00020619109272957 -0.074258096516132
0.048759311437607 -1.0121312141418 -0.93777465820312 -1.1937880516052 1.5198652744293 0.00016422942280769 -0.080672703683376
0.048035949468613 -0.98666477203369 -0.98808646202087 -1.1686215400696 1.5192997455597 0.00016422942280769 -0.086958423256874
0.047301143407822 -0.96219921112061 -1.0363903045654 -1.1441977024078 1.5187857151031 -0.00012211129069328 -0.092012122273445
0.046633571386337 -0.93866848945618 -1.0828092098236 -1.1209001541138 1.5178482532501 -0.00021795555949211 -0.097386457026005
0.045862048864365 -0.91616058349609 -1.1270020008087 -1.0991823673248 1.5171225070953 0.0001644678413868 -0.10243172943592
0.045798629522324 -0.86856126785278 -1.1100561618805 -1.1621494293213 1.5164277553558 -0.00019220635294914 -0.10339809209108
0.045787662267685 -0.8231725692749 -1.0636258125305 -1.2536380290985 1.5165522098541 0.00014420226216316 -0.10473560541868
0.045816272497177 -0.78836059570312 -0.99951696395874 -1.3519775867462 1.5165503025055 -0.00029663369059563 -0.10553459823132
0.04586586356163 -0.76581883430481 -0.91505098342896 -1.4591748714447 1.5162851810455 -0.0001242570579052 -0.10618294775486
0.045898288488388 -0.75834465026855 -0.80598211288452 -1.5754878520966 1.5161116123199 -4.8201531171799e-05 -0.10685405880213
0.045952171087265 -0.77050733566284 -0.6617271900177 -1.7070589065552 1.5158770084381 -0.0004902295768261 -0.10787012428045
