-4.9550277481103e-07 1.4434229456128e-07 0.9148388504982
-4.1630468672338e-07 -5.6429360739685e-08 0.91483891010284
5.6718619134699e-08 -3.4996713793589e-07 0.91483873128891
2.2283303735549e-07 -3.621518089858e-07 0.91483902931213
5.7646349205243e-07 -7.6283913585939e-07 0.91483908891678
4.4175473590258e-07 -8.8450684643249e-07 0.91483896970749
4.0193248196374e-07 -7.5382797604107e-07 0.91483879089355
1.8083258623847e-07 -4.4883933014717e-07 0.9148388504982
2.2485950523787e-07 -1.9182471078238e-07 0.91483879089355
1.5814724463326e-07 -3.1731974559079e-07 0.91483867168427
4.1801092720561e-07 -1.6964911253581e-07 0.91483861207962
2.2554029044386e-07 -2.3551646677333e-07 0.91483891010284
1.3662153719451e-07 5.5301413226516e-08 0.91483902931213
-3.5737515169387e-09 -9.6846292763075e-08 0.91483896970749
-2.2553125234026e-07 -1.1595228954775e-07 0.91483891010284
-2.9488194286387e-07 2.7851183403982e-07 0.91483891010284
-2.3554278527627e-07 2.1195326382895e-07 0.91483891010284
2.1934056348982e-07 -4.1622403301744e-08 0.91483908891678
7.0173207689095e-08 4.6801085318293e-07 0.91483914852142
-1.3604108062282e-08 5.481318225975e-07 0.91483932733536
1.3031737466918e-07 5.1204148121542e-07 0.91483938694
4.8189508561336e-07 7.8144893222998e-08 0.91483950614929
5.0767096126947e-07 -8.8414829235717e-08 0.91483962535858
9.7857457603823e-07 -9.1163400384175e-08 0.91483956575394
5.9538990626606e-07 -2.8839215815424e-07 0.91483962535858
8.4632188190881e-07 -4.5361863953985e-07 0.91483974456787
1.3429720411295e-06 -5.4008938832339e-07 0.91483986377716
1.5645152871002e-06 -2.8076408398192e-07 0.91483998298645
1.1566002058316e-06 -1.1824995738152e-07 0.91484016180038
1.220572926286e-06 -2.507244971639e-07 0.91484034061432
1.2542317335829e-06 -4.0374300169788e-07 0.91484045982361
1.2657621937251e-06 -1.7496529380878e-07 0.91484034061432
1.1602108997977e-06 1.5395576724586e-07 0.91484016180038
1.0917965482804e-06 2.9261195777508e-07 0.91484022140503
7.9536141583958e-07 5.7246535334343e-07 0.91484016180038
4.7575008466083e-07 7.0505666371901e-07 0.91484016180038
2.9798562195538e-07 7.9698037325215e-07 0.91483980417252
1.0239004950563e-06 1.1157915196236e-06 0.91483980417252
1.0406359933768e-06 1.025041228786e-06 0.91483986377716
7.9944356912165e-07 1.1548825114005e-06 0.91483986377716
1.1926337037949e-06 1.1077898989242e-06 0.91483998298645
1.1103090855613e-06 8.9979761241921e-07 0.91484022140503
1.5525745311606e-06 1.2697011015916e-06 0.91484051942825
1.3172316357668e-06 1.286087808694e-06 0.91484045982361
1.3489699313141e-06 1.0923577065114e-06 0.91484069824219
1.5783435856065e-06 1.4294313359642e-06 0.91484063863754
1.5834762052691e-06 1.6044411950134e-06 0.91484075784683
1.5107412991711e-06 1.5771829566802e-06 0.91484093666077
1.2774345350408e-06 1.7555371414346e-06 0.91484117507935
9.8551186056284e-07 1.1808569979621e-06 0.91484117507935
8.2313994198557e-07 1.0186107601839e-06 0.91484087705612
7.7620654792554e-07 9.8529028491612e-07 0.91484105587006
7.9980458167483e-07 1.2434637710612e-06 0.91484105587006
8.0624562315279e-07 1.1416616416682e-06 0.91484141349792
1.0594571904221e-06 1.3916866237196e-06 0.91484129428864
1.3079857126286e-06 8.5189884657666e-07 0.9148411154747
1.2827456430387e-06 8.4526232058124e-07 0.91484099626541
1.8065964013658e-06 7.4964049190385e-07 0.91484093666077
1.4427732821787e-06 4.1817582996373e-07 0.91484123468399
1.8097409792972e-06 6.4805914234967e-07 0.91484135389328
1.7875621551866e-06 8.1526474104976e-07 0.91484129428864
1.7009078874253e-06 8.3886641277786e-07 0.9148411154747
1.1981655916316e-06 1.0009687230195e-06 0.9148411154747
1.6171391052922e-06 1.0133712748939e-06 0.91484123468399
1.600762743692e-06 1.0008629942604e-06 0.91484159231186
1.5375035218312e-06 1.0231974556518e-06 0.91484153270721
1.7934756897375e-06 9.3917572030477e-07 0.91484171152115
1.2075694257874e-06 6.4547953115834e-07 0.91484159231186
1.0314810197087e-06 7.1195137252289e-07 0.91484171152115
1.2597996601471e-06 1.0315735607946e-06 0.91484177112579
1.592014086782e-06 7.1967542680795e-07 0.91484183073044
1.8004554931395e-06 6.3521730453431e-07 0.91484177112579
1.9932979284931e-06 4.5747810872854e-07 0.9148416519165
2.149469764845e-06 8.7263873638221e-07 0.91484147310257
2.3167979179561e-06 8.8945898824022e-07 0.91484177112579
2.463652890583e-06 8.7198515075215e-07 0.91484189033508
-0.00021274834580254 0.0029446957632899 0.91617929935455
-0.00046189111890271 0.0057041519321501 0.91766548156738
-0.00066242046887055 0.0084959203377366 0.91901797056198
-0.0013020889600739 0.0095127811655402 0.95579516887665
-0.0012853990774602 0.0087245237082243 1.0027234554291
-0.001141035114415 0.0082678971812129 1.0499759912491
-0.0013013057177886 0.0080446107313037 1.0971329212189
-0.0010139141231775 0.0079214554280043 1.1435726881027
-0.00092880794545636 0.007076792884618 1.1905159950256
