-0.019897323101759 0.04974476993084 1.2967187166214 0.00097696960438043 0.00025346360052936 -3.0592296123505 6.1173290305305e-05
-0.025279052555561 0.045996129512787 1.2878962755203 0.0010111952433363 0.00020453953766264 -3.0112538337708 6.0330989072099e-05
-0.030601933598518 0.042234793305397 1.2790727615356 0.00092547642998397 0.00026290322421119 -2.9629299640656 2.8710344849969e-05
-0.035933911800385 0.038498014211655 1.2702633142471 0.0010258633410558 0.00023658768623136 -2.9140260219574 3.1922809284879e-05
-0.041295759379864 0.034757494926453 1.261449098587 0.0010002587223426 0.00031212330213748 -2.866542339325 7.1387570642401e-05
-0.046633988618851 0.030996754765511 1.2525880336761 0.00101973710116 0.00030977086862549 -2.8180892467499 6.5283980802633e-05
-0.051987439393997 0.027244508266449 1.2437880039215 0.00096768111689016 0.00042851071339101 -2.7700686454773 8.4844941738993e-05
-0.057337284088135 0.023512989282608 1.2349770069122 0.00086387246847153 0.00053185038268566 -2.7221350669861 4.8651661927579e-05
-0.062694028019905 0.019775725901127 1.2261570692062 0.00077686802251264 0.00049755326472223 -2.6736016273499 3.246476262575e-05
-0.068026810884476 0.016006208956242 1.2173240184784 0.0008044044370763 0.00043672701576725 -2.625301361084 -1.4325714801089e-06
-0.0733702480793 0.012275382876396 1.2085057497025 0.00071495672455058 0.00051068823086098 -2.5773668289185 3.958193337894e-05
-0.0787283629179 0.0085412338376045 1.1997146606445 0.00065417715813965 0.00061430229106918 -2.5293354988098 -6.5996582634398e-06
-0.084055855870247 0.0047908052802086 1.1908807754517 0.00056215684162453 0.00059050502022728 -2.4813816547394 1.9453091226751e-05
-0.089411035180092 0.0010400041937828 1.1820381879807 0.00054019328672439 0.00047522419481538 -2.4328165054321 7.2623108280823e-05
-0.094770312309265 -0.0027247592806816 1.173199057579 0.00054803857346997 0.00048796425107867 -2.385528087616 0.00012399858678691
-0.10010549426079 -0.0064646787941456 1.1643877029419 0.00029314213315956 0.00032276447745971 -2.3370988368988 5.5137290473795e-05
-0.10544721782207 -0.010194014757872 1.1556193828583 0.00018700510554481 0.00028159830253571 -2.289297580719 4.9213518650504e-05
-0.11078050732613 -0.013956122100353 1.1468056440353 4.3972147977911e-05 0.00020492730254773 -2.2414095401764 6.7061650042888e-05
-0.11613340675831 -0.017721857875586 1.1379308700562 7.1610666054767e-05 -7.8924131230451e-06 -2.1935024261475 -9.2374793894123e-06
-0.12148129940033 -0.021439719945192 1.1291308403015 -0.00010875605221372 -0.00017503520939499 -2.144690990448 -4.2637882870622e-05
-0.12682354450226 -0.025162432342768 1.1203309297562 -0.00014173821546137 -0.00023951468756422 -2.0970797538757 -3.6617477690015e-06
-0.13216565549374 -0.028945477679372 1.1114852428436 3.2861797080841e-05 -4.0462786273565e-05 -2.0486440658569 4.5727490942227e-05
-0.13751605153084 -0.032651077955961 1.1026486158371 0.0001838673488237 0.00050341064343229 -2.0005712509155 2.1915213437751e-05
-0.14285063743591 -0.03640603274107 1.0938684940338 0.00049854401731864 0.0013855868019164 -1.9530031681061 4.037866165163e-05
-0.14821898937225 -0.040166281163692 1.0850251913071 0.0010212117340416 0.0027221734635532 -1.904648900032 -9.5393024821533e-06
-0.15356636047363 -0.04390773922205 1.0762037038803 0.0013875068398193 0.0037750827614218 -1.8568412065506 -3.0856725061312e-05
-0.1589045971632 -0.047670014202595 1.0673316717148 0.0015233738813549 0.0046127228997648 -1.8088423013687 1.3998948816152e-05
-0.16425400972366 -0.051404416561127 1.058543920517 0.0012634788872674 0.0046905358321965 -1.7603579759598 9.0350578830112e-05
-0.16958674788475 -0.05516379326582 1.0496188402176 0.00139850738924 0.0041591646149755 -1.7130782604218 7.2917122452054e-05
-0.17491880059242 -0.058919820934534 1.0409181118011 0.00079620449105278 0.0036655503790826 -1.665435552597 1.205878379551e-05
-0.18027220666409 -0.06264441460371 1.0320432186127 0.00071627303259447 0.0032170014455914 -1.6171245574951 5.4243944759946e-05
-0.18561178445816 -0.066414102911949 1.0232269763947 0.00055274396436289 0.0030036610551178 -1.5694023370743 4.6194461901905e-05
-0.19094783067703 -0.070125035941601 1.0145107507706 0.00020355738524813 0.0029356703162193 -1.52093064785 -4.7556882236677e-06
-0.1963175535202 -0.073877647519112 1.0055882930756 0.00042153574759141 0.002815849147737 -1.4728410243988 7.0680085627828e-05
-0.20165780186653 -0.077641628682613 0.99675977230072 0.00036063411971554 0.0027230984997004 -1.4249887466431 -1.5156688277784e-05
-0.20698639750481 -0.081377826631069 0.98792099952698 -7.9929537605494e-05 0.0027040282730013 -1.3773264884949 1.0398014637758e-05
-0.21235108375549 -0.085093900561333 0.979168176651 -0.00017433261382394 0.0027478307019919 -1.3285808563232 5.6463100918336e-05
-0.21769300103188 -0.08885932713747 0.97028601169586 -0.00022322972654365 0.0028303111903369 -1.2808570861816 8.7760665337555e-05
-0.22304674983025 -0.092600874602795 0.96147263050079 -0.00036733862361871 0.0029505216516554 -1.2329021692276 -2.2770658688387e-05
-0.2283753156662 -0.096361480653286 0.95263266563416 -0.00057056394871324 0.0029705862980336 -1.1852362155914 -6.5682178274074e-07
-0.22372899949551 -0.094876550137997 0.94971585273743 0.0011838804930449 -0.0032344136852771 -1.1683452129364 -0.0062088649719954
-0.21415278315544 -0.090809166431427 0.94971072673798 0.0012577644083649 -0.0034557110629976 -1.1684329509735 -0.012601240538061
-0.20456431806087 -0.086726672947407 0.94979596138 0.0010127597488463 -0.0031838184222579 -1.1677613258362 -0.01880500651896
-0.19493958353996 -0.082656688988209 0.94986301660538 0.00092384719755501 -0.0029164222069085 -1.1688078641891 -0.025241723284125
-0.18535348773003 -0.078602641820908 0.94985693693161 0.00092080340255052 -0.0027341789100319 -1.1689553260803 -0.031583692878485
-0.17574869096279 -0.074538096785545 0.94987267255783 0.00077785167377442 -0.00249127834104 -1.1684311628342 -0.038027200847864
-0.16615861654282 -0.070449814200401 0.94986236095428 0.00075538875535131 -0.0024669247213751 -1.1688823699951 -0.044410929083824
-0.15654763579369 -0.066374152898788 0.94979220628738 0.00088401598623022 -0.0022729425691068 -1.16899061203 -0.050869457423687
-0.14695131778717 -0.062310248613358 0.94983202219009 0.00067263963865116 -0.0022532790899277 -1.1689007282257 -0.057258721441031
-0.13735011219978 -0.058225154876709 0.94981187582016 0.00086003006435931 -0.0022914984729141 -1.1689559221268 -0.063636086881161
-0.12774693965912 -0.054164849221706 0.94982874393463 0.0007923953817226 -0.0019968799315393 -1.1689720153809 -0.070006594061852
-0.11813893914223 -0.050101570785046 0.94981652498245 0.00065068784169853 -0.0020355393644422 -1.169096827507 -0.076247945427895
-0.10855363309383 -0.046019483357668 0.94986021518707 0.00074386812048033 -0.0019703644793481 -1.1690398454666 -0.082683593034744
-0.098991200327873 -0.041941720992327 0.94994282722473 0.00054246233776212 -0.0022483845241368 -1.1688673496246 -0.088340364396572
-0.089393347501755 -0.037870984524488 0.94993555545807 0.00023235495609697 -0.0018143794732168 -1.1689791679382 -0.093198917806149
-0.082850821316242 -0.035130944103003 0.96222901344299 -0.00076826586155221 0.0018632126739249 -1.1703170537949 -0.096144862473011
-0.082849182188511 -0.035152852535248 1.0101528167725 -0.00051156780682504 0.0044353408738971 -1.1706259250641 -0.097911261022091
-0.082860812544823 -0.035151027143002 1.0581529140472 -0.00072569074109197 0.0054757879115641 -1.1708773374557 -0.098262503743172
-0.082872979342937 -0.035186879336834 1.1062030792236 -0.0010548877762631 0.0058564934879541 -1.1703975200653 -0.098673425614834
-0.082900792360306 -0.035213727504015 1.1541650295258 -0.00089678936637938 0.0062182936817408 -1.1707344055176 -0.098031751811504
-0.08286689966917 -0.035215049982071 1.2021528482437 -0.00089849572395906 0.0073540122248232 -1.1710925102234 -0.098134696483612
