-0.06627431511879 0.19705101847649 -1.7408382892609 -1.5988118648529 -1.7197265625 -0.00019816703570541 6.1173290305305e-05
-0.1011578142643 0.1754889190197 -1.7461121082306 -1.5719628334045 -1.8026485443115 -0.00030259438790381 6.0330989072099e-05
-0.13411942124367 0.15228173136711 -1.7494876384735 -1.5453424453735 -1.8835670948029 -0.00030927010811865 2.8710344849969e-05
-0.16543450951576 0.12745806574821 -1.7509613037109 -1.5190536975861 -1.9633207321167 -0.00045065232552588 3.1922809284879e-05
-0.19469180703163 0.1013922393322 -1.7506210803986 -1.4933288097382 -2.0403881072998 -0.00047926255501807 7.1387570642401e-05
-0.22221341729164 0.073823422193527 -1.7483446598053 -1.4682276248932 -2.1162521839142 -0.00062755891121924 6.5283980802633e-05
-0.2479342520237 0.045196980237961 -1.7441923618317 -1.4437732696533 -2.1902074813843 -0.00069526978768408 8.4844941738993e-05
-0.27182832360268 0.015647858381271 -1.7383000850677 -1.4200403690338 -2.262186050415 -0.00074533768929541 4.8651661927579e-05
-0.29408445954323 -0.014968186616898 -1.7305352687836 -1.3973155021667 -2.3327548503876 -0.0008662159088999 3.246476262575e-05
-0.31457176804543 -0.046303302049637 -1.7210412025452 -1.3755519390106 -2.4011180400848 -0.00094942399300635 -1.4325714801089e-06
-0.33357468247414 -0.078329354524612 -1.7097799777985 -1.3547744750977 -2.4684705734253 -0.0010364467743784 3.958193337894e-05
-0.35101953148842 -0.1108663380146 -1.6968474388123 -1.3351399898529 -2.5339393615723 -0.0010443145874888 -6.5996582634398e-06
-0.36702933907509 -0.1440022289753 -1.6822533607483 -1.316684961319 -2.597992181778 -0.0012309963349253 1.9453091226751e-05
-0.38175383210182 -0.17759159207344 -1.6659893989563 -1.2993803024292 -2.660961151123 -0.0011892730835825 7.2623108280823e-05
-0.39509955048561 -0.2114420235157 -1.6482317447662 -1.2833404541016 -2.7221093177795 -0.0012145454529673 0.00012399858678691
-0.40727892518044 -0.24549105763435 -1.6289975643158 -1.2682890892029 -2.7823367118835 -0.0011685306672007 5.5137290473795e-05
-0.41832795739174 -0.27973201870918 -1.608181476593 -1.2545914649963 -2.8416323661804 -0.00090436288155615 4.9213518650504e-05
-0.42827144265175 -0.31405165791512 -1.5861172676086 -1.241840839386 -2.8996233940125 -0.00045685120858252 6.7061650042888e-05
-0.43720403313637 -0.34855368733406 -1.5627865791321 -1.2299077510834 -2.9563179016113 0.00046082190237939 -9.2374793894123e-06
-0.44523039460182 -0.38294532895088 -1.5381498336792 -1.2185547351837 -3.0126433372498 0.0019671504851431 -4.2637882870622e-05
-0.45236912369728 -0.41705706715584 -1.5126414299011 -1.2076337337494 -3.0677437782288 0.0043160505592823 -3.6617477690015e-06
-0.45863643288612 -0.45118287205696 -1.4859583377838 -1.1969904899597 -3.1220808029175 0.0074617452919483 4.5727490942227e-05
-0.464145809412 -0.48501852154732 -1.4582824707031 -1.1867597103119 -3.1757888793945 0.011535841971636 2.1915213437751e-05
-0.46892014145851 -0.51864814758301 -1.4295790195465 -1.1774661540985 -3.2284271717072 0.015904624015093 4.037866165163e-05
-0.47302308678627 -0.5525426864624 -1.3993258476257 -1.170173406601 -3.2806251049042 0.019518572837114 -9.5393024821533e-06
-0.47647562623024 -0.58673572540283 -1.3673646450043 -1.1664724349976 -3.3319454193115 0.02095814421773 -3.0856725061312e-05
-0.47934141755104 -0.62159109115601 -1.3334543704987 -1.1667296886444 -3.3826818466187 0.019729811698198 1.3998948816152e-05
-0.48165312409401 -0.65704751014709 -1.2974910736084 -1.1703224182129 -3.4334688186646 0.016530711203814 9.0350578830112e-05
-0.48344746232033 -0.6928026676178 -1.2603933811188 -1.17564868927 -3.4829497337341 0.012778479605913 7.2917122452054e-05
-0.4847699701786 -0.72802662849426 -1.2223343849182 -1.1814227104187 -3.5318014621735 0.0096332617104053 1.205878379551e-05
-0.48563972115517 -0.76355075836182 -1.1832075119019 -1.1873178482056 -3.5807647705078 0.0074455328285694 5.4243944759946e-05
-0.48606410622597 -0.79903435707092 -1.1429643630981 -1.1934056282043 -3.6294751167297 0.0060936994850636 4.6194461901905e-05
-0.48610630631447 -0.83415532112122 -1.101719379425 -1.2000932693481 -3.6777393817902 0.0051977224647999 -4.7556882236677e-06
-0.48584094643593 -0.86987280845642 -1.0593454837799 -1.2075352668762 -3.7252378463745 0.0046565122902393 7.0680085627828e-05
-0.48519578576088 -0.90574193000793 -1.0154881477356 -1.2160496711731 -3.7725143432617 0.00418396666646 -1.5156688277784e-05
-0.48426452279091 -0.94181776046753 -0.97010350227356 -1.2256743907928 -3.8194243907928 0.0036475248634815 1.0398014637758e-05
-0.48302260041237 -0.97821259498596 -0.9230101108551 -1.2363975048065 -3.8665602207184 0.0034038610756397 5.6463100918336e-05
-0.4815436899662 -1.0153498649597 -0.87409949302673 -1.2483084201813 -3.9129638671875 0.0033661909401417 8.7760665337555e-05
-0.47984853386879 -1.053201675415 -0.82292890548706 -1.2617421150208 -3.959203004837 0.0032207556068897 -2.2770658688387e-05
-0.47789517045021 -1.0918090343475 -0.76941514015198 -1.2765834331512 -4.0052003860474 0.002991396933794 -6.5682178274074e-07
-0.47117415070534 -1.0889072418213 -0.78500580787659 -1.2722659111023 -4.0151572227478 -0.0029890947043896 -0.0062088649719954
-0.46217909455299 -1.061470746994 -0.84009075164795 -1.244934797287 -4.0060601234436 -0.0031359605491161 -0.012601240538061
-0.45292916893959 -1.0352828502655 -0.89198136329651 -1.2187495231628 -3.9968090057373 -0.0031838826835155 -0.01880500651896
-0.4435228407383 -1.0104506015778 -0.94115281105042 -1.1941115856171 -3.9871408939362 -0.0030591897666454 -0.025241723284125
-0.43384495377541 -0.98712587356567 -0.98765254020691 -1.1707324981689 -3.97736120224 -0.0027754716575146 -0.031583692878485
-0.42392387986183 -0.96470618247986 -1.0318613052368 -1.1487045288086 -3.9675266742706 -0.0027604512870312 -0.038027200847864
-0.41382876038551 -0.94320845603943 -1.0744028091431 -1.1275866031647 -3.9573087692261 -0.0026698522269726 -0.044410929083824
-0.40344896912575 -0.92261624336243 -1.115122795105 -1.1074569225311 -3.9468700885773 -0.0025995187461376 -0.050869457423687
-0.39281359314919 -0.90260624885559 -1.1542940139771 -1.0880961418152 -3.9363074302673 -0.0025818757712841 -0.057258721441031
-0.38196101784706 -0.88326215744019 -1.1921498775482 -1.0696184635162 -3.9252989292145 -0.0025425367057323 -0.063636086881161
-0.3708008825779 -0.86458683013916 -1.2287175655365 -1.0516052246094 -3.9142265319824 -0.002426665276289 -0.070006594061852
-0.35941448807716 -0.84631752967834 -1.2641539573669 -1.0342872142792 -3.9027290344238 -0.0023858956992626 -0.076247945427895
-0.3477295935154 -0.82866382598877 -1.2984635829926 -1.0176501274109 -3.8910973072052 -0.0023489408195019 -0.082683593034744
-0.33576431870461 -0.81135129928589 -1.3318436145782 -1.0013470649719 -3.8792667388916 -0.0024438314139843 -0.088340364396572
-0.32353129982948 -0.7943959236145 -1.3644871711731 -0.98495936393738 -3.8667788505554 -0.001999419182539 -0.093198917806149
-0.31520810723305 -0.76540541648865 -1.3809852600098 -0.99320530891418 -3.8573572635651 0.0018915720283985 -0.096144862473011
-0.31519117951393 -0.70596098899841 -1.3477985858917 -1.0816841125488 -3.8573281764984 0.0059084482491016 -0.097911261022091
-0.31523194909096 -0.65667009353638 -1.299015045166 -1.1787629127502 -3.8570346832275 0.0066713877022266 -0.098262503743172
-0.31525126099586 -0.6177384853363 -1.2346765995026 -1.2814650535583 -3.8568828105927 0.0072130747139454 -0.098673425614834
-0.31532636284828 -0.59030032157898 -1.1538965702057 -1.3889932632446 -3.8565671443939 0.0081314630806446 -0.098031751811504
-0.31533542275429 -0.57521152496338 -1.0544512271881 -1.5023391246796 -3.8563010692596 0.0089244432747364 -0.098134696483612
