5.1060408168269e-07 7.1069626983444e-07 0.91483920812607
5.5012230859575e-07 8.4605238725999e-07 0.91483938694
2.6860038815357e-07 7.7636400419578e-07 0.91483938694
5.2153927754262e-07 1.0312356835129e-06 0.91483950614929
1.0071198630612e-06 7.9977723999036e-07 0.91483938694
9.9795897767763e-07 1.0912920060946e-06 0.91483944654465
1.3431854313239e-06 1.2398445505823e-06 0.91483932733536
1.4126783298707e-06 1.3982599966766e-06 0.91483938694
2.1604419089272e-06 1.3715704199058e-06 0.91483944654465
2.109780552928e-06 1.9649728528748e-06 0.91483938694
1.7537971643833e-06 1.7599309103389e-06 0.91483950614929
1.9012602479052e-06 1.458247879782e-06 0.91483950614929
1.4924879678802e-06 1.6358754919565e-06 0.91483932733536
1.5805430848559e-06 1.7281453210671e-06 0.91483932733536
1.3235722917671e-06 1.2248824532435e-06 0.91483926773071
1.4742086023034e-06 1.0419131513117e-06 0.91483932733536
1.7374874232701e-06 1.1731301583495e-06 0.91483938694
1.5531823009951e-06 1.1459851521067e-06 0.91483914852142
1.6978812027446e-06 9.1546900193862e-07 0.91483914852142
1.7158338323497e-06 5.4002259730623e-07 0.91483896970749
1.6797157513793e-06 4.2953638512699e-07 0.91483908891678
1.7959160913961e-06 8.0324986129199e-07 0.91483908891678
2.2027575141692e-06 8.3028396602458e-07 0.91483914852142
2.487184929123e-06 7.2982788879017e-07 0.91483932733536
2.4606492843304e-06 1.0502102441023e-06 0.91483944654465
2.5128715606115e-06 1.0580613434286e-06 0.91483968496323
2.6556672310107e-06 1.2177719099782e-06 0.91483968496323
2.9463562896126e-06 1.0630657243382e-06 0.91483944654465
2.8613224003493e-06 6.8370593453437e-07 0.91483962535858
2.7309722554492e-06 7.074080485836e-07 0.91483950614929
2.7541225335881e-06 7.0590891709799e-07 0.91483962535858
2.8312554150034e-06 8.6516160990868e-07 0.91483962535858
2.6788043214765e-06 6.8210181325412e-07 0.91483968496323
2.6495954443817e-06 6.3072008060772e-07 0.91483962535858
2.9763302791252e-06 5.8568730310071e-07 0.91483974456787
2.7767380288424e-06 9.5604036687291e-07 0.91483956575394
3.3424423691031e-06 7.5665275289793e-07 0.91483932733536
3.1083552585187e-06 9.502829811936e-07 0.91483950614929
3.1082734039956e-06 1.0574783573247e-06 0.91483932733536
3.3280841762462e-06 7.4791330462176e-07 0.91483944654465
3.8395437513827e-06 6.2338028783415e-07 0.91483932733536
3.6072287912248e-06 5.1695678848773e-07 0.91483932733536
3.718219431903e-06 5.6162480177591e-07 0.91483944654465
3.6030319279234e-06 7.4770400715352e-07 0.91483950614929
3.478666940282e-06 1.1123271406177e-06 0.91483968496323
3.2822235880303e-06 1.3576309356722e-06 0.91483980417252
3.3013011488947e-06 1.4002778243594e-06 0.91483968496323
2.9514071684389e-06 1.2884562465842e-06 0.91483980417252
3.4289635095774e-06 1.2497279158197e-06 0.91483974456787
3.6828118936683e-06 1.5327897244788e-06 0.91483992338181
3.7824559058208e-06 1.4632108786827e-06 0.91484004259109
4.0359959712077e-06 1.8698880239754e-06 0.91483992338181
3.9726560316922e-06 2.0016470898554e-06 0.91483980417252
0.0010774639667943 0.00047029706183821 0.91542857885361
0.0041462769731879 0.0018229786073789 0.91718995571136
0.0069548436440527 0.0031406038906425 0.92918640375137
0.0068596675992012 0.0030371192842722 0.97502756118774
0.0085647096857429 0.0035936054773629 1.0197669267654
0.0081381276249886 0.0031893795821816 1.066304564476
0.0087649766355753 0.0032884927932173 1.1130255460739
0.0083655165508389 0.0029636677354574 1.1599601507187
