-0.0239710919559 0.054135575890541 1.2919138669968 0.0013604226987809 0.00021223229123279 -3.0594925880432 8.4412713476922e-06
-0.031515348702669 0.052748546004295 1.2804669141769 0.0014274336863309 0.00033001674455591 -3.0113024711609 0.00012498431897257
-0.039054222404957 0.051389157772064 1.2690089941025 0.0015017705736682 0.00041862917714752 -2.9625670909882 -3.6067973269382e-05
-0.046620219945908 0.049999564886093 1.2575805187225 0.0014411887386814 0.00043285771971568 -2.9148359298706 -1.279498974327e-06
-0.054182797670364 0.048603549599648 1.246129155159 0.0014218321302906 0.00053347815992311 -2.8667817115784 1.5115380847419e-05
-0.061735540628433 0.047244027256966 1.2347018718719 0.001421658671461 0.00052607979159802 -2.8181114196777 1.3110915460857e-05
-0.069259308278561 0.04585437476635 1.2232500314713 0.0013278431724757 0.00081998924724758 -2.770200252533 1.5532137695118e-05
-0.07682977616787 0.04446516931057 1.2118088006973 0.0013347286731005 0.00081145181320608 -2.7221775054932 4.5844088162994e-05
-0.084382176399231 0.04310068488121 1.200376868248 0.001429445692338 0.00083053146954626 -2.6738176345825 1.9090301066171e-05
-0.091930851340294 0.041697457432747 1.1889215707779 0.0013007571687922 0.00094597646966577 -2.6265504360199 2.2991565856501e-05
-0.099460482597351 0.040338948369026 1.1774972677231 0.0014132251963019 0.0010415063006803 -2.5777788162231 4.4467473344412e-05
-0.10703486204147 0.038954049348831 1.1660399436951 0.0012756498763338 0.0012857731198892 -2.529529094696 -2.6106468794751e-05
-0.11456742882729 0.037587061524391 1.1546032428741 0.0013078593183309 0.0011701718904078 -2.4810626506805 6.428574124584e-05
-0.12211911380291 0.036204397678375 1.1431705951691 0.0011905902065337 0.0013040004996583 -2.4332404136658 -1.4307759556687e-05
-0.12967038154602 0.034805327653885 1.1317061185837 0.0012188068358228 0.001334818196483 -2.3852317333221 5.8778816310223e-05
-0.1372262686491 0.033446960151196 1.1202597618103 0.0010325738694519 0.0012692324817181 -2.3368473052979 1.4070677934797e-05
-0.14476931095123 0.032070830464363 1.1088461875916 0.00089387345360592 0.0010731684742495 -2.2887156009674 2.2253616407397e-05
-0.15232539176941 0.030668467283249 1.0973625183105 0.00056241312995553 0.00089000578736886 -2.2410459518433 -2.2625295969192e-05
-0.15985658764839 0.029301516711712 1.0859458446503 0.00043492371332832 0.00050888728583232 -2.1932935714722 7.8700804806431e-06
-0.16741362214088 0.027957655489445 1.0745111703873 0.00011787925905082 0.00017433011089452 -2.1447312831879 2.3252348910319e-05
-0.17495368421078 0.02656390145421 1.0630720853806 -0.00017230171943083 -0.0003868876665365 -2.0968623161316 2.7695819881046e-05
-0.18251587450504 0.025176182389259 1.0515736341476 -0.00046284042764455 -0.00065589562291279 -2.0488715171814 5.7284664762847e-06
-0.19005204737186 0.023799518123269 1.0402089357376 -0.00034924570354633 -0.00059343088651076 -2.0008826255798 2.0612247681129e-05
-0.1976310312748 0.022430546581745 1.0286787748337 0.00010504349484108 -0.0001391775731463 -1.9521526098251 3.7578072806355e-05
-0.20514534413815 0.021031104028225 1.0172686576843 0.00035916033084504 0.00075417174957693 -1.9048541784286 9.1415131464601e-06
-0.21269428730011 0.019651401787996 1.005802154541 0.000606746354606 0.0014241187600419 -1.8566272258759 4.0131959394785e-05
-0.22024607658386 0.018266528844833 0.99432766437531 0.000756777881179 0.0019237981177866 -1.8086556196213 -4.1295537812402e-05
-0.22780534625053 0.01690973341465 0.98291939496994 0.00066781288478523 0.0019949651323259 -1.7605551481247 5.7525712691131e-06
-0.23533354699612 0.015527075156569 0.9714680314064 0.00060104514705017 0.0019101032521576 -1.7126998901367 8.7713917309884e-05
-0.24289064109325 0.014138638973236 0.95996618270874 0.00061914627440274 0.0018017129041255 -1.6647787094116 1.9571338270907e-05
-0.24834044277668 0.012854013592005 0.94995307922363 0.00090514263138175 0.00093736412236467 -1.622810959816 5.7762565120356e-05
-0.23888137936592 0.012342663481832 0.94986999034882 -0.00021430889319163 -0.0020297542214394 -1.6218383312225 9.0261208242737e-05
-0.22928386926651 0.011868595145643 0.94989287853241 -0.00032192224171013 -0.0021446037571877 -1.6218464374542 0.00011290283146081
-0.21969428658485 0.011367841623724 0.94979947805405 -6.6961794800591e-05 -0.0022259061224759 -1.6217006444931 8.2438464232837e-06
-0.21009211242199 0.010872215032578 0.94987601041794 -6.7673187004402e-05 -0.0020688949152827 -1.621461391449 9.2035217676312e-05
-0.20049126446247 0.010378040373325 0.94986861944199 -0.00010360208398197 -0.0021904921159148 -1.6216187477112 6.8764679781452e-06
-0.19089874625206 0.0098663354292512 0.94990730285645 -0.00032806844683364 -0.0020471224561334 -1.6214324235916 6.9792091380805e-05
-0.18128000199795 0.0093737440183759 0.94988375902176 -0.00017895360360853 -0.0020467934664339 -1.6222289800644 5.5028533097357e-05
-0.17168197035789 0.0088748950511217 0.94983565807343 -0.00016004394274205 -0.0021040488500148 -1.621772646904 2.1978019503877e-05
-0.16209635138512 0.0083944890648127 0.9498747587204 -0.00010822365584318 -0.0021299398504198 -1.6213691234589 -2.8497064704425e-05
-0.15248413383961 0.007876536808908 0.94990599155426 -0.00014362577348948 -0.0021813558414578 -1.6220631599426 3.558933531167e-05
-0.14289397001266 0.0073788836598396 0.94985628128052 -6.2496546888724e-05 -0.0021501539740711 -1.6219344139099 6.2672224885318e-06
-0.1333020478487 0.006879442371428 0.9499214887619 -0.00018442368309479 -0.0020740246400237 -1.6219706535339 9.3167174782138e-05
-0.12370629608631 0.0064241616055369 0.94991064071655 -0.00024499342544004 -0.0020283279009163 -1.6213903427124 8.24604430818e-05
-0.11410280317068 0.0058901961892843 0.9498752951622 -0.00017952380585484 -0.0022132922895253 -1.6218311786652 3.2390151318396e-05
-0.10449439287186 0.0053821317851543 0.94991326332092 -0.00013650312030222 -0.0021950374357402 -1.6224879026413 6.9696798163932e-06
-0.094883091747761 0.0049019241705537 0.94989049434662 -9.8024029284716e-05 -0.0021729201544076 -1.6219748258591 7.1309927989205e-06
-0.085331246256828 0.0044222138822079 0.94993591308594 -0.00023906481510494 -0.0022349883802235 -1.6221846342087 4.2093182855751e-05
-0.075730755925179 0.0039220908656716 0.94993525743484 -0.0002697863674257 -0.0022107814438641 -1.6218135356903 6.8008142989129e-05
-0.066125653684139 0.0034396713599563 0.94994670152664 -0.0001965434057638 -0.0021796126384288 -1.6217603683472 2.5328761694254e-05
-0.056510511785746 0.0029171612113714 0.94993376731873 -0.00016701449931134 -0.0022184136323631 -1.6219261884689 5.3702558943769e-05
-0.046928558498621 0.0024320166558027 0.94995772838593 -8.3261627878528e-05 -0.0023152271751314 -1.6219803094864 8.5290492279455e-05
-0.037329506129026 0.0019399039447308 0.94993031024933 -8.2978840509895e-05 -0.0022371667437255 -1.6221121549606 1.9060622435063e-05
-0.027734138071537 0.0014452645555139 0.9499363899231 -7.6475742389448e-05 -0.002219716552645 -1.6218906641006 3.9475264202338e-05
-0.018134757876396 0.00095906853675842 0.94994503259659 -4.3904867197853e-05 -0.0022474986035377 -1.6216485500336 7.727844058536e-05
-0.0085061928257346 0.00044014770537615 0.94993513822556 -2.1505102267838e-05 -0.0021649615373462 -1.6220220327377 2.1672356069757e-06
0.0010709427297115 -3.5423785448074e-05 0.94992357492447 -7.9152141552186e-06 -0.0022606714628637 -1.6220059394836 4.3702431867132e-05
0.010674314573407 -0.00054135918617249 0.94993913173676 -4.7869987611193e-05 -0.0022725418675691 -1.6218252182007 2.5214790184691e-06
0.020272139459848 -0.0010615307837725 0.94993454217911 5.8939582231687e-05 -0.002125013852492 -1.6221287250519 2.983692138514e-05
0.029873613268137 -0.0015565026551485 0.94994443655014 4.9796071834862e-05 -0.0021476363763213 -1.6223367452621 6.0822305385955e-05
0.039467595517635 -0.0020451014861465 0.94996321201324 6.3752166170161e-05 -0.0018718634964898 -1.6225075721741 7.4633157055359e-05
0.049068551510572 -0.0025374898687005 0.94995361566544 9.5860319561325e-05 -0.0018115661805496 -1.6223804950714 4.0610673750052e-05
0.058656018227339 -0.0030121058225632 0.94994604587555 0.0001168877715827 -0.0016072109574452 -1.6214993000031 3.0980834708316e-05
0.068260692059994 -0.0035010408610106 0.94996309280396 0.00014159816782922 -0.0012158578028902 -1.6211528778076 4.3117215682287e-05
0.077854000031948 -0.0040031336247921 0.94995003938675 0.0001052594234352 -0.00083607924170792 -1.6207571029663 1.6480978956679e-05
0.087474763393402 -0.0045214677229524 0.94995528459549 0.0002320980274817 -0.0002155398397008 -1.6216112375259 -8.0374966273666e-06
0.097062975168228 -0.0049934312701225 0.94995152950287 0.00024869220214896 0.00049792882055044 -1.6211161613464 -7.4658014455053e-06
0.1066569685936 -0.0054866066202521 0.94992804527283 0.00035982491681352 0.0012681045336649 -1.6211594343185 1.1317527423671e-05
0.11625652760267 -0.0059932740405202 0.9499539732933 0.00031894259154797 0.002170821884647 -1.6213190555573 8.3908642409369e-05
0.12585899233818 -0.006472310051322 0.94996500015259 0.00018972283578478 0.0028890410903841 -1.6214809417725 9.1164096374996e-05
0.13546535372734 -0.006983483210206 0.9499369263649 0.00011626228661044 0.0035907833371311 -1.6215654611588 -1.3544019566325e-05
0.14506866037846 -0.007469991222024 0.9499546289444 -7.9151450336212e-06 0.0041330545209348 -1.6215447187424 1.2286401215533e-05
0.15464088320732 -0.0079850535839796 0.94995182752609 8.4504827100318e-05 0.0043786391615868 -1.6218529939651 1.5189979421848e-05
0.16425190865993 -0.0084716398268938 0.94993776082993 0.00012873121886514 0.0044230436906219 -1.6219636201859 7.3317355600011e-06
0.17385603487492 -0.0089486073702574 0.94993901252747 0.00017581101565156 0.0041655264794827 -1.6214151382446 -9.599735676602e-06
0.18345600366592 -0.0094515914097428 0.94996786117554 -4.6968172682682e-05 0.0035423412919044 -1.6212559938431 3.3529213396832e-05
0.19305261969566 -0.0099672945216298 0.94994503259659 -5.9406156651676e-05 0.0028048369567841 -1.6219350099564 8.4157136370777e-06
0.20264604687691 -0.010433003306389 0.94995903968811 4.064998938702e-05 0.0020637912675738 -1.621111035347 3.7983786569384e-06
0.21225017309189 -0.010951105505228 0.9499351978302 1.0171918802371e-05 0.0016041523776948 -1.6212414503098 0.00015452665684279
0.22185030579567 -0.011425158008933 0.94992160797119 3.6276205719332e-06 0.0012265421682969 -1.6210918426514 3.1363371817861e-05
0.23145574331284 -0.011938345618546 0.94993656873703 0.00023353903088719 0.00080632977187634 -1.6211417913437 7.7627744758502e-05
0.24107044935226 -0.012439391575754 0.9499084353447 0.00019522335787769 0.0004622882406693 -1.6215869188309 -3.4770673664752e-05
