-0.080339580774307 0.20331332087517 -1.7579023838043 -1.588329076767 -1.7332937717438 -0.00021080323494971 8.4412713476922e-06
-0.12303677201271 0.18391463160515 -1.7717096805573 -1.5551631450653 -1.8239681720734 -0.00039009400643408 0.00012498431897257
-0.16396394371986 0.16205164790154 -1.7831268310547 -1.5219686031342 -1.9132194519043 -0.00059823342598975 -3.6067973269382e-05
-0.2028993666172 0.13786360621452 -1.7921259403229 -1.4888105392456 -2.0002899169922 -0.00070719071663916 -1.279498974327e-06
-0.23980131745338 0.11149451136589 -1.7986629009247 -1.4560272693634 -2.0855674743652 -0.00087169953621924 1.5115380847419e-05
-0.2745513021946 0.08329913020134 -1.8028674125671 -1.4237384796143 -2.1684713363647 -0.000927489483729 1.3110915460857e-05
-0.30715790390968 0.053307503461838 -1.8046832084656 -1.3920958042145 -2.2491848468781 -0.0013363773468882 1.5532137695118e-05
-0.33775582909584 0.021712273359299 -1.8041300773621 -1.3611986637115 -2.3281097412109 -0.001530688488856 4.5844088162994e-05
-0.36630311608315 -0.011319667100906 -1.8012273311615 -1.3313271999359 -2.4049692153931 -0.0018597061280161 1.9090301066171e-05
-0.39279451966286 -0.045419245958328 -1.7962012290955 -1.3025088310242 -2.4794075489044 -0.0021815712098032 2.2991565856501e-05
-0.41737523674965 -0.080551892518997 -1.7889049053192 -1.2750971317291 -2.5520267486572 -0.0025351459626108 4.4467473344412e-05
-0.44019141793251 -0.11663201451302 -1.7794835567474 -1.24875664711 -2.6229357719421 -0.003054421627894 -2.6106468794751e-05
-0.4612754881382 -0.15347030758858 -1.7678718566895 -1.2240490913391 -2.692321062088 -0.003519099438563 6.428574124584e-05
-0.4806367456913 -0.19075897336006 -1.7543528079987 -1.2009556293488 -2.7594773769379 -0.0043189935386181 -1.4307759556687e-05
-0.49852600693703 -0.22867658734322 -1.7387182712555 -1.1794717311859 -2.8255939483643 -0.0050819329917431 5.8778816310223e-05
-0.51498854160309 -0.26697853207588 -1.7211701869965 -1.159600019455 -2.8904736042023 -0.0060012750327587 1.4070677934797e-05
-0.53001463413239 -0.30537632107735 -1.7019109725952 -1.141533613205 -2.9533667564392 -0.0071387700736523 2.2253616407397e-05
-0.54375922679901 -0.34407690167427 -1.6809313297272 -1.1250412464142 -3.0148603916168 -0.0083840303122997 -2.2625295969192e-05
-0.5563029050827 -0.38276270031929 -1.6582729816437 -1.1101377010345 -3.0755436420441 -0.0094812326133251 7.8700804806431e-06
-0.56775653362274 -0.42150500416756 -1.6340780258179 -1.0962312221527 -3.1352636814117 -0.010192673653364 2.3252348910319e-05
-0.57812011241913 -0.45996597409248 -1.6087214946747 -1.0827348232269 -3.1937420368195 -0.0097737722098827 2.7695819881046e-05
-0.58751833438873 -0.49809220433235 -1.582423210144 -1.0691275596619 -3.2509953975677 -0.0080449990928173 5.7284664762847e-06
-0.59598386287689 -0.53562045097351 -1.5551171302795 -1.0555160045624 -3.3073709011078 -0.004670899361372 2.0612247681129e-05
-0.60363042354584 -0.57320785522461 -1.5264978408813 -1.0426909923553 -3.3634133338928 -0.00066975876688957 3.7578072806355e-05
-0.61046826839447 -0.61031699180603 -1.4966907501221 -1.031977891922 -3.4181435108185 0.0026249475777149 9.1415131464601e-06
-0.61655962467194 -0.64791321754456 -1.4650251865387 -1.024112701416 -3.4725248813629 0.0045380182564259 4.0131959394785e-05
-0.6219984292984 -0.68558835983276 -1.4318010807037 -1.019275188446 -3.5259258747101 0.0049218721687794 -4.1295537812402e-05
-0.62678396701813 -0.72321009635925 -1.3972282409668 -1.0164895057678 -3.5786423683167 0.0045609064400196 5.7525712691131e-06
-0.63100945949554 -0.7608654499054 -1.3615398406982 -1.0151233673096 -3.6304037570953 0.0040268488228321 8.7713917309884e-05
-0.6346687078476 -0.79869174957275 -1.3244426250458 -1.0149703025818 -3.682288646698 0.0035709924995899 1.9571338270907e-05
-0.63595640659332 -0.83033180236816 -1.2937972545624 -1.0159432888031 -3.7254598140717 0.0022277422249317 5.7762565120356e-05
-0.62352359294891 -0.81871294975281 -1.3176944255829 -1.0090301036835 -3.7140245437622 -0.0031714849174023 9.0261208242737e-05
-0.6108101606369 -0.8054051399231 -1.3433668613434 -0.99706149101257 -3.7012846469879 -0.0037317685782909 0.00011290283146081
-0.59783470630646 -0.79264783859253 -1.3683443069458 -0.98509860038757 -3.6886224746704 -0.003804724663496 8.2438464232837e-06
-0.58464801311493 -0.77983736991882 -1.3927440643311 -0.97341418266296 -3.6754417419434 -0.0037393979728222 9.2035217676312e-05
-0.5712331533432 -0.7674994468689 -1.4165289402008 -0.96211981773376 -3.6617667675018 -0.0038841180503368 6.8764679781452e-06
-0.55753743648529 -0.75538277626038 -1.4395496845245 -0.95110487937927 -3.6481833457947 -0.0039976052939892 6.9792091380805e-05
-0.54362785816193 -0.74365663528442 -1.4621226787567 -0.94048810005188 -3.6340529918671 -0.0041387490928173 5.5028533097357e-05
-0.52944719791412 -0.73239493370056 -1.4838993549347 -0.93014669418335 -3.6199717521667 -0.004196684807539 2.1978019503877e-05
-0.51503098011017 -0.72118306159973 -1.5050840377808 -0.92026138305664 -3.6056087017059 -0.004412692040205 -2.8497064704425e-05
-0.50035989284515 -0.71028757095337 -1.5257284641266 -0.91070199012756 -3.5908145904541 -0.0046019963920116 3.558933531167e-05
-0.48543322086334 -0.69977474212646 -1.5457508563995 -0.90138649940491 -3.5759246349335 -0.0048041753470898 6.2672224885318e-06
-0.47026479244232 -0.68937087059021 -1.5652379989624 -0.89237117767334 -3.5607354640961 -0.0049670152366161 9.3167174782138e-05
-0.45483505725861 -0.67939567565918 -1.5841288566589 -0.88362193107605 -3.5455641746521 -0.0050878934562206 8.24604430818e-05
-0.43915116786957 -0.66965317726135 -1.602527141571 -0.87538528442383 -3.5294783115387 -0.0054915361106396 3.2390151318396e-05
-0.42322409152985 -0.66015577316284 -1.6203157901764 -0.86723637580872 -3.5136895179749 -0.0056484155356884 6.9696798163932e-06
-0.40702497959137 -0.65092992782593 -1.6376602649689 -0.85954999923706 -3.4973225593567 -0.006102841347456 7.1309927989205e-06
-0.39061677455902 -0.64186215400696 -1.6545007228851 -0.85195660591125 -3.480607509613 -0.0064018182456493 4.2093182855751e-05
-0.37392508983612 -0.63322734832764 -1.6706168651581 -0.84471726417542 -3.4641394615173 -0.0066726617515087 6.8008142989129e-05
-0.35699498653412 -0.62478852272034 -1.6862688064575 -0.83791875839233 -3.4472200870514 -0.0071363858878613 2.5328761694254e-05
-0.33974778652191 -0.61678194999695 -1.70121717453 -0.83154916763306 -3.4302229881287 -0.0076301507651806 5.3702558943769e-05
-0.32236444950104 -0.60892343521118 -1.7157466411591 -0.82540607452393 -3.4128255844116 -0.0081799440085888 8.5290492279455e-05
-0.3047331571579 -0.60135769844055 -1.7297813892365 -0.81958913803101 -3.3951110839844 -0.0088537149131298 1.9060622435063e-05
-0.28685486316681 -0.59407591819763 -1.7432186603546 -0.81413221359253 -3.3771667480469 -0.0095220021903515 3.9475264202338e-05
-0.26872289180756 -0.5870668888092 -1.7560667991638 -0.8091881275177 -3.3589687347412 -0.010407727211714 7.727844058536e-05
-0.25039494037628 -0.58044099807739 -1.7683155536652 -0.80461168289185 -3.340663433075 -0.011368077248335 2.1672356069757e-06
-0.23192179203033 -0.57407093048096 -1.7800352573395 -0.80046606063843 -3.3222026824951 -0.012543719261885 4.3702431867132e-05
-0.2131599187851 -0.56795048713684 -1.7911367416382 -0.79670882225037 -3.3035204410553 -0.013916295021772 2.5214790184691e-06
-0.19425570964813 -0.56218791007996 -1.8016233444214 -0.79347681999207 -3.2845776081085 -0.015399258583784 2.983692138514e-05
-0.1751457452774 -0.55674028396606 -1.811537027359 -0.79070830345154 -3.2655627727509 -0.017104189842939 6.0822305385955e-05
-0.15584337711334 -0.551518201828 -1.8209109306335 -0.78844785690308 -3.2459177970886 -0.019031804054976 7.4633157055359e-05
-0.13640892505646 -0.54673910140991 -1.8295769691467 -0.78677463531494 -3.2267048358917 -0.021223109215498 4.0610673750052e-05
-0.1168178319931 -0.54240465164185 -1.8373794555664 -0.78585386276245 -3.2077414989471 -0.023728173226118 3.0980834708316e-05
-0.097087979316711 -0.53821563720703 -1.8447334766388 -0.78528761863708 -3.1882152557373 -0.026383679360151 4.3117215682287e-05
-0.077225565910339 -0.53430604934692 -1.8516676425934 -0.78498125076294 -3.1680700778961 -0.029099505394697 1.6480978956679e-05
-0.057258725166321 -0.53069114685059 -1.8579287528992 -0.78494381904602 -3.1483497619629 -0.031640093773603 -8.0374966273666e-06
-0.037212729454041 -0.52727794647217 -1.8637564182281 -0.78490591049194 -3.1282567977905 -0.034082692116499 -7.4658014455053e-06
-0.017079710960388 -0.52416133880615 -1.8691749572754 -0.78473782539368 -3.1079006195068 -0.036158364266157 1.1317527423671e-05
0.0031417608261108 -0.5210268497467 -1.874263048172 -0.78407955169678 -3.087338924408 -0.037546914070845 8.3908642409369e-05
0.023406863212585 -0.51822113990784 -1.8789098262787 -0.78258061408997 -3.0671513080597 -0.037872355431318 9.1164096374996e-05
0.043708682060242 -0.51562833786011 -1.8833079338074 -0.77995419502258 -3.0468719005585 -0.037024300545454 -1.3544019566325e-05
0.064006686210632 -0.51308941841125 -1.8875234127045 -0.77612638473511 -3.0266287326813 -0.035020153969526 1.2286401215533e-05
0.084307551383972 -0.51074504852295 -1.8915741443634 -0.77116131782532 -3.0060167312622 -0.031625550240278 1.5189979421848e-05
0.10463130474091 -0.5086715221405 -1.895322561264 -0.76528787612915 -2.9855554103851 -0.027430098503828 7.3317355600011e-06
0.12487018108368 -0.50691819190979 -1.8985316753387 -0.7589430809021 -2.9656622409821 -0.022425930947065 -9.599735676602e-06
0.14510428905487 -0.50536179542542 -1.9013648033142 -0.75249147415161 -2.9451897144318 -0.017408411949873 3.3529213396832e-05
0.16522777080536 -0.50444841384888 -1.9034531116486 -0.74648880958557 -2.9252047538757 -0.012596409767866 8.4157136370777e-06
0.18528211116791 -0.50383043289185 -1.9047608375549 -0.74162411689758 -2.9053783416748 -0.0084915570914745 3.7983786569384e-06
0.20519816875458 -0.50398874282837 -1.9048614501953 -0.73878073692322 -2.8859353065491 -0.0057831220328808 0.00015452665684279
0.22504794597626 -0.50435614585876 -1.9044167995453 -0.73678302764893 -2.8662633895874 -0.0037501268088818 3.1363371817861e-05
0.24477469921112 -0.50505828857422 -1.9033417701721 -0.73542356491089 -2.8463649749756 -0.0019674710929394 7.7627744758502e-05
0.26438701152802 -0.50617694854736 -1.9016311168671 -0.73465347290039 -2.8265180587769 -0.00063423439860344 -3.4770673664752e-05
