5.4842428198754e-07 -4.4562082734956e-07 0.91483920812607
7.3358103236387e-07 -2.3223103085002e-07 0.91483926773071
9.8690588856698e-07 -2.9545059732072e-08 0.91483962535858
7.9496743410346e-07 -2.1726148702328e-07 0.91483956575394
1.129565816882e-06 -1.8923167033336e-07 0.91483956575394
1.1257864116487e-06 -3.788340166011e-07 0.91483938694
3.6231736544323e-07 -2.9761625341962e-07 0.91483932733536
8.0740863950268e-07 -6.0878147678523e-07 0.91483938694
7.0492831127922e-07 -7.7135933906902e-07 0.91483938694
6.719327529936e-07 -5.8556554449751e-07 0.91483950614929
9.1259244072717e-07 -4.9400989610149e-07 0.91483938694
1.1214549431315e-06 -3.7692612409046e-07 0.91483950614929
1.1022652870452e-06 -3.7171315625528e-07 0.91483962535858
7.8422345950457e-07 -1.8887027408709e-07 0.91483974456787
7.3365117714275e-07 -1.6728570528812e-07 0.91483992338181
7.9935153962651e-07 -2.2716633907294e-07 0.91484022140503
8.3784283333443e-07 -8.003005405044e-07 0.91484034061432
9.0760727289307e-07 -1.02503281596e-06 0.91484034061432
8.2301789916528e-07 -7.8874347764213e-07 0.91484034061432
6.9988720952097e-07 -9.9779379070242e-07 0.91484045982361
3.8730365758965e-07 -8.8116325969168e-07 0.91484045982361
2.2614078432071e-07 -6.9351477804958e-07 0.91484093666077
2.6266093300364e-07 -6.8213472559364e-07 0.91484105587006
6.6670111209532e-07 -7.919455811134e-07 0.91484105587006
3.3603456017772e-07 -9.4071151579556e-07 0.91484093666077
6.2430029856841e-07 -1.1906771533177e-06 0.91484099626541
2.4533642317692e-07 -1.2310395050008e-06 0.91484129428864
2.7134706215293e-07 -1.3140548844603e-06 0.91484105587006
1.4215724775113e-07 -1.330528220933e-06 0.91484105587006
2.0780315423963e-07 -1.4561926491297e-06 0.91484129428864
3.3688723988234e-07 -1.5804793065399e-06 0.91484129428864
1.6061592589267e-07 -1.6825351849548e-06 0.91484123468399
3.2295008622896e-07 -1.7089073480747e-06 0.91484129428864
6.3587350496164e-07 -1.4277467244028e-06 0.91484141349792
2.9863562645005e-07 -1.616979488972e-06 0.91484171152115
5.1597760375444e-07 -1.6812274452604e-06 0.91484189033508
8.6868681137275e-08 -1.6474505173392e-06 0.91484189033508
-6.6388878394719e-08 -1.8097679230777e-06 0.9148423075676
2.9459314987434e-09 -1.3646753131979e-06 0.91484248638153
-5.4851319930549e-08 -1.2278945860089e-06 0.91484278440475
-1.1990087500635e-07 -7.329970230785e-07 0.91484278440475
-2.2502861440898e-07 -1.0920190334218e-06 0.91484302282333
6.4078925277045e-08 -1.4350704304888e-06 0.91484314203262
-2.0820773727337e-07 -1.3704790262636e-06 0.91484326124191
1.9161252851063e-07 -1.1767319847422e-06 0.91484320163727
1.3843434487626e-07 -1.2249016663191e-06 0.91484344005585
1.3111910845964e-07 -1.1456011179689e-06 0.91484361886978
0.003890095744282 -8.4111008618493e-05 0.91485148668289
0.013447919860482 -0.0002745020610746 0.91486018896103
0.023076470941305 -0.00041706667980179 0.9148964881897
0.032699555158615 -0.00057666905922815 0.91493713855743
0.042293719947338 -0.00075663137249649 0.91499179601669
0.051928132772446 -0.00095561880152673 0.91510421037674
0.061523612588644 -0.001162311527878 0.91522687673569
0.071173824369907 -0.0012948784278706 0.91527539491653
0.080819085240364 -0.0013794179540128 0.91527986526489
0.090420141816139 -0.0014988607726991 0.91526114940643
0.10004454106092 -0.001663223374635 0.91521662473679
0.10964169353247 -0.0018615036970004 0.9151605963707
0.1192414984107 -0.0019936845637858 0.91490715742111
0.12885677814484 -0.0021465730387717 0.9149563908577
0.13846303522587 -0.0022982659284025 0.91499674320221
0.14802783727646 -0.0024996197316796 0.91506487131119
0.15765745937824 -0.0026925941929221 0.91515856981277
0.16728220880032 -0.0028426391072571 0.91522067785263
0.17688679695129 -0.0030047378968447 0.91529452800751
0.18647703528404 -0.0031737389508635 0.91533553600311
0.19606523215771 -0.0033528655767441 0.91537225246429
0.20566262304783 -0.0035352422855794 0.91541415452957
0.21523205935955 -0.0038072189781815 0.91545563936234
0.22483077645302 -0.0039859381504357 0.91545957326889
0.23440788686275 -0.0042564580217004 0.91551423072815
0.24401496350765 -0.0044268206693232 0.91555309295654
0.25365078449249 -0.0046123885549605 0.91554963588715
0.26325681805611 -0.0047538764774799 0.91553831100464
0.2729124724865 -0.004986678250134 0.91551375389099
0.28255668282509 -0.0051105790771544 0.91546773910522
0.2921769618988 -0.0053149829618633 0.9154599905014
0.30180367827415 -0.0055235885083675 0.91533035039902
0.31143364310265 -0.00576928909868 0.91530984640121
0.321059435606 -0.0059958454221487 0.91526734828949
0.33073684573174 -0.0062740975990891 0.91520589590073
