0.00098437070846558 0.049848943948746 1.2965766191483 0.0012746391585097 -5.1005339628318e-05 3.0595483779907 -3.2046951673692e-05
0.0068792253732681 0.046155020594597 1.2876945734024 0.0013193549821153 -0.00024258154735435 3.0113708972931 0.00011335530871293
0.012824699282646 0.042471840977669 1.2787841558456 0.0012746948050335 -0.00033010175684467 2.9632768630981 -8.0264053394785e-06
0.018729399889708 0.038786128163338 1.2698954343796 0.0012431241339073 -0.00029536295915022 2.9147441387177 1.3497103282134e-05
0.024663653224707 0.035109207034111 1.2610104084015 0.0012646201066673 -0.00043786241440102 2.8672602176666 3.216677941964e-05
0.030552826821804 0.031428411602974 1.2521148920059 0.0013095160247758 -0.0005318425828591 2.8189415931702 6.7317501816433e-05
0.036476999521255 0.027755632996559 1.2432423830032 0.0012194990413263 -0.00058552692644298 2.7704637050629 -1.1061520126532e-05
0.042413130402565 0.024056732654572 1.2343394756317 0.0013647434534505 -0.0006862670998089 2.7224249839783 4.3616473703878e-05
0.048329755663872 0.020374178886414 1.225457906723 0.0013188624288887 -0.00095992168644443 2.6743576526642 1.3721240975428e-05
0.054245322942734 0.016695111989975 1.216579079628 0.0014105180744082 -0.001013888628222 2.625866651535 6.6604785388336e-05
0.060171648859978 0.013009503483772 1.2076683044434 0.0014420342631638 -0.0011570353526622 2.5776884555817 9.4545983301941e-05
0.066081032156944 0.0093342214822769 1.1987874507904 0.001390571356751 -0.0011291902046651 2.5296249389648 4.2242219933541e-05
0.071988880634308 0.0056437253952026 1.1898893117905 0.0015051405644044 -0.0013187326258048 2.4809420108795 7.8528510130127e-06
0.077908903360367 0.0019429102540016 1.1809861660004 0.0015454452950507 -0.0015018304111436 2.4330434799194 1.6204059647862e-05
0.083829432725906 -0.0017270222306252 1.1720869541168 0.0015904359752312 -0.0014965649461374 2.3851265907288 3.7754951335955e-05
0.089757144451141 -0.0054135099053383 1.1632063388824 0.0015123162884265 -0.0015175887383521 2.3372354507446 -6.271976417338e-06
0.095667600631714 -0.0090963095426559 1.154311299324 0.0013547379057854 -0.0016359009314328 2.2886762619019 -1.7037980796886e-05
0.1015692949295 -0.012777633965015 1.1454248428345 0.0011237137950957 -0.0015952638350427 2.2403824329376 -7.4609415605664e-06
0.10750567167997 -0.016442254185677 1.1365243196487 0.0011825205292553 -0.0012572820996866 2.1928284168243 4.0653245378053e-05
0.11343463510275 -0.020146038383245 1.1276299953461 0.0006133338320069 -0.00080460129538551 2.1447992324829 6.9857242124272e-06
0.11934372037649 -0.023830454796553 1.1187444925308 7.6513264502864e-05 -1.0226194717688e-05 2.0964961051941 -1.8446016838425e-05
0.12526932358742 -0.027516916394234 1.109842300415 -0.00035163393476978 0.0011062154080719 2.0491242408752 8.9058215962723e-05
0.13118503987789 -0.031226331368089 1.1009156703949 -0.00084018358029425 0.0022121076472104 2.0007243156433 -1.379766035825e-05
0.13708633184433 -0.034903284162283 1.0920598506927 -0.0012003015726805 0.0026785107329488 1.9522176980972 -3.502813342493e-05
0.14302399754524 -0.038597017526627 1.0831302404404 -0.0012172963470221 0.0025979592464864 1.9044675827026 0.00012112057447666
0.14894413948059 -0.042241878807545 1.0742509365082 -0.00060318381292745 0.0016479017212987 1.8559750318527 6.048978320905e-05
0.15484449267387 -0.045953206717968 1.0653626918793 -9.8183067166246e-05 0.00050573417684063 1.8087176084518 -1.8817670934368e-05
0.16077981889248 -0.049627516418695 1.0564914941788 0.00032718916190788 -0.00043651176383719 1.7609126567841 7.8015746112214e-06
0.16669112443924 -0.053289588540792 1.0475862026215 0.00021953902614769 -0.00082528812345117 1.7125631570816 -2.1167603335925e-05
0.17261782288551 -0.056990817189217 1.0386731624603 0.00034698433591984 -0.00098370132036507 1.6645503044128 1.4156329598336e-05
0.178521245718 -0.060652177780867 1.0297923088074 0.00046758149983361 -0.0010909193661064 1.6160229444504 -6.2785520640318e-06
0.18444709479809 -0.064350187778473 1.0209066867828 0.00033015006920323 -0.0012257186463103 1.5684801340103 4.8690213588998e-05
0.19034777581692 -0.068038389086723 1.0120205879211 4.6400268729485e-06 -0.0011860008817166 1.5203325748444 -4.2669557842601e-06
0.19629262387753 -0.071718864142895 1.0031052827835 0.00028918642783538 -0.001037071691826 1.4724154472351 7.551286398666e-05
0.20219573378563 -0.075408019125462 0.99420648813248 0.00022500655904878 -0.0012733667390421 1.4243240356445 5.3973650210537e-05
0.20810149610043 -0.079065315425396 0.98526448011398 0.00016906531527638 -0.0011830256553367 1.3759921789169 -5.0612711675058e-06
0.21402889490128 -0.082788199186325 0.9763640165329 0.00021090530208312 -0.0011144854361191 1.328660607338 8.1059979493148e-06
0.21994607150555 -0.086441874504089 0.96754425764084 3.913088949048e-05 -0.0012932288227603 1.2801535129547 2.2969605197432e-05
0.22587606310844 -0.090130060911179 0.95864081382751 -4.6686713176314e-05 -0.0012653538724408 1.2322425842285 6.5414924392826e-06
0.23105525970459 -0.093457341194153 0.95007365942001 0.00017443980323151 -0.00076341087697074 1.1879960298538 -0.0019438449526206
0.2218224555254 -0.089780256152153 0.94980776309967 0.00078039424261078 0.0016401065513492 1.1857353448868 -0.0080634700134397
0.21222218871117 -0.085859805345535 0.94987392425537 0.00059832911938429 0.0016931196441874 1.1851013898849 -0.014154862612486
0.20261791348457 -0.08199979364872 0.94990253448486 0.00055426202015951 0.0013416755245999 1.1858747005463 -0.02055418305099
0.19303414225578 -0.078126519918442 0.94984793663025 0.00080885022180155 0.0016488668043166 1.1855964660645 -0.027171293273568
0.18343298137188 -0.074233025312424 0.94988185167313 0.00070499995490536 0.001683242036961 1.1853401660919 -0.033676043152809
0.17382894456387 -0.070346295833588 0.94984573125839 0.00081676890840754 0.0017421833472326 1.1848918199539 -0.04034062102437
0.16422781348228 -0.066460594534874 0.94988596439362 0.00069174740929157 0.0016024287324399 1.1853083372116 -0.046665489673615
0.15462955832481 -0.062587603926659 0.94989687204361 0.00078008114360273 0.0016482623759657 1.1850826740265 -0.052950702607632
0.14503175020218 -0.058706760406494 0.94987922906876 0.00060047907754779 0.0015693346504122 1.1854599714279 -0.059397988021374
0.13541808724403 -0.054823309183121 0.94991886615753 0.00052684074034914 0.0016524548409507 1.1850919723511 -0.06572762876749
0.1258299946785 -0.050927482545376 0.94991916418076 0.00069961493136361 0.0015950405504555 1.1850211620331 -0.071976684033871
0.11623607575893 -0.047060050070286 0.94986397027969 0.00077255617361516 0.0017803137889132 1.1852488517761 -0.078332461416721
0.10663467645645 -0.043169535696507 0.94991558790207 0.00066745484946296 0.0015671935398132 1.185084104538 -0.084697358310223
0.097059771418571 -0.039277017116547 0.949946641922 0.00063629186479375 0.0012494683032855 1.1851985454559 -0.089810028672218
0.087435655295849 -0.035418450832367 0.94996619224548 0.00080586533294991 0.0013935167808086 1.1852552890778 -0.094410233199596
0.083427391946316 -0.033775091171265 0.97535079717636 -8.169942884706e-05 -0.0036929326597601 1.1863368749619 -0.096979588270187
0.083414278924465 -0.033761657774448 1.0234081745148 -0.0005006340215914 -0.0042445580475032 1.1865880489349 -0.09734009206295
0.083447255194187 -0.033794850111008 1.0713198184967 -0.00019870098913088 -0.004650054499507 1.1869164705276 -0.097064673900604
0.083472855389118 -0.033825919032097 1.1192626953125 -3.0698854970979e-05 -0.0048830946907401 1.1874549388885 -0.096600785851479
0.083449803292751 -0.033815994858742 1.1673437356949 -0.00052258896175772 -0.0047734403051436 1.1871958971024 -0.096460610628128
0.083457060158253 -0.033868134021759 1.2152701616287 -0.00016760984726716 -0.0057231807149947 1.1881734132767 -0.095746658742428
