0.071428865194321 0.23328921198845 -1.7689442634583 -1.6072483062744 -1.41734790802 0.00027437857352197 -3.2046951673692e-05
0.1103421151638 0.23110768198967 -1.789989233017 -1.5840182304382 -1.3302118778229 0.00036545447073877 0.00011335530871293
0.14816817641258 0.2264356315136 -1.8091487884521 -1.5602309703827 -1.2442855834961 0.00052805594168603 -8.0264053394785e-06
0.18462619185448 0.21911379694939 -1.8262741565704 -1.5358488559723 -1.1593072414398 0.00065870932303369 1.3497103282134e-05
0.2193246781826 0.20932433009148 -1.8413910865784 -1.5110523700714 -1.0768723487854 0.00088616064749658 3.216677941964e-05
0.25235614180565 0.19692942500114 -1.8544726371765 -1.485648393631 -0.99543619155884 0.0010315959807485 6.7317501816433e-05
0.2835131585598 0.18217751383781 -1.8654682636261 -1.4599792957306 -0.91612601280212 0.0012466495390981 -1.1061520126532e-05
0.31270369887352 0.164973706007 -1.8743448257446 -1.434173822403 -0.83870482444763 0.0014750545378774 4.3616473703878e-05
0.33992919325829 0.14549824595451 -1.8810753822327 -1.4082050323486 -0.76310443878174 0.0018436496611685 1.3721240975428e-05
0.36510524153709 0.12401816248894 -1.885755777359 -1.3823094367981 -0.69005465507507 0.0021183078642935 6.6604785388336e-05
0.38839444518089 0.10037371516228 -1.8881886005402 -1.3567428588867 -0.61809635162354 0.0026371066924185 9.4545983301941e-05
0.40968951582909 0.075155705213547 -1.8886761665344 -1.3314609527588 -0.54887080192566 0.003117281710729 4.2242219933541e-05
0.42915496230125 0.048164814710617 -1.886962890625 -1.3068172931671 -0.48119235038757 0.0038015430327505 7.8528510130127e-06
0.44681987166405 0.019726723432541 -1.8832321166992 -1.282928943634 -0.41550707817078 0.0046131201088428 1.6204059647862e-05
0.4628287255764 -0.0099826157093048 -1.8774299621582 -1.260124206543 -0.35142254829407 0.0057236738502979 3.7754951335955e-05
0.47724589705467 -0.040864259004593 -1.8695726394653 -1.2384712696075 -0.28885173797607 0.0070836134254932 -6.271976417338e-06
0.49018010497093 -0.072868376970291 -1.8596522808075 -1.2182247638702 -0.22764754295349 0.0089108534157276 -1.7037980796886e-05
0.50169146060944 -0.10561111569405 -1.8478655815125 -1.199467420578 -0.16807579994202 0.011313159018755 -7.4609415605664e-06
0.51192438602448 -0.13909891247749 -1.8342678546906 -1.182450056076 -0.11009836196899 0.014165598899126 4.0653245378053e-05
0.52092897891998 -0.17336967587471 -1.8186883926392 -1.1670033931732 -0.052893877029419 0.017318446189165 6.9857242124272e-06
0.52879536151886 -0.20790961384773 -1.8016126155853 -1.1526226997375 0.0028822422027588 0.020499903708696 -1.8446016838425e-05
0.53562414646149 -0.24262693524361 -1.7832450866699 -1.1383767127991 0.057646036148071 0.022493559867144 8.9058215962723e-05
0.54145967960358 -0.27719905972481 -1.7637400627136 -1.1231017112732 0.11173510551453 0.022315699607134 -1.379766035825e-05
0.54644024372101 -0.31094434857368 -1.7436690330505 -1.1061460971832 0.16464495658875 0.019152361899614 -3.502813342493e-05
0.55057632923126 -0.34442880749702 -1.7227072715759 -1.0879747867584 0.21694779396057 0.013488966971636 0.00012112057447666
0.55392229557037 -0.37752202153206 -1.7005121707916 -1.0705721378326 0.26869034767151 0.0070745535194874 6.048978320905e-05
0.55662882328033 -0.41071417927742 -1.6770498752594 -1.05584025383 0.31875491142273 0.0020162649452686 -1.8817670934368e-05
0.5586758852005 -0.44435361027718 -1.6516828536987 -1.0446527004242 0.36871218681335 -0.00079016014933586 7.8015746112214e-06
0.5600882768631 -0.47843936085701 -1.6246902942657 -1.036527633667 0.41844010353088 -0.001750510185957 -2.1167603335925e-05
0.56100761890411 -0.51254224777222 -1.5965144634247 -1.0303821563721 0.46734499931335 -0.0020225457847118 1.4156329598336e-05
0.56138050556183 -0.54653072357178 -1.5672264099121 -1.0257103443146 0.51576924324036 -0.0021067075431347 -6.2785520640318e-06
0.56133139133453 -0.58031916618347 -1.537003993988 -1.0222692489624 0.56368947029114 -0.001811545342207 4.8690213588998e-05
0.56083548069 -0.61400055885315 -1.5058097839355 -1.0199012756348 0.61125493049622 -0.0016193799674511 -4.2669557842601e-06
0.56001675128937 -0.64753651618958 -1.4737985134125 -1.0185368061066 0.65834975242615 -0.0015151910483837 7.551286398666e-05
0.55876219272614 -0.68094897270203 -1.4408893585205 -1.0181288719177 0.70531249046326 -0.0014870576560497 5.3973650210537e-05
0.55725681781769 -0.71417737007141 -1.4072360992432 -1.0187714099884 0.75163817405701 -0.001349251717329 -5.0612711675058e-06
0.55546152591705 -0.74718832969666 -1.3728177547455 -1.0201914310455 0.79781317710876 -0.0013473443686962 8.1059979493148e-06
0.55339109897614 -0.77991843223572 -1.337620973587 -1.0225758552551 0.84384512901306 -0.0012138299643993 2.2969605197432e-05
0.55108177661896 -0.81273174285889 -1.301589012146 -1.0258884429932 0.88971543312073 -0.00099639222025871 6.5414924392826e-06
0.54852974414825 -0.84309363365173 -1.268652677536 -1.029228925705 0.93110728263855 -0.00070099160075188 -0.0019438449526206
0.53889715671539 -0.83051037788391 -1.2949204444885 -1.0184781551361 0.92420983314514 0.0014848299324512 -0.0080634700134397
0.52910244464874 -0.81564736366272 -1.3235211372375 -1.0046508312225 0.91462635993958 0.0014810152351856 -0.014154862612486
0.51910078525543 -0.80117201805115 -1.3512935638428 -0.99111175537109 0.90451455116272 0.0013470239937305 -0.02055418305099
0.50888025760651 -0.78740286827087 -1.3781037330627 -0.9784562587738 0.89419484138489 0.0014967508614063 -0.027171293273568
0.49835073947906 -0.77386116981506 -1.4041602611542 -0.96598267555237 0.88383030891418 0.0015725679695606 -0.033676043152809
0.48758518695831 -0.76077771186829 -1.4294257164001 -0.95397663116455 0.87322306632996 0.0017070360481739 -0.04034062102437
0.47658503055573 -0.74772524833679 -1.4541578292847 -0.94200706481934 0.86206984519958 0.0015697069466114 -0.046665489673615
0.46527540683746 -0.73538303375244 -1.4778528213501 -0.9309663772583 0.85093140602112 0.0018009729683399 -0.052950702607632
0.45376694202423 -0.72311615943909 -1.5012168884277 -0.91965341567993 0.83916258811951 0.0017079897224903 -0.059397988021374
0.44187653064728 -0.7112820148468 -1.5235562324524 -0.90930891036987 0.82756638526917 0.0018834657967091 -0.06572762876749
0.42978537082672 -0.69975280761719 -1.5454471111298 -0.89895749092102 0.81541132926941 0.0018515177071095 -0.071976684033871
0.41736328601837 -0.68872284889221 -1.5665445327759 -0.88904643058777 0.80309128761292 0.0018453188240528 -0.078332461416721
0.40466368198395 -0.67771196365356 -1.5871374607086 -0.87933468818665 0.79038262367249 0.0018405504524708 -0.084697358310223
0.39168512821198 -0.66681814193726 -1.607351064682 -0.86909747123718 0.77725577354431 0.0014080591499805 -0.089810028672218
0.37836802005768 -0.65665221214294 -1.6264753341675 -0.86042952537537 0.76393532752991 0.0014433450996876 -0.094410233199596
0.37293684482574 -0.61206007003784 -1.6222350597382 -0.90305423736572 0.75712466239929 -0.0041587762534618 -0.096979588270187
0.37296831607819 -0.54656720161438 -1.5851635932922 -1.0042188167572 0.75689339637756 -0.0051055364310741 -0.09734009206295
0.37302124500275 -0.49166989326477 -1.5337979793549 -1.1102783679962 0.75671362876892 -0.0056879930198193 -0.097064673900604
0.37307035923004 -0.44759488105774 -1.4685180187225 -1.2193412780762 0.75648999214172 -0.0060069970786572 -0.096600785851479
0.37307608127594 -0.41475510597229 -1.3887615203857 -1.3312153816223 0.75661492347717 -0.0063426904380322 -0.096460610628128
0.37312090396881 -0.39459609985352 -1.2934658527374 -1.4467689990997 0.75609230995178 -0.0066173486411572 -0.095746658742428
