3.3852776937238e-07 -3.5063982295469e-07 0.91483932733536
-4.9742624241844e-08 -8.0652608858145e-07 0.91483944654465
4.6294054811824e-08 -9.2238258275756e-07 0.91483944654465
-2.1089974211463e-07 -1.3807134564559e-06 0.91483950614929
-1.9789287364347e-07 -8.597647820352e-07 0.91483956575394
-1.3095844053623e-07 -1.0125221479029e-06 0.91483986377716
-3.5729183878175e-07 -1.0416539453217e-06 0.91483992338181
-5.981304980196e-07 -1.5688926850999e-06 0.91483992338181
-8.440898113804e-07 -1.6249604186669e-06 0.91483992338181
-1.0949971738228e-06 -1.6822623365442e-06 0.91484004259109
-1.3348491165743e-06 -1.5680320757383e-06 0.91483992338181
-7.6464749554361e-07 -1.6714502635296e-06 0.91484004259109
-4.4698617784888e-07 -1.5239033928083e-06 0.91483992338181
-5.9055963674837e-07 -1.45174874433e-06 0.91484028100967
-4.6537601861019e-07 -1.0795407661135e-06 0.91484040021896
-4.6696953859282e-07 -9.4844028808438e-07 0.91484034061432
-3.2467133337377e-07 -1.1877688166351e-06 0.91484040021896
3.063631837108e-08 -1.5735438410047e-06 0.9148405790329
-2.9872044393642e-08 -1.4176996501192e-06 0.91484063863754
1.7445339040023e-07 -1.7599829789106e-06 0.91484075784683
-2.8999391332718e-08 -1.4609848904001e-06 0.91484081745148
1.8596708173391e-07 -1.395614390276e-06 0.91484081745148
7.9146252573992e-07 -1.1949780400755e-06 0.91484075784683
8.9656396085047e-07 -1.4472352631856e-06 0.91484069824219
9.618172498449e-07 -1.4117264299784e-06 0.91484069824219
1.3418418802758e-06 -1.3589907439382e-06 0.9148405790329
1.1094857654825e-06 -1.6171821926037e-06 0.91484093666077
1.1714747643055e-06 -1.6281231864923e-06 0.91484099626541
9.4868960331951e-07 -1.8711456277742e-06 0.91484099626541
8.6409494315376e-07 -1.9045920680583e-06 0.91484105587006
9.8064015219279e-07 -1.6904276662899e-06 0.91484093666077
4.3920221060034e-07 -1.7428600358471e-06 0.91484099626541
7.8626885624544e-07 -1.5936202544253e-06 0.91484105587006
9.2919242433709e-07 -1.6586493529758e-06 0.91484117507935
7.4696930596474e-07 -1.7972580508285e-06 0.91484099626541
3.7421966680995e-07 -2.0284651327529e-06 0.91484081745148
6.2884777207728e-07 -1.6519854852959e-06 0.91484075784683
5.745185944761e-07 -1.8053143548968e-06 0.91484075784683
6.1721436850348e-07 -1.760296527209e-06 0.91484105587006
9.4673214334762e-07 -1.7659925788394e-06 0.91484129428864
3.9650285543757e-07 -2.0641982700909e-06 0.91484123468399
3.6845969475507e-07 -2.161801148759e-06 0.91484147310257
3.6655353596871e-07 -2.1313567231118e-06 0.91484147310257
2.9169248350058e-08 -1.9832766611216e-06 0.91484147310257
-3.8287447523544e-07 -2.0903064523736e-06 0.91484171152115
-2.3774532564858e-07 -2.1557864329225e-06 0.91484171152115
-4.4335052962197e-07 -2.2559272565559e-06 0.91484129428864
-6.3385346038558e-07 -2.2883552901476e-06 0.91484135389328
-7.0946538244243e-07 -2.0490958831942e-06 0.91484117507935
-1.2207952977406e-06 -1.8176039020545e-06 0.91484093666077
-1.2646343066081e-06 -1.9667036212923e-06 0.91484099626541
-1.5892305782472e-06 -2.0291965938668e-06 0.9148411154747
-1.6618876088614e-06 -2.3302147837967e-06 0.91484123468399
-0.0015025780303404 0.00095500343013555 0.91564083099365
-0.0047419066540897 0.0025054954458028 0.91765397787094
-0.0068127489648759 0.0027743342798203 0.94124209880829
-0.0090221548452973 0.0038209082558751 0.98473459482193
-0.0094208624213934 0.0038748295046389 1.0312469005585
-0.0097440928220749 0.0040889228694141 1.0778781175613
-0.0098052127286792 0.0043291649781168 1.1247135400772
-0.010219235904515 0.0043806838802993 1.1712036132812
