-0.024338819086552 0.054690212011337 1.291283249855 0.0015175013104454 0.00017479999223724 -3.0598549842834 -5.0522226956673e-05
-0.032092954963446 0.053620055317879 1.2795165777206 0.0014175643445924 0.00024459700216539 -3.0112845897675 -2.6144425646635e-05
-0.039823055267334 0.052551209926605 1.2677252292633 0.0014949309406802 0.00041338379378431 -2.9627149105072 2.6698602596298e-05
-0.047567963600159 0.051458537578583 1.2559427022934 0.0014485152205452 0.0004622045380529 -2.9153723716736 -2.5630573873059e-05
-0.055312961339951 0.050414055585861 1.2441782951355 0.0013923541409895 0.00062121282098815 -2.8671228885651 4.5052096538711e-05
-0.063041098415852 0.049332529306412 1.2323915958405 0.0014678267762065 0.00071711634518579 -2.8182637691498 -3.7782250728924e-05
-0.070818766951561 0.048246905207634 1.2206076383591 0.0015180276241153 0.00076932070078328 -2.7703149318695 8.4669336501975e-06
-0.07855486869812 0.047187060117722 1.2088470458984 0.001586159109138 0.00066237337887287 -2.7220692634583 -3.111799742328e-05
-0.086286708712578 0.046131514012814 1.1970899105072 0.0014233874389902 0.0010222056880593 -2.6739823818207 9.4951028586365e-05
-0.094028726220131 0.045078568160534 1.185328245163 0.0014633757527918 0.00098555989097804 -2.6253092288971 5.1526849347283e-06
-0.10176606476307 0.044001378118992 1.1735377311707 0.0014921493129805 0.0010910003911704 -2.577659368515 5.3702347940998e-05
-0.10953243076801 0.042904034256935 1.1617411375046 0.0014381489017978 0.001191622344777 -2.5295677185059 3.0785318813287e-05
-0.11726060509682 0.041866801679134 1.1499738693237 0.001362968236208 0.0012894499814138 -2.4812254905701 -3.0871353374096e-05
-0.12501376867294 0.040784642100334 1.1382210254669 0.0013928252737969 0.0013371808454394 -2.4333825111389 2.3617856641067e-05
-0.13275830447674 0.03970105946064 1.1264253854752 0.0012807290768251 0.0014635908883065 -2.3853905200958 5.1153572712792e-05
-0.14049300551414 0.038639791309834 1.1146396398544 0.0012139885220677 0.0013769281795248 -2.3370900154114 7.3589842941146e-05
-0.14824348688126 0.037583574652672 1.102854847908 0.0009884093888104 0.0011832406744361 -2.2886481285095 6.6419517679606e-05
-0.15596766769886 0.036517381668091 1.0911053419113 0.00069570512278005 0.00095968093955889 -2.2405393123627 1.6586347555858e-05
-0.16372069716454 0.035417038947344 1.0793024301529 0.00054498552344739 0.00047970551531762 -2.1928143501282 1.6702924767742e-05
-0.17146848142147 0.034351613372564 1.0675703287125 -8.0983540101442e-05 8.2184065831825e-05 -2.1450202465057 9.4226357759908e-05
-0.17920988798141 0.033301379531622 1.0557730197906 -0.00029739059391432 -0.00068686535814777 -2.0966053009033 -1.1007284228981e-05
-0.18695449829102 0.032231859862804 1.043955206871 -0.00045674899592996 -0.0010522926459089 -2.0484428405762 2.240606227133e-05
-0.19469740986824 0.031142212450504 1.0321804285049 -0.00054031203035265 -0.0009232119191438 -2.0005717277527 6.3690080423839e-05
-0.20243862271309 0.030090495944023 1.0204027891159 -0.00027929365751334 -0.00043246420682408 -1.9526613950729 4.1206352761947e-05
-0.21018183231354 0.029027873650193 1.0086717605591 0.00019639734819066 0.00043569941772148 -1.904683470726 1.2983171473024e-05
-0.21791794896126 0.027965728193521 0.99688655138016 0.00056926417164505 0.0012998770689592 -1.8562785387039 -3.9742235458107e-06
-0.22565618157387 0.026886757463217 0.98509621620178 0.00070034625241533 0.0016249773325399 -1.8088485002518 9.4072544015944e-05
-0.23339560627937 0.025812251493335 0.9733219742775 0.00062166427960619 0.0018188641406596 -1.7607387304306 1.534451439511e-05
-0.24115145206451 0.024737119674683 0.96151089668274 0.00061807781457901 0.0018915352411568 -1.712237238884 3.5541517718229e-05
-0.24813416600227 0.023629769682884 0.95019096136093 0.00057479768292978 0.001452516997233 -1.6676251888275 -0.0020228635985404
-0.23895996809006 0.022726945579052 0.94990020990372 -0.0001519477518741 -0.0018537109717727 -1.6648814678192 -0.0084160659462214
-0.22937588393688 0.02181937918067 0.9498542547226 -0.00022202423133422 -0.002192446263507 -1.664656996727 -0.014602440409362
-0.2197767496109 0.020899951457977 0.94988203048706 -0.00034463201882318 -0.0022046598605812 -1.6645270586014 -0.020959870889783
-0.21016465127468 0.019981347024441 0.94993478059769 -0.0002779332571663 -0.002139788120985 -1.6651759147644 -0.027518499642611
-0.20057511329651 0.019082121551037 0.94984805583954 -0.00024683683295734 -0.0021982702892274 -1.6649372577667 -0.033897943794727
-0.19097985327244 0.018172696232796 0.94987714290619 -0.00024521970772184 -0.0021931887604296 -1.664558172226 -0.040214411914349
-0.18137308955193 0.017246838659048 0.94988715648651 -0.00022366756456904 -0.0021957934368402 -1.6651530265808 -0.046522844582796
-0.17177841067314 0.016342965885997 0.9498525261879 -0.00019505052478053 -0.0022318479605019 -1.6650068759918 -0.053095292299986
-0.1621752679348 0.015430324710906 0.94992917776108 -0.00033403281122446 -0.0020211320370436 -1.664958357811 -0.059287093579769
-0.15256923437119 0.014518256299198 0.94986575841904 -0.00015569853712805 -0.0021803469862789 -1.6649762392044 -0.065651103854179
-0.14298325777054 0.013613392598927 0.94991838932037 -0.00026161197456531 -0.00202895863913 -1.6649298667908 -0.071868449449539
-0.13338500261307 0.012706901878119 0.94987809658051 -0.00014162099978421 -0.0022525750100613 -1.6648921966553 -0.078150056302547
-0.12378285825253 0.011781385168433 0.94990068674088 -0.00022641275427304 -0.0021857845131308 -1.6650766134262 -0.084424003958702
-0.11420932412148 0.010876735672355 0.94995480775833 -0.0003463760658633 -0.0022497563622892 -1.6650513410568 -0.089543633162975
-0.10462939739227 0.0099583389237523 0.94998049736023 4.2430579924257e-05 -0.0022335941903293 -1.6654418706894 -0.094577237963676
-0.095019407570362 0.0090301521122456 0.94996774196625 -0.0002119664568454 -0.0020942895207554 -1.665291428566 -0.0999895632267
-0.089605256915092 0.0085164923220873 0.97098249197006 0.00027858326211572 0.0031691060867161 -1.6659163236618 -0.10251166671515
-0.089605577290058 0.0084879044443369 1.0189383029938 0.0022000591270626 0.01031089015305 -1.6667648553848 -0.10374815016985
-0.089600004255772 0.0084938760846853 1.0668849945068 0.0029863363597542 0.014269995503128 -1.6671081781387 -0.1039377078414
-0.089639365673065 0.008482270874083 1.1149188280106 0.0037422098685056 0.016402870416641 -1.6672699451447 -0.10490595549345
-0.089619748294353 0.0084927408024669 1.1629537343979 0.0037865424528718 0.018339395523071 -1.6680582761765 -0.1060601323843
-0.089629411697388 0.008470038883388 1.2109676599503 0.0041806227527559 0.019712382927537 -1.6682205200195 -0.10647300630808
