-0.081573635339737 0.20426890254021 -1.7601780891418 -1.5871381759644 -1.7342586517334 -0.00026206322945654 -5.0522226956673e-05
-0.1250983774662 0.18522641062737 -1.7751936912537 -1.5530652999878 -1.8258965015411 -0.00035433121956885 -2.6144425646635e-05
-0.1668521463871 0.16355511546135 -1.787674665451 -1.519006729126 -1.9160022735596 -0.00049428292550147 2.6698602596298e-05
-0.20656171441078 0.13955590128899 -1.7977256774902 -1.4850313663483 -2.0039250850677 -0.00073174783028662 -2.5630573873059e-05
-0.24414625763893 0.11342856287956 -1.8053250312805 -1.4513423442841 -2.0894348621368 -0.00098280259408057 4.5052096538711e-05
-0.2797843515873 0.085031002759933 -1.8103568553925 -1.4181220531464 -2.173487663269 -0.0011890346650034 -3.7782250728924e-05
-0.31322947144508 0.054847687482834 -1.81294465065 -1.3855283260345 -2.2552936077118 -0.0014055187348276 8.4669336501975e-06
-0.34453335404396 0.023085564374924 -1.8131990432739 -1.3536784648895 -2.3346700668335 -0.0015631134156138 -3.111799742328e-05
-0.37373843789101 -0.010078698396683 -1.8110921382904 -1.3228104114532 -2.4121110439301 -0.0020118171814829 9.4951028586365e-05
-0.4009670317173 -0.044628411531448 -1.806542634964 -1.2932057380676 -2.4876546859741 -0.0023794586304575 5.1526849347283e-06
-0.42620339989662 -0.080216914415359 -1.7998173236847 -1.2647490501404 -2.560934305191 -0.002854865277186 5.3702347940998e-05
-0.44964972138405 -0.11677029728889 -1.7908508777618 -1.2375836372375 -2.6325950622559 -0.0033772403839976 3.0785318813287e-05
-0.47131624817848 -0.15399864315987 -1.7797405719757 -1.212028503418 -2.7024507522583 -0.0039771012961864 -3.0871353374096e-05
-0.49124684929848 -0.19189146161079 -1.7665188312531 -1.1881721019745 -2.770271062851 -0.004797738045454 2.3617856641067e-05
-0.50961601734161 -0.23027899861336 -1.7512698173523 -1.1660027503967 -2.8365859985352 -0.00586823746562 5.1153572712792e-05
-0.52654421329498 -0.26916244626045 -1.733984708786 -1.1456563472748 -2.901748418808 -0.0070810727775097 7.3589842941146e-05
-0.54208385944366 -0.30835250020027 -1.7147345542908 -1.1270580291748 -2.9657664299011 -0.0084441117942333 6.6419517679606e-05
-0.55624878406525 -0.34752276539803 -1.6938796043396 -1.110246181488 -3.0278544425964 -0.010031264275312 1.6586347555858e-05
-0.56920993328094 -0.38694956898689 -1.6712913513184 -1.0950274467468 -3.0887105464935 -0.01153377816081 1.6702924767742e-05
-0.58105075359344 -0.42606809735298 -1.6473155021667 -1.0807905197144 -3.1483895778656 -0.012592356652021 9.4226357759908e-05
-0.59179484844208 -0.4652273952961 -1.6219692230225 -1.066837310791 -3.2074327468872 -0.012339632958174 -1.1007284228981e-05
-0.60155642032623 -0.50391674041748 -1.595627784729 -1.0525100231171 -3.2654922008514 -0.010323088616133 2.240606227133e-05
-0.61037170886993 -0.54197406768799 -1.5684969425201 -1.0378286838531 -3.3222081661224 -0.0066225938498974 6.3690080423839e-05
-0.61836183071136 -0.5796205997467 -1.5403158664703 -1.0239403247833 -3.3779602050781 -0.0021956376731396 4.1206352761947e-05
-0.62551581859589 -0.61720085144043 -1.5105209350586 -1.0122892856598 -3.4332036972046 0.0015880651772022 1.2983171473024e-05
-0.63189995288849 -0.65506362915039 -1.4789931774139 -1.0036609172821 -3.4879505634308 0.003777701407671 -3.9742235458107e-06
-0.63765847682953 -0.69317674636841 -1.445960521698 -0.99817037582397 -3.5412724018097 0.0043088980019093 9.4072544015944e-05
-0.64272511005402 -0.73125410079956 -1.41135597229 -0.9948468208313 -3.594386100769 0.0040824003517628 1.534451439511e-05
-0.64718425273895 -0.7694034576416 -1.3754060268402 -0.99296879768372 -3.6470971107483 0.0037033148109913 3.5541517718229e-05
-0.65046441555023 -0.80541324615479 -1.3411633968353 -0.99243950843811 -3.695404291153 0.0027339048683643 -0.0020228635985404
-0.63774764537811 -0.7956907749176 -1.3620910644531 -0.987548828125 -3.6852324008942 -0.0031578950583935 -0.0084160659462214
-0.62453186511993 -0.78319644927979 -1.3863728046417 -0.97647213935852 -3.6720702648163 -0.0038111619651318 -0.014602440409362
-0.61104881763458 -0.77082061767578 -1.4100687503815 -0.96524739265442 -3.6587727069855 -0.0039673261344433 -0.020959870889783
-0.59734070301056 -0.75865960121155 -1.4332332611084 -0.95430135726929 -3.6447443962097 -0.0041790418326855 -0.027518499642611
-0.58338940143585 -0.74718856811523 -1.4556436538696 -0.94371223449707 -3.630909204483 -0.0043635778129101 -0.033897943794727
-0.56919062137604 -0.73562145233154 -1.4775400161743 -0.93340873718262 -3.6166548728943 -0.0043964795768261 -0.040214411914349
-0.55475270748138 -0.72441267967224 -1.4988594055176 -0.92337894439697 -3.6020736694336 -0.004527609795332 -0.046522844582796
-0.54006040096283 -0.71361303329468 -1.5195107460022 -0.91366314888 -3.5874052047729 -0.0046482495963573 -0.053095292299986
-0.52508962154388 -0.70286631584167 -1.5396041870117 -0.90425658226013 -3.5725905895233 -0.004746001213789 -0.059287093579769
-0.50989997386932 -0.69279026985168 -1.559018611908 -0.89535093307495 -3.5573718547821 -0.0049906186759472 -0.065651103854179
-0.49445140361786 -0.68258810043335 -1.5780184268951 -0.88656401634216 -3.5418698787689 -0.0052082948386669 -0.071868449449539
-0.47875368595123 -0.67293477058411 -1.5963609218597 -0.87827968597412 -3.5261900424957 -0.0054846219718456 -0.078150056302547
-0.4627925157547 -0.6634247303009 -1.6141762733459 -0.87023282051086 -3.5100998878479 -0.0058424882590771 -0.084424003958702
-0.44657599925995 -0.65417170524597 -1.6314790248871 -0.86212754249573 -3.4940450191498 -0.0059469155967236 -0.089543633162975
-0.43015444278717 -0.64502739906311 -1.6485359668732 -0.85358786582947 -3.4772419929504 -0.0053823404014111 -0.094577237963676
-0.4134646654129 -0.63630986213684 -1.6647112369537 -0.84624671936035 -3.4607319831848 -0.0054471902549267 -0.0999895632267
-0.40400016307831 -0.59518384933472 -1.6666975021362 -0.86980605125427 -3.4506351947784 0.0096420831978321 -0.10251166671515
-0.40402615070343 -0.52223038673401 -1.6369071006775 -0.94961881637573 -3.4499371051788 0.032370526343584 -0.10374815016985
-0.40402734279633 -0.46168255805969 -1.5899636745453 -1.0446650981903 -3.4498388767242 0.044907052069902 -0.1039377078414
-0.40407025814056 -0.41309833526611 -1.5277998447418 -1.1474387645721 -3.4494180679321 0.05291648581624 -0.10490595549345
-0.40409576892853 -0.37649655342102 -1.4510395526886 -1.2547085285187 -3.4490375518799 0.058511693030596 -0.1060601323843
-0.40412223339081 -0.35276031494141 -1.3589222431183 -1.3655827045441 -3.4488635063171 0.06364531815052 -0.10647300630808
