2.3079380184754e-07 2.8279620778449e-07 0.91483867168427
4.458819660158e-07 4.7903932909321e-07 0.91483867168427
4.218068170303e-07 5.6385300695183e-07 0.91483896970749
5.2056503818676e-07 3.9238915405804e-07 0.91483902931213
1.0459634722793e-06 3.4421532291162e-07 0.91483896970749
9.7568067758402e-07 7.8214191034931e-07 0.91483914852142
6.793305260544e-07 6.5877111410373e-07 0.91483926773071
6.8626366100943e-07 6.0062063766964e-07 0.91483938694
1.0782961226141e-06 3.8419614156737e-07 0.91483944654465
8.3827211483367e-07 4.5313902319322e-07 0.91483920812607
1.0415270708108e-06 2.4683947685844e-07 0.91483926773071
1.4980306559664e-06 3.3648728958724e-07 0.91483944654465
1.7034716393027e-06 2.5491991095805e-07 0.91483968496323
1.8967455162056e-06 6.5432828932899e-08 0.91483950614929
1.7744605429471e-06 5.4955518180577e-07 0.91483944654465
1.6248087604254e-06 6.1577992482853e-07 0.91483938694
1.6207319504247e-06 9.1595933326971e-07 0.91483938694
1.9766823697864e-06 7.9809899489192e-07 0.91483944654465
2.2429783257394e-06 4.8015311904237e-07 0.91483938694
2.0265295006539e-06 7.2175134846475e-07 0.91483950614929
2.0185141238471e-06 8.9008597115026e-07 0.91483932733536
1.5650490468033e-06 1.0268167898175e-06 0.91483938694
1.6878547057786e-06 1.0965503633997e-06 0.91483944654465
1.565069624121e-06 1.3239753116068e-06 0.91483950614929
1.2674003073698e-06 1.1872712093464e-06 0.91483944654465
1.3677902188647e-06 1.0911227263932e-06 0.91483944654465
8.1162244214283e-07 8.49124717206e-07 0.91483950614929
6.6231041273568e-07 9.7003737664636e-07 0.91483986377716
9.6438770924578e-07 1.3090348147671e-06 0.91483998298645
8.3375925896689e-07 9.9217743354529e-07 0.91483986377716
8.9084448973153e-07 8.397426540796e-07 0.91483968496323
8.3195476463516e-07 8.242804483416e-07 0.91483962535858
1.2022449027427e-06 5.9518851003304e-07 0.91483986377716
8.7670247239657e-07 7.9807233532847e-07 0.91483980417252
9.1366302967799e-07 7.0273580377034e-07 0.91483968496323
9.8768907719204e-07 9.699754173198e-07 0.91483986377716
6.7706599793382e-07 1.0010626283474e-06 0.91484004259109
4.2776079567375e-07 1.0576865179246e-06 0.91484010219574
2.5891648647303e-07 1.151683363787e-06 0.91484010219574
4.8739565272626e-07 1.5636118178008e-06 0.91484010219574
2.9833967118975e-07 1.8201864122602e-06 0.91484016180038
1.9081279845068e-07 2.3382663130178e-06 0.91483998298645
8.9237907729967e-08 2.3618003979209e-06 0.91483998298645
0.0020295812282711 -0.00011503759014886 0.91564357280731
0.0046695256605744 -0.00030122513999231 0.91693419218063
0.0072674904949963 -0.00070354394847527 0.91824716329575
0.0094354124739766 -0.00084982468979433 0.93818819522858
0.0083415461704135 -0.00054687430383638 0.98438227176666
0.0084462286904454 -0.00065224297577515 1.0310570001602
0.0079832002520561 -0.00061772053595632 1.077796459198
0.0074317855760455 -0.0007004311773926 1.1246137619019
0.0089411279186606 -0.0011770951095968 1.1703580617905
