-0.019913759082556 0.04972867667675 1.2967019081116 0.0010722837178037 7.7143275120761e-05 -3.0591177940369 7.0133704866748e-05
-0.025251056998968 0.04598081111908 1.287887096405 0.001067808829248 0.00015949201770127 -3.0107023715973 0.00012886672629975
-0.030609324574471 0.04223944246769 1.2790755033493 0.00094507861649618 0.00027726739062928 -2.9629683494568 9.8707867437042e-05
-0.03594695776701 0.038485884666443 1.2702609300613 0.00096152478363365 0.00035220134304836 -2.914662361145 8.0925099609885e-05
-0.041260309517384 0.034776508808136 1.2614691257477 0.00092445709742606 0.00031976506579667 -2.8658165931702 8.0837780842558e-06
-0.046600580215454 0.031007885932922 1.2526423931122 0.00087031308794394 0.00044995077769272 -2.8177230358124 4.9445858167019e-05
-0.051970019936562 0.027250185608864 1.2438039779663 0.00096530659357086 0.00049934082198888 -2.7698113918304 6.2117619563651e-06
-0.057316809892654 0.023502990603447 1.2349871397018 0.00093252479564399 0.00048706665984355 -2.7219798564911 -3.5698860301636e-05
-0.062655314803123 0.019754238426685 1.2261757850647 0.00079619692405686 0.00046322224079631 -2.6740036010742 3.0400404284592e-05
-0.067995756864548 0.015999630093575 1.2173497676849 0.00081226730253547 0.00052496080752462 -2.6256790161133 0.0001086898628273
-0.07333442568779 0.012265741825104 1.2085256576538 0.00061248923884705 0.00058278272626922 -2.5770795345306 -2.0293682609918e-05
-0.078706473112106 0.0085047706961632 1.1997407674789 0.00053714541718364 0.00068920786725357 -2.52983045578 -1.25150754684e-05
-0.084037825465202 0.0047494918107986 1.1909000873566 0.0005878530209884 0.00055477023124695 -2.4812035560608 2.9502747565857e-05
-0.089387014508247 0.0010063126683235 1.1820602416992 0.00063346029492095 0.00048260137555189 -2.4328036308289 0.00011353321315255
-0.094702899456024 -0.0027253925800323 1.1732567548752 0.00040890602394938 0.00048164269537665 -2.3848900794983 7.2704515332589e-06
-0.10006256401539 -0.0064947418868542 1.1644052267075 0.00041816977318376 0.00041601990233175 -2.3372073173523 2.9808763429173e-05
-0.10541711747646 -0.010256115347147 1.1555912494659 0.0004189656174276 0.00023343457723968 -2.289537191391 -1.3159113905203e-06
-0.1107427328825 -0.013977415859699 1.14683842659 -3.2376367016695e-05 0.00018133703269996 -2.2410545349121 5.7619395192887e-06
-0.11610040068626 -0.017734985798597 1.1379580497742 0.00013934810704086 -1.4985362213338e-05 -2.1926403045654 7.4183852120768e-05
-0.12144294381142 -0.021510947495699 1.1291708946228 -9.7646392532624e-05 -8.2499755080789e-05 -2.1451487541199 8.2757112977561e-05
-0.12676709890366 -0.025214053690434 1.1203960180283 -0.00020695959392469 -0.00014934691716917 -2.097056388855 9.264836080547e-06
-0.13212218880653 -0.028979551047087 1.1115239858627 6.8773340899497e-05 -7.9962774179876e-06 -2.0491571426392 4.4853848521598e-05
-0.13745886087418 -0.03271496295929 1.1027064323425 5.0563940021675e-05 0.00048643167247064 -2.0005393028259 1.781212813512e-05
-0.14281095564365 -0.036486402153969 1.0939036607742 0.00054768729023635 0.001316596288234 -1.9529693126678 3.1851985113462e-05
-0.14814582467079 -0.040219288319349 1.085018157959 0.0010614842176437 0.0026024680119008 -1.9043004512787 -4.7008179535624e-06
-0.15348744392395 -0.043995682150126 1.0762095451355 0.0014255644055083 0.0038659397978336 -1.8572300672531 1.9749654711632e-07
-0.1588291823864 -0.047724965959787 1.0674262046814 0.0015099820448086 0.0044594220817089 -1.8094351291656 4.1802108171396e-05
-0.16417288780212 -0.051459994167089 1.058647274971 0.0014764529187232 0.0047392644919455 -1.7613948583603 1.014220106299e-05
-0.16950319707394 -0.055174045264721 1.0498503446579 0.0010764329927042 0.0044311070814729 -1.7125742435455 -7.7175282058306e-06
-0.17485280334949 -0.058950282633305 1.0409828424454 0.00086918094893917 0.0038685135077685 -1.6649606227875 4.5360342483036e-05
-0.1802020072937 -0.062687277793884 1.0321216583252 0.00073799479287118 0.0033774070907384 -1.6167225837708 0.00014595610264223
-0.18554043769836 -0.06643284112215 1.0233240127563 0.00052494910778478 0.0030543475877494 -1.5684908628464 8.782499935478e-05
-0.19088143110275 -0.070192083716393 1.0144453048706 0.00033861387055367 0.0027382392436266 -1.5206657648087 7.4498304456938e-05
-0.19621911644936 -0.073935709893703 1.0057138204575 0.00024808989837766 0.0028844405896962 -1.4730257987976 5.3088304412086e-05
-0.20157253742218 -0.077688738703728 0.9968341588974 0.00026932143373415 0.0026827265974134 -1.4248265028 1.3631354704557e-05
-0.20691077411175 -0.081434965133667 0.98792594671249 9.1614623670466e-05 0.0025770745705813 -1.3767554759979 8.108244946925e-05
-0.21223665773869 -0.085180334746838 0.97920608520508 -6.4837171521503e-05 0.002736083464697 -1.3293932676315 3.8753194530727e-05
-0.21758830547333 -0.088939756155014 0.97037184238434 -0.00036465044831857 0.0027155207935721 -1.2812477350235 4.1533676267136e-05
-0.22292646765709 -0.092667624354362 0.96155232191086 -0.00033723315573297 0.0029529724270105 -1.2331162691116 2.7290978323435e-05
-0.22826586663723 -0.096432089805603 0.95281267166138 -0.0008466697181575 0.0029582779388875 -1.1853082180023 8.0450750829186e-05
-0.22369310259819 -0.094971396028996 0.94977104663849 0.0012237670598552 -0.0031665787100792 -1.1683270931244 -0.0064908917993307
-0.21408796310425 -0.090928800404072 0.94973069429398 0.0012066265335307 -0.0035511320456862 -1.1683659553528 -0.012901516631246
-0.20451110601425 -0.086824886500835 0.94979614019394 0.00096339057199657 -0.0032399231567979 -1.1677702665329 -0.019236661493778
-0.19490391016006 -0.082744687795639 0.94983673095703 0.00095207075355574 -0.0030197207815945 -1.1680423021317 -0.025281073525548
-0.18531563878059 -0.078678011894226 0.94982725381851 0.00084145192522556 -0.0025567719712853 -1.1683346033096 -0.031102428212762
-0.17568451166153 -0.074594460427761 0.94972836971283 0.00099250313360244 -0.0027338319923729 -1.1683511734009 -0.037589084357023
-0.16610333323479 -0.070526294410229 0.94977980852127 0.00082813214976341 -0.0024849278852344 -1.1683654785156 -0.04436931759119
-0.15649098157883 -0.066445223987103 0.94975221157074 0.00090091768652201 -0.0024645950179547 -1.1685184240341 -0.050715714693069
-0.14689257740974 -0.062377475202084 0.94988024234772 0.00058075977722183 -0.0021818964742124 -1.1686140298843 -0.057127475738525
-0.13730248808861 -0.058296859264374 0.94982296228409 0.00080580491339788 -0.0022498834878206 -1.1683909893036 -0.063507556915283
-0.12769702076912 -0.054216004908085 0.94981426000595 0.00073482928564772 -0.0020516652148217 -1.1683378219604 -0.069723814725876
-0.11811943352222 -0.050125971436501 0.94981580972672 0.00076710834400728 -0.0020658578723669 -1.168468952179 -0.076035603880882
-0.10849370062351 -0.046054117381573 0.94988453388214 0.00060404354007915 -0.0019691372290254 -1.1685169935226 -0.082287065684795
-0.098958343267441 -0.041979089379311 0.94993674755096 0.00053864199435338 -0.0022488823160529 -1.1680257320404 -0.088185869157314
-0.089328840374947 -0.037914380431175 0.9499135017395 0.00039235322037712 -0.002314482582733 -1.1685777902603 -0.092857226729393
-0.082828558981419 -0.035164430737495 0.96223813295364 3.3435964724049e-05 0.0022963352967054 -1.1692967414856 -0.095662742853165
-0.08285965025425 -0.035189833492041 1.0101656913757 -0.00037228799192235 0.0044439993798733 -1.1698511838913 -0.095880381762981
-0.082835324108601 -0.035231567919254 1.0581504106522 -0.00069642474409193 0.0047186864539981 -1.1704964637756 -0.095560930669308
-0.082842841744423 -0.035243980586529 1.1061767339706 -0.00085420534014702 0.0053622494451702 -1.1708924770355 -0.095297679305077
-0.082858696579933 -0.035223372280598 1.1541975736618 -0.0010949870338663 0.0067318580113351 -1.1704304218292 -0.094579309225082
-0.082862593233585 -0.035260371863842 1.202178478241 -0.00093612354248762 0.0066350591368973 -1.170919418335 -0.093683853745461
