-0.066302448511124 0.19702813029289 -1.7408413887024 -1.5988039970398 -1.7197194099426 -9.9461743957363e-05 7.0133704866748e-05
-0.10114446282387 0.17542883753777 -1.746075630188 -1.5719230175018 -1.8026893138885 -0.00021914788521826 0.00012886672629975
-0.13420453667641 0.15222212672234 -1.7494671344757 -1.5453462600708 -1.8839540481567 -0.00040606805123389 9.8707867437042e-05
-0.16533008217812 0.12749716639519 -1.7509558200836 -1.5191335678101 -1.9629566669464 -0.00036720582284033 8.0925099609885e-05
-0.19476094841957 0.10133931040764 -1.7505259513855 -1.4934067726135 -2.0409727096558 -0.00055960961617529 8.0837780842558e-06
-0.22222128510475 0.073892086744308 -1.7482914924622 -1.4681856632233 -2.1163754463196 -0.00057939835824072 4.9445858167019e-05
-0.24791994690895 0.045220822095871 -1.7441773414612 -1.4437580108643 -2.1903781890869 -0.00072101899422705 6.2117619563651e-06
-0.27177086472511 0.015638321638107 -1.7382814884186 -1.4201090335846 -2.2620737552643 -0.0008051807526499 -3.5698860301636e-05
-0.29394808411598 -0.014899522066116 -1.7305402755737 -1.3973712921143 -2.3323681354523 -0.00090913125313818 3.0400404284592e-05
-0.31449285149574 -0.046251326799393 -1.7210292816162 -1.3755512237549 -2.4010331630707 -0.00094656297005713 0.0001086898628273
-0.3334998190403 -0.078319102525711 -1.7097284793854 -1.3548290729523 -2.4683983325958 -0.0011144096497446 -2.0293682609918e-05
-0.35090294480324 -0.1108765900135 -1.6968059539795 -1.3351817131042 -2.5336019992828 -0.0012393409851938 -1.25150754684e-05
-0.36694231629372 -0.14407232403755 -1.682163476944 -1.3167250156403 -2.5979154109955 -0.0012154991272837 2.9502747565857e-05
-0.38164868950844 -0.17766311764717 -1.6658897399902 -1.299464225769 -2.660902261734 -0.0012190754059702 0.00011353321315255
-0.39501038193703 -0.21138575673103 -1.6481647491455 -1.2834074497223 -2.722222328186 -0.0012512619141489 7.2704515332589e-06
-0.40718093514442 -0.24555042386055 -1.6289110183716 -1.2684600353241 -2.7822976112366 -0.0012400562409312 2.9808763429173e-05
-0.41824379563332 -0.27984407544136 -1.6080949306488 -1.2547037601471 -2.8417112827301 -0.00089721032418311 -1.3159113905203e-06
-0.4281612932682 -0.31411054730415 -1.586014509201 -1.2418866157532 -2.8995182514191 -0.00053123780526221 5.7619395192887e-06
-0.43713513016701 -0.34866836667061 -1.5625600814819 -1.2300915718079 -2.9567155838013 0.00044317892752588 7.4183852120768e-05
-0.44511142373085 -0.38289144635201 -1.5380597114563 -1.2187976837158 -3.0125286579132 0.0018369739409536 8.2757112977561e-05
-0.45223322510719 -0.41696599125862 -1.5125272274017 -1.2078721523285 -3.0675692558289 0.0040671415627003 9.264836080547e-06
-0.45852437615395 -0.45113590359688 -1.4858691692352 -1.1972804069519 -3.1218802928925 0.0073663778603077 4.4853848521598e-05
-0.46402135491371 -0.48506310582161 -1.4581432342529 -1.187046289444 -3.1756958961487 0.011346060782671 1.781212813512e-05
-0.4688061773777 -0.51870632171631 -1.4294102191925 -1.1777398586273 -3.2283072471619 0.015725810080767 3.1851985113462e-05
-0.47289672493935 -0.55266857147217 -1.3992028236389 -1.1705183982849 -3.2806792259216 0.019263464957476 -4.7008179535624e-06
-0.47635474801064 -0.58680438995361 -1.3672957420349 -1.1667304039001 -3.3318266868591 0.020792681723833 1.9749654711632e-07
-0.47922196984291 -0.62147760391235 -1.3334183692932 -1.1669311523438 -3.382401227951 0.019704539328814 4.1802108171396e-05
-0.48154535889626 -0.65682005882263 -1.2976410388947 -1.1704094409943 -3.4328272342682 0.016580302268267 1.014220106299e-05
-0.4833108484745 -0.69241857528687 -1.2603721618652 -1.1756458282471 -3.4830179214478 0.012903410941362 -7.7175282058306e-06
-0.48461094498634 -0.72801208496094 -1.2221422195435 -1.1815016269684 -3.5322082042694 0.0096847601234913 4.5360342483036e-05
-0.48547664284706 -0.76355910301208 -1.1830236911774 -1.1873981952667 -3.5810451507568 0.0075285024940968 0.00014595610264223
-0.48591843247414 -0.79880928993225 -1.1429860591888 -1.1935460567474 -3.6293504238129 0.0060674734413624 8.782499935478e-05
-0.48596587777138 -0.83429908752441 -1.1017737388611 -1.2001564502716 -3.6773507595062 0.0051548071205616 7.4498304456938e-05
-0.48569074273109 -0.86966609954834 -1.0593392848969 -1.2077257633209 -3.7249441146851 0.0045020170509815 5.3088304412086e-05
-0.48503962159157 -0.90568876266479 -1.0152776241302 -1.2163412570953 -3.7725553512573 0.0040113516151905 1.3631354704557e-05
-0.48407259583473 -0.94198942184448 -0.96991920471191 -1.2258636951447 -3.819664478302 0.0036813803017139 8.108244946925e-05
-0.48287263512611 -0.9782772064209 -0.92296075820923 -1.2365298271179 -3.8661780357361 0.0034253187477589 3.8753194530727e-05
-0.48137417435646 -1.0152549743652 -0.87400436401367 -1.2485613822937 -3.9128077030182 0.0031959600746632 4.1533676267136e-05
-0.47964277863503 -1.0530269145966 -0.82302927970886 -1.261759519577 -3.9591400623322 0.0033194608986378 2.7290978323435e-05
-0.47774425148964 -1.091411113739 -0.76942467689514 -1.2767827510834 -4.0049223899841 0.0030786581337452 8.0450750829186e-05
-0.47103968262672 -1.0891017913818 -0.78460645675659 -1.272453546524 -4.0154089927673 -0.0029490403831005 -0.0064908917993307
-0.4620033800602 -1.061690568924 -0.83960819244385 -1.2453074455261 -4.0061330795288 -0.0034871511161327 -0.012901516631246
-0.45277777314186 -1.035501241684 -0.89158296585083 -1.2190420627594 -3.9969165325165 -0.0032277517020702 -0.019236661493778
-0.44331541657448 -1.0107765197754 -0.94066834449768 -1.1943361759186 -3.987471818924 -0.0029130391776562 -0.025281073525548
-0.43362227082253 -0.98740482330322 -0.98701906204224 -1.1710085868835 -3.9782118797302 -0.0027418546378613 -0.031102428212762
-0.42373457551003 -0.96513557434082 -1.0315339565277 -1.1489150524139 -3.9679970741272 -0.0028298310935497 -0.037589084357023
-0.41363659501076 -0.94355320930481 -1.0740079879761 -1.1278007030487 -3.9575572013855 -0.0027044229209423 -0.04436931759119
-0.403274923563 -0.92282152175903 -1.1147949695587 -1.1076130867004 -3.9471800327301 -0.0026131086051464 -0.050715714693069
-0.3926354944706 -0.90263867378235 -1.1540522575378 -1.0882074832916 -3.9365792274475 -0.0025315694510937 -0.057127475738525
-0.38176479935646 -0.88347363471985 -1.1918551921844 -1.069676399231 -3.9257388114929 -0.0024202279746532 -0.063507556915283
-0.37063565850258 -0.86462426185608 -1.228542804718 -1.0516798496246 -3.9145157337189 -0.00242904946208 -0.069723814725876
-0.35924926400185 -0.84648585319519 -1.2639803886414 -1.0344378948212 -3.9031221866608 -0.0024586133658886 -0.076035603880882
-0.34756651520729 -0.8287091255188 -1.2982776165009 -1.0177223682404 -3.8914489746094 -0.0023518018424511 -0.082287065684795
-0.33559837937355 -0.8114538192749 -1.3316688537598 -1.0015375614166 -3.8795020580292 -0.0025265626609325 -0.088185869157314
-0.32334485650063 -0.79453468322754 -1.3643131256104 -0.98511266708374 -3.8671567440033 -0.0020904950797558 -0.092857226729393
-0.31501618027687 -0.76549983024597 -1.3807747364044 -0.99304509162903 -3.857990026474 0.0024811811745167 -0.095662742853165
-0.31505528092384 -0.70624232292175 -1.3474767208099 -1.0818500518799 -3.8577969074249 0.0057799406349659 -0.095880381762981
-0.31511822342873 -0.65701842308044 -1.29869389534 -1.1790633201599 -3.857234954834 0.0064379759132862 -0.095560930669308
-0.31516399979591 -0.61795091629028 -1.2345039844513 -1.2814252376556 -3.8570806980133 0.0074054785072803 -0.095297679305077
-0.31517091393471 -0.59028291702271 -1.1537096500397 -1.3888638019562 -3.8571603298187 0.0081150121986866 -0.094579309225082
-0.31522408127785 -0.57540416717529 -1.0541441440582 -1.5023951530457 -3.8566603660583 0.0091631002724171 -0.093683853745461
