3.2290358831233e-07 -1.9240052040459e-07 0.91483920812607
2.09235111015e-07 2.4418284283456e-07 0.91483944654465
5.068741870673e-08 3.6080848531128e-07 0.91483932733536
3.5451628832561e-07 2.1372147784859e-07 0.91483944654465
5.9349940784159e-07 -2.1376935421813e-07 0.91483926773071
4.3179468889321e-07 -8.6237847085613e-08 0.91483920812607
-1.7172212096739e-07 -1.923928607539e-07 0.91483956575394
-9.5077659523213e-08 -2.9050013949927e-07 0.91483962535858
4.782115325952e-08 -5.4471269095302e-07 0.91483962535858
5.4052230780144e-07 4.779657558629e-09 0.91483986377716
4.1940646156036e-07 -1.9600004463882e-07 0.91483998298645
6.4729624682514e-07 -1.7308929045612e-07 0.91483974456787
8.5774956914975e-07 -9.3131212963726e-08 0.91483998298645
8.3411686091495e-07 3.3163786383739e-08 0.91483992338181
9.0136398966933e-07 1.2380932901124e-07 0.91484010219574
7.5563417567537e-07 2.4355267669307e-07 0.91484004259109
8.8548375742903e-07 2.4231275119746e-07 0.91484022140503
1.476431066294e-06 5.0475773605285e-07 0.91484045982361
1.526092887616e-06 5.5458684755649e-07 0.91484045982361
1.1193113778063e-06 5.0939303264386e-07 0.91484051942825
8.6780067931613e-07 1.4734958142526e-07 0.91484034061432
5.7178215229214e-07 -1.2687159767211e-07 0.91484034061432
5.8733979813042e-07 -1.6805498148642e-07 0.91484045982361
7.2309791221414e-07 -2.4371433937631e-07 0.91484040021896
6.6383876173859e-07 -6.1776739812558e-07 0.91484045982361
5.007814252167e-07 -5.0774531246134e-07 0.91484022140503
4.1366072878191e-07 -3.7122023854863e-07 0.91484022140503
1.6858622586824e-07 -4.3524670445549e-07 0.91484034061432
-4.4053848569092e-08 4.7740691400122e-08 0.91484034061432
-1.369388371586e-07 -1.8055061445921e-07 0.91484028100967
-3.4585369235174e-07 -2.7197219765185e-07 0.91484063863754
-1.799621287546e-07 -3.3292764101134e-08 0.9148405790329
2.1667281657756e-07 -1.2829856643748e-07 0.91484045982361
7.1917372679309e-07 -2.4683185984031e-07 0.91484075784683
1.2650598364417e-06 -2.4438833179374e-07 0.91484081745148
1.0300416306563e-06 -4.1967140873567e-07 0.91484093666077
1.1616451729424e-06 -1.1958900358877e-07 0.91484135389328
1.3364822279982e-06 -5.274728778204e-07 0.91484117507935
1.0599273991829e-06 -5.5887500138851e-07 0.9148411154747
1.1515885489644e-06 -8.4268191358206e-07 0.91484105587006
1.3517170600608e-06 -9.0981279754487e-07 0.91484123468399
1.7186322338603e-06 -6.7154093130739e-07 0.91484129428864
1.6552405668335e-06 -1.0480810033187e-06 0.91484135389328
1.7743060425346e-06 -7.1242499188884e-07 0.91484159231186
1.7043819298124e-06 -7.8777105727568e-07 0.91484153270721
2.0102129383304e-06 -8.3211375567771e-07 0.9148416519165
1.7738365158948e-06 -1.0525898233027e-06 0.91484183073044
1.6890470533326e-06 -1.2928336445839e-06 0.91484200954437
1.8238088159706e-06 -9.9917758689116e-07 0.91484200954437
2.1309149360604e-06 -1.1008030469384e-06 0.91484206914902
2.5348685994686e-06 -1.1752459840864e-06 0.91484254598618
2.289773647135e-06 -1.1476513464004e-06 0.91484266519547
2.1975215531711e-06 -1.0796870810736e-06 0.91484260559082
0.00063906895229593 0.0004152450710535 0.91518223285675
0.0038756190333515 0.0017736509907991 0.91706550121307
0.0070430524647236 0.003257897682488 0.92888021469116
0.0095724733546376 0.0041477088816464 0.9721012711525
0.010053327307105 0.0040736184455454 1.0186302661896
0.0099959168583155 0.0039551020599902 1.0650022029877
0.010691344738007 0.0040276763029397 1.1111108064651
0.011103838682175 0.0043286918662488 1.1571776866913
