-0.00055074691772461 0.074448585510254 1.2771096229553 0.0027456467505544 -9.6648029284552e-05 3.1103618144989 2.5811285013333e-05
0.0045427661389112 0.084043711423874 1.2575397491455 0.0026478392537683 -0.00013308628695086 3.0921032428741 5.7483284763293e-05
0.0096644815057516 0.093652799725533 1.2379875183105 0.0026467521674931 -0.00019494656589814 3.0731754302979 9.6293751994381e-06
0.0147714484483 0.10326932370663 1.2184524536133 0.0025823700707406 -0.00045197698636912 3.0552027225494 2.2720640117768e-05
0.019866794347763 0.11285817623138 1.1988891363144 0.0025562117807567 -0.000360298960004 3.0361757278442 1.7871405361802e-05
0.024928040802479 0.12245005369186 1.1793318986893 0.0026213657110929 -0.00050214293878525 3.0174844264984 -1.2375032383716e-05
0.030052177608013 0.13205493986607 1.1597777605057 0.0026139169931412 -0.00062709802296013 2.9996192455292 1.3788868272968e-05
0.035172410309315 0.14166800677776 1.1402171850204 0.0027076594997197 -0.0008043956477195 2.9822371006012 2.217114342784e-05
0.040251776576042 0.15126799046993 1.1206636428833 0.0027655025478452 -0.00081450864672661 2.9632482528687 1.8138161976822e-05
0.045363381505013 0.16086347401142 1.1011089086533 0.0030172606930137 -0.00095968088135123 2.9455327987671 1.7119922631537e-05
0.050464875996113 0.1704685240984 1.081555724144 0.0032584883738309 -0.0011807039845735 2.9276192188263 1.0700734492275e-05
0.055572718381882 0.18006640672684 1.0619995594025 0.0037100112531334 -0.001552275614813 2.9093236923218 5.0031658247462e-06
0.060672409832478 0.18965700268745 1.0424416065216 0.004319122992456 -0.0017295043217018 2.8912873268127 6.5003143390641e-05
0.065780892968178 0.19926175475121 1.0228856801987 0.0051848739385605 -0.002058902522549 2.8737382888794 4.6748536988162e-05
0.070831708610058 0.20885363221169 1.0033285617828 0.0062821572646499 -0.002532520564273 2.8547172546387 1.8285010810359e-05
0.075982093811035 0.21845564246178 0.98376858234406 0.0071050706319511 -0.002567554358393 2.8365261554718 0.00012911942030769
0.081067025661469 0.22806218266487 0.9642054438591 0.0042583984322846 -0.0013631556648761 2.8176441192627 8.412647730438e-05
0.083782896399498 0.23222655057907 0.95002889633179 -0.0010775218252093 -0.00020804298401345 2.7967739105225 -0.0039819236844778
0.080361768603325 0.22266128659248 0.94999611377716 0.0055768410675228 -0.0025384612381458 2.7921054363251 -0.010313124395907
0.076892346143723 0.21304753422737 0.94999194145203 0.0077280383557081 -0.0038711759261787 2.7912018299103 -0.016378708183765
0.073435232043266 0.20344734191895 0.94999122619629 0.0059534353204072 -0.0030925620812923 2.7913386821747 -0.022608868777752
0.069956980645657 0.19383278489113 0.94999516010284 0.0033520259894431 -0.0017762260977179 2.7907836437225 -0.029035050421953
0.066534802317619 0.18425580859184 0.94999253749847 0.0016260578995571 -0.00091532117221504 2.7921214103699 -0.035324297845364
0.063048213720322 0.17465236783028 0.94998973608017 0.0008506013546139 -0.00036530190845951 2.7920565605164 -0.041776068508625
0.059569202363491 0.16505405306816 0.94998824596405 0.00042960257269442 -0.00014653083053418 2.7924058437347 -0.0481908172369
0.056097991764545 0.15545433759689 0.94998782873154 8.1475605838932e-05 0.00010856153676286 2.7926342487335 -0.054634712636471
0.052637070417404 0.14583560824394 0.94998919963837 -8.9877692516893e-05 0.00012399099068716 2.7927687168121 -0.061048693954945
0.049178078770638 0.13624531030655 0.94998109340668 -0.00020343410142232 0.000177519817953 2.7928516864777 -0.067333415150642
0.045714899897575 0.12664952874184 0.94997847080231 -0.00028686423320323 0.00024389254394919 2.7932817935944 -0.073748074471951
0.042250454425812 0.11704990267754 0.94998168945312 -0.0003629160055425 0.00022560870274901 2.7936432361603 -0.08002981543541
0.038806445896626 0.10745269060135 0.94998550415039 -0.00042144054896198 0.00032263956381939 2.794055223465 -0.086381703615189
0.035325706005096 0.097816914319992 0.95001077651978 -0.0005088186590001 0.00013478405890055 2.7939839363098 -0.091144159436226
0.031822860240936 0.088259935379028 0.94998681545258 -0.00044177504605614 0.00021110055968165 2.7935793399811 -0.096041813492775
0.030558995902538 0.084672927856445 0.97975605726242 -0.011334527283907 0.0060619860887527 2.7950603961945 -0.098295412957668
0.030547678470612 0.084656834602356 1.0277783870697 -0.010890261270106 0.0058810147456825 2.7949342727661 -0.09847541898489
0.030560851097107 0.084626063704491 1.0757247209549 -0.0091212783008814 0.0053631104528904 2.7951374053955 -0.098547481000423
0.030566155910492 0.084654971957207 1.1237456798553 -0.0082437470555305 0.0048044677823782 2.7954485416412 -0.098738938570023
0.03054253757 0.084627151489258 1.1717448234558 -0.0076704015955329 0.0042883683927357 2.7949414253235 -0.098322361707687
0.030563570559025 0.084620878100395 1.2197602987289 -0.0070809945464134 0.0042657065205276 2.7953445911407 -0.098290324211121
