0.048889730125666 0.28936716914177 -1.8585243225098 -1.5750794410706 -1.4907383918762 0.00030656508170068 2.5811285013333e-05
0.079264253377914 0.3190641105175 -1.9285094738007 -1.53480219841 -1.4416131973267 0.0004624908324331 5.7483284763293e-05
0.11216267943382 0.34752032160759 -1.996798992157 -1.4949398040771 -1.3901391029358 0.00063701323233545 9.6293751994381e-06
0.14772948622704 0.37469479441643 -2.0636286735535 -1.4551849365234 -1.3364577293396 0.00083776167593896 2.2720640117768e-05
0.18679627776146 0.40048405528069 -2.1291153430939 -1.4155111312866 -1.2785539627075 0.00096746138297021 1.7871405361802e-05
0.22910413146019 0.42487332224846 -2.1933877468109 -1.3758249282837 -1.2182545661926 0.0011705940123647 -1.2375032383716e-05
0.2757473886013 0.44790360331535 -2.2566640377045 -1.335693359375 -1.1532623767853 0.0015477722045034 1.3788868272968e-05
0.32692918181419 0.46938464045525 -2.3190407752991 -1.2950074672699 -1.0840880870819 0.0018362586852163 2.217114342784e-05
0.38360795378685 0.48916861414909 -2.380633354187 -1.2534701824188 -1.0090970993042 0.0022043769713491 1.8138161976822e-05
0.44622001051903 0.50690937042236 -2.4414772987366 -1.2108681201935 -0.92856621742249 0.0027899330016226 1.7119922631537e-05
0.5159660577774 0.52233266830444 -2.5017421245575 -1.1667678356171 -0.84082508087158 0.003596264636144 1.0700734492275e-05
0.59396755695343 0.53487968444824 -2.561497926712 -1.1206612586975 -0.7445867061615 0.0048627443611622 5.0031658247462e-06
0.68141424655914 0.54379320144653 -2.6208381652832 -1.0721342563629 -0.63929343223572 0.0067963190376759 6.5003143390641e-05
0.78014862537384 0.54781818389893 -2.6798224449158 -1.020544052124 -0.52264332771301 0.010211903601885 4.6748536988162e-05
0.89210331439972 0.54426765441895 -2.7383818626404 -0.9649133682251 -0.39221215248108 0.016787488013506 1.8285010810359e-05
1.0202676057816 0.5282769203186 -2.7965536117554 -0.90391850471497 -0.24530553817749 0.030076462775469 0.00012911942030769
1.167353272438 0.4888014793396 -2.8551187515259 -0.83071446418762 -0.079689025878906 0.055285412818193 8.412647730438e-05
1.2409340143204 0.41049194335938 -2.8906631469727 -0.72518229484558 0.015183687210083 0.064342454075813 -0.0039819236844778
1.1028076410294 0.33584356307983 -2.8615815639496 -0.66742253303528 -0.11848878860474 0.05165858566761 -0.010313124395907
0.98976862430573 0.27841854095459 -2.8358714580536 -0.62121748924255 -0.23067092895508 0.037078812718391 -0.016378708183765
0.89419424533844 0.22902059555054 -2.8121919631958 -0.57916498184204 -0.32595705986023 0.020631268620491 -0.022608868777752
0.81190264225006 0.18424558639526 -2.7882122993469 -0.54709076881409 -0.40853714942932 0.0092706233263016 -0.029035050421953
0.74007332324982 0.14377546310425 -2.7631278038025 -0.52615404129028 -0.48079943656921 0.0037750750780106 -0.035324297845364
0.67663109302521 0.10726308822632 -2.7372753620148 -0.51318860054016 -0.54441571235657 0.0014824420213699 -0.041776068508625
0.62015068531036 0.074109554290771 -2.7111399173737 -0.5051577091217 -0.60134148597717 0.00052066147327423 -0.0481908172369
0.5697113275528 0.043585300445557 -2.6848747730255 -0.50036311149597 -0.65201330184937 -3.7714838981628e-05 -0.054634712636471
0.52419531345367 0.015231132507324 -2.6585483551025 -0.49800062179565 -0.6977961063385 -0.00029782950878143 -0.061048693954945
0.48298513889313 -0.011371374130249 -2.6321663856506 -0.49758338928223 -0.73926258087158 -0.00043921172618866 -0.067333415150642
0.44548666477203 -0.036505699157715 -2.6057434082031 -0.49876642227173 -0.77703762054443 -0.00048427283763885 -0.073748074471951
0.41119873523712 -0.060420751571655 -2.5792760848999 -0.50121426582336 -0.81159830093384 -0.00056843459606171 -0.08002981543541
0.37981283664703 -0.083308219909668 -2.5527400970459 -0.50475645065308 -0.84302926063538 -0.00062470138072968 -0.086381703615189
0.35080873966217 -0.10544776916504 -2.5258855819702 -0.50996470451355 -0.8722710609436 -0.00016836822032928 -0.091144159436226
0.3241001367569 -0.1267523765564 -2.4992203712463 -0.5152268409729 -0.89905118942261 -0.00022678077220917 -0.096041813492775
0.314244389534 -0.040754556655884 -2.4671809673309 -0.61657285690308 -0.9099268913269 -0.012171790003777 -0.098295412957668
0.31423389911652 0.089515686035156 -2.4078812599182 -0.80673766136169 -0.91000533103943 -0.012031361460686 -0.09847541898489
0.3141952753067 0.18867206573486 -2.3322510719299 -0.98409938812256 -0.91019558906555 -0.010437771677971 -0.098547481000423
0.31419813632965 0.25950622558594 -2.2440824508667 -1.1447117328644 -0.91016507148743 -0.0092411488294601 -0.098738938570023
0.31414663791656 0.30594348907471 -2.1454186439514 -1.290474653244 -0.91020035743713 -0.0086660832166672 -0.098322361707687
0.31410610675812 0.33189868927002 -2.0371675491333 -1.4252531528473 -0.91053247451782 -0.0082104653120041 -0.098290324211121
