4.2336759520367e-07 2.3550003902528e-07 0.91483896970749
3.5496046280059e-07 1.4598042241687e-07 0.91483891010284
1.9917516169699e-07 4.3854896603079e-08 0.91483914852142
8.0317948913944e-07 1.3647122898419e-07 0.91483908891678
6.9886317533019e-07 1.9049454635933e-07 0.91483956575394
1.1803668940047e-06 5.0224156211698e-07 0.91483968496323
1.1855772754643e-06 7.5311601221983e-07 0.91483962535858
1.1805697113232e-06 1.0631501936587e-06 0.91483962535858
9.6302812835347e-07 5.2080395107623e-07 0.91483962535858
7.6745538990508e-07 3.5232119444117e-07 0.91483950614929
7.1257915124079e-07 2.0270377376619e-07 0.91483974456787
7.8910892398198e-07 1.5109688433768e-07 0.91483968496323
9.4012517593001e-07 5.2716120535479e-07 0.91483980417252
9.7743600235844e-07 2.7312628958498e-07 0.91483968496323
9.2099202220197e-07 -2.1494156499102e-07 0.91483980417252
7.2878174250945e-07 3.0096978775873e-07 0.91483980417252
7.8922442980911e-07 -2.5782348700432e-08 0.91483974456787
1.1623801583482e-06 1.7162417975669e-07 0.91483962535858
1.0725203765105e-06 -2.3118793990307e-07 0.91483974456787
1.2800742297259e-06 -6.6703336187857e-08 0.91483968496323
1.2122251291657e-06 -1.9241831239469e-07 0.91483980417252
1.4553380651705e-06 8.24991417403e-08 0.91483986377716
1.4715848237756e-06 4.1240102888196e-08 0.91483992338181
9.5416510248469e-07 2.0811409484622e-08 0.91483986377716
6.5046231156884e-07 -3.8747538155803e-07 0.91483992338181
3.5171379408894e-07 -2.1717750087191e-07 0.91483980417252
3.6982862638979e-07 -2.8608704383259e-07 0.91483980417252
-1.8905728538243e-08 -4.6797691766187e-07 0.91483968496323
-3.1533343758383e-07 -2.8090244086343e-07 0.91483980417252
-5.3350350981418e-07 -3.6247541856937e-07 0.91483980417252
-6.5516455833858e-06 -3.8013754419808e-06 0.91484069824219
-0.0015231204451993 -0.0032586096785963 0.91666883230209
-0.00281040975824 -0.0060708015225828 0.91828483343124
-0.0027116760611534 -0.0088058998808265 0.9465743303299
-0.0045247287489474 -0.011162679642439 0.99011278152466
-0.0041119297966361 -0.010738337412477 1.0364729166031
-0.0041469614952803 -0.009905724786222 1.081952214241
-0.0042819082736969 -0.0095330588519573 1.1281980276108
-0.0040900865569711 -0.0092699006199837 1.1746191978455
