0.0032365331426263 0.051835343241692 1.2943421602249 0.0015549720264971 -0.00017596813268028 3.0597865581512 0.00010457744792802
0.01042265817523 0.049231961369514 1.2842556238174 0.0015027241315693 -0.00035407138057053 3.0116560459137 6.8797409767285e-05
0.017536863684654 0.046601310372353 1.2741377353668 0.0014488530578092 -0.00039129410288297 2.9626805782318 2.547287294874e-05
0.02473309263587 0.044006004929543 1.2640285491943 0.0014574315864593 -0.00035248411586508 2.9152860641479 4.7412610001629e-05
0.031900830566883 0.041383996605873 1.2539411783218 0.0014674378326163 -0.00053202745039016 2.8668141365051 0.00010375357669545
0.039050482213497 0.038771033287048 1.2438070774078 0.0016338584246114 -0.00052271195454523 2.8186082839966 -1.4236946299206e-05
0.046197324991226 0.036186575889587 1.2337355613708 0.0015463253948838 -0.00077213806798682 2.7706501483917 -7.0168215415833e-07
0.053384371101856 0.033568188548088 1.2235978841782 0.0016117034247145 -0.00087990344036371 2.7223193645477 0.00010793733235914
0.060502551496029 0.030954748392105 1.2135127782822 0.0017257046420127 -0.0010541011579335 2.6739852428436 5.359658098314e-05
0.067660287022591 0.028323709964752 1.2034130096436 0.0017662952886894 -0.0012558773159981 2.6255438327789 6.4885723986663e-05
0.074842050671577 0.025726735591888 1.1933031082153 0.0019277468090877 -0.001426883158274 2.5779404640198 4.0758015529718e-05
0.082012236118317 0.023112520575523 1.1831996440887 0.0019243133720011 -0.0016252561472356 2.5302107334137 3.3924770832527e-05
0.089135318994522 0.020500645041466 1.1730946302414 0.0020262186881155 -0.0018243814120069 2.481409072876 -1.6000902178348e-05
0.096294581890106 0.017884820699692 1.1629812717438 0.002226983429864 -0.0019359942525625 2.4331722259521 6.4538049628027e-05
0.10344457626343 0.015277445316315 1.1528686285019 0.0022062684874982 -0.0019276682287455 2.3849489688873 -2.5595197712391e-06
0.11060218513012 0.012663394212723 1.1427937746048 0.001933905063197 -0.0022446932271123 2.3370175361633 2.6173267542617e-05
0.11776340007782 0.010061472654343 1.132660984993 0.001770188100636 -0.0021634891163558 2.2888894081116 5.9203379350947e-05
0.12492823600769 0.0074373036623001 1.1225496530533 0.0014981817221269 -0.0016154003096744 2.2406141757965 4.0912273107097e-05
0.13208828866482 0.0048234313726425 1.1124377250671 0.00071085302624851 -0.00083069829270244 2.1929337978363 4.2637646402e-05
0.13925796747208 0.0022003427147865 1.1023389101028 -0.00020690205565188 0.00080964586231858 2.1448321342468 7.4284453148721e-06
0.14640203118324 -0.00039656460285187 1.0922358036041 -0.0015441655414179 0.002772374311462 2.0964622497559 4.350683229859e-05
0.15356904268265 -0.0030103921890259 1.082148194313 -0.0025279589463025 0.004475275054574 2.0493063926697 -9.5702416729182e-06
0.16072489321232 -0.0055925101041794 1.0720090866089 -0.0029195316601545 0.0050938813947141 2.0003173351288 3.7773443182232e-05
0.16788333654404 -0.0082350447773933 1.0619297027588 -0.0024592238478363 0.0042859273962677 1.9524854421616 -8.3895201896667e-06
0.17503041028976 -0.010845169425011 1.051829457283 -0.0015050928341225 0.0025650202296674 1.9042066335678 9.6514057077002e-05
0.18218994140625 -0.013446742668748 1.0417121648788 -0.00047331361565739 0.001202231622301 1.8564822673798 6.2784623878542e-05
0.18936172127724 -0.016075095161796 1.0315717458725 -4.2042116547236e-05 0.00015470338985324 1.8086324930191 3.7885474739596e-05
0.1965094357729 -0.018674578517675 1.0214574337006 0.00025133031886071 -0.00039968849159777 1.7603492736816 9.2975278676022e-05
0.20365396142006 -0.021290943026543 1.0113544464111 0.0003281926328782 -0.00059593608602881 1.7124143838882 -1.264956608793e-06
0.21080397069454 -0.023890126496553 1.0012819766998 0.00018293521134183 -0.00075231940718368 1.6641300916672 5.9801383031299e-05
0.21799254417419 -0.026524705812335 0.99114835262299 0.00043930974788964 -0.00068119517527521 1.6170225143433 9.432964361622e-06
0.22513267397881 -0.029126426205039 0.98105275630951 0.00011903567065019 -0.00087096390780061 1.5686968564987 5.7786121033132e-05
0.23228123784065 -0.03170008584857 0.97091239690781 0.00017173786181957 -0.00084272143431008 1.5200214385986 1.7324866348645e-05
0.23944967985153 -0.034335233271122 0.96079063415527 0.00019789041834883 -0.00088345119729638 1.4720540046692 9.1048539616168e-05
0.24660447239876 -0.036961808800697 0.95071721076965 0.00013639662938658 -0.00084046041592956 1.4256128072739 -1.5886294022494e-06
0.23818738758564 -0.035813938826323 0.94987541437149 0.00043067338992842 0.0016827542567626 1.4203511476517 -6.0312668210827e-06
0.2285722643137 -0.034352451562881 0.94991075992584 0.000514195417054 0.0017256090650335 1.4203193187714 8.3461396570783e-05
0.21897706389427 -0.032923683524132 0.94990450143814 0.00041403283830732 0.0016832164255902 1.4204267263412 2.8667644073721e-05
0.20938868820667 -0.0314671844244 0.94989019632339 0.00027878963737749 0.0017688400112092 1.4203037023544 6.3195657276083e-05
0.19978272914886 -0.030034467577934 0.94993656873703 0.00027428948669694 0.0015184333315119 1.4205687046051 -4.4694494135911e-05
0.19017481803894 -0.028589095920324 0.94990766048431 0.00029763847123832 0.0016111211152747 1.4203414916992 5.2843304729322e-05
0.18058362603188 -0.027139030396938 0.9498890042305 0.00048095860984176 0.0015844479203224 1.4202990531921 1.5392284694826e-05
0.17098817229271 -0.025705061852932 0.94992965459824 0.000380132580176 0.0016495082527399 1.4207788705826 -1.7327763998765e-05
0.16139660775661 -0.024263523519039 0.94993197917938 0.00041161707486026 0.0017204832984135 1.4205510616302 4.9254842451774e-05
0.15178975462914 -0.022843148559332 0.94991970062256 0.00031886401120573 0.0016453298740089 1.42043364048 6.5444764913991e-05
0.14219009876251 -0.021389551460743 0.94994539022446 0.00035085450508632 0.0016340638976544 1.42023229599 0.00010897102765739
0.13259625434875 -0.019933290779591 0.94990634918213 0.0005337800248526 0.0016151566524059 1.4196375608444 1.3177635764805e-06
0.12299606204033 -0.018472708761692 0.94993227720261 0.00039003032725304 0.0016301805153489 1.4202420711517 0.00011001012899214
0.11340048909187 -0.017035204917192 0.9499477148056 0.00053218216635287 0.0015574287390336 1.4197109937668 3.7092126149219e-05
0.10380148142576 -0.01560178399086 0.94991648197174 0.00045718211913481 0.0015482666203752 1.4201920032501 3.6742389056599e-05
0.094196707010269 -0.014126177877188 0.94993102550507 0.00029230478685349 0.0015156507724896 1.4197337627411 -1.7016103811329e-05
0.084618225693703 -0.012740414589643 0.94996392726898 0.00019270686607342 0.0014867655700073 1.4210665225983 4.7433051804546e-05
0.075024075806141 -0.011295389384031 0.94995588064194 0.00031257781665772 0.0014736008597538 1.4207544326782 -6.5652234297886e-06
0.065420962870121 -0.0098325628787279 0.9499551653862 0.00017924467101693 0.0013822468463331 1.4201598167419 7.4463830969762e-05
0.055834550410509 -0.0084098018705845 0.94996339082718 0.00022461946355179 0.0013866224326193 1.4205379486084 7.3121977038682e-05
0.046227812767029 -0.0069500133395195 0.94997280836105 0.00023326497466769 0.0013785063056275 1.4207797050476 -2.687270171009e-05
0.036626923829317 -0.0055127628147602 0.949975669384 0.00016817029973026 0.0013634029310197 1.4206739664078 3.7216093915049e-05
0.027019623667002 -0.0040834359824657 0.9499643445015 0.00023610405332875 0.0013108127750456 1.4204281568527 6.6057968069799e-05
0.017427664250135 -0.0026036761701107 0.9499699473381 0.00022101208742242 0.0011752484133467 1.4196099042892 -1.9712497305591e-05
0.0078308172523975 -0.0011603832244873 0.94994932413101 0.00035840380587615 0.0011158725246787 1.4203555583954 -1.7611193470657e-05
-0.0017728209495544 0.00027707032859325 0.9499489068985 0.00042196791036986 0.0011289969552308 1.4203196763992 -3.3724354580045e-06
-0.011380288749933 0.0017168186604977 0.94995248317719 0.0003589475818444 0.0011184818577021 1.4202661514282 -1.174343378807e-05
-0.020974174141884 0.0031519886106253 0.94994455575943 0.00026144739240408 0.0010099088540301 1.4208483695984 1.3545593901654e-05
-0.030570080503821 0.0045836381614208 0.9499300122261 0.00042818355723284 0.00096779887098819 1.4206116199493 2.4320936063305e-05
-0.04018297418952 0.0060454793274403 0.94995868206024 0.00034695042995736 0.00089661678066477 1.4200847148895 0.00010664478031686
-0.049783311784267 0.0075161345303059 0.94994956254959 0.00014418171485886 0.0008226081263274 1.4198969602585 1.6243027857854e-05
-0.059377152472734 0.0089160595089197 0.9499808549881 0.00014897534856573 0.00065883930074051 1.419858455658 5.5687811254757e-05
-0.068969190120697 0.010372254997492 0.94997328519821 -2.1191261112108e-05 0.0006492062821053 1.4190413951874 2.5687759261928e-05
-0.078520759940147 0.011807667091489 0.94997751712799 0.00012305486598052 0.00061448896303773 1.4213376045227 4.2409024899825e-05
-0.088172800838947 0.013259258121252 0.94995892047882 0.00011405572877266 0.00049643026432022 1.4199632406235 0.0001261368743144
-0.09777207672596 0.014699079096317 0.94996744394302 0.00016751844668761 0.00042445739381947 1.4204378128052 5.6447726819897e-05
-0.10735112428665 0.016122275963426 0.94996958971024 0.00017284144996665 0.00020664831390604 1.4200189113617 -2.8248849048396e-05
-0.11693385243416 0.017553549259901 0.94996029138565 0.00019776354019996 2.323181979591e-05 1.4213356971741 6.0077873058617e-05
-0.12655667960644 0.019023275002837 0.9499546289444 0.00018404223374091 -5.1955779781565e-05 1.4203141927719 4.0987666579895e-05
-0.13616307079792 0.020487129688263 0.94996285438538 2.5573690436431e-05 -8.2706195826177e-05 1.4198621511459 8.4031984442845e-05
-0.14572548866272 0.021912768483162 0.94996905326843 -0.00011835442273878 -0.00028919120086357 1.4204795360565 5.8234283642378e-05
-0.15535415709019 0.023363787680864 0.94996589422226 0.0001897816255223 -0.00033740786602721 1.4205504655838 5.3165502322372e-05
-0.16494831442833 0.024800434708595 0.94993978738785 1.1854603144457e-05 -0.00057046831352636 1.4205991029739 -1.5766665455885e-05
-0.17455305159092 0.026248827576637 0.94991272687912 0.00027135186246596 -0.00053503329399973 1.4206886291504 3.3481883292552e-05
-0.18415217101574 0.027715392410755 0.94991081953049 8.3654325862881e-05 -0.00046859623398632 1.419942855835 2.9872398954467e-05
-0.19375224411488 0.029134951531887 0.94996011257172 7.9844328865875e-05 -0.00043430624646135 1.4210381507874 7.3204588261433e-05
-0.20333793759346 0.030556779354811 0.9499499797821 -4.2086070607184e-05 -0.00013753777602687 1.4206565618515 1.8676857507671e-05
-0.21295574307442 0.032055802643299 0.94993311166763 -3.1068586395122e-05 7.7974575106055e-05 1.4193474054337 8.4495623013936e-06
-0.22255173325539 0.033480178564787 0.94995129108429 -0.00015030206122901 0.00056474976008758 1.42005610466 -1.3189361197874e-05
-0.2321375310421 0.03493919968605 0.94992417097092 0.00021621750784107 0.0008943626889959 1.4207355976105 2.5467150408076e-05
-0.2417343556881 0.036350537091494 0.94994747638702 0.00042897084495053 0.001650816295296 1.4207198619843 7.746690971544e-05
