0.079605907201767 0.23991963267326 -1.7795424461365 -1.6034383773804 -1.4092442989349 0.00028629950247705 0.00010457744792802
0.12346491217613 0.2410554587841 -1.8060982227325 -1.5780427455902 -1.317334651947 0.00057573965750635 6.8797409767285e-05
0.16633734107018 0.23913952708244 -1.8304970264435 -1.5518026351929 -1.2261052131653 0.00067921332083642 2.547287294874e-05
0.20780739188194 0.23437067866325 -1.8527054786682 -1.5248684883118 -1.1366121768951 0.00082369497977197 4.7412610001629e-05
0.24773201346397 0.22661730647087 -1.872638463974 -1.4973006248474 -1.0484459400177 0.0010325496550649 0.00010375357669545
0.28579363226891 0.21573254466057 -1.8902721405029 -1.4690854549408 -0.96203303337097 0.001293379580602 -1.4236946299206e-05
0.321751922369 0.20219323039055 -1.9056432247162 -1.4403076171875 -0.87804961204529 0.0015780513640493 -7.0168215415833e-07
0.35565075278282 0.18565461039543 -1.918684720993 -1.4111306667328 -0.7959315776825 0.0019938533660024 0.00010793733235914
0.38731130957603 0.16642662882805 -1.9292674064636 -1.3817362785339 -0.71592140197754 0.0024625842925161 5.359658098314e-05
0.41673120856285 0.14465329051018 -1.9375064373016 -1.3522522449493 -0.63814520835876 0.0030886714812368 6.4885723986663e-05
0.44387659430504 0.12060591578484 -1.9434311389923 -1.3229804039001 -0.56306171417236 0.0038058345671743 4.0758015529718e-05
0.46885427832603 0.094307392835617 -1.946986913681 -1.2939927577972 -0.49012851715088 0.0048062391579151 3.3924770832527e-05
0.49173530936241 0.065892189741135 -1.9480216503143 -1.2657389640808 -0.41862368583679 0.0060579366981983 -1.6000902178348e-05
0.51254975795746 0.035775631666183 -1.9468002319336 -1.2386031150818 -0.34994196891785 0.0077888555824757 6.4538049628027e-05
0.53143012523651 0.0039057433605194 -1.9431335926056 -1.2126677036285 -0.28285050392151 0.0099966116249561 -2.5595197712391e-06
0.54847228527069 -0.029341489076614 -1.9371023178101 -1.1884889602661 -0.21761393547058 0.013139922171831 2.6173267542617e-05
0.5638712644577 -0.06393364071846 -1.9288702011108 -1.1662714481354 -0.15437078475952 0.017268378287554 5.9203379350947e-05
0.5776504278183 -0.099683076143265 -1.9182646274567 -1.1463296413422 -0.092672109603882 0.022525031119585 4.0912273107097e-05
0.58993709087372 -0.13651946187019 -1.9054021835327 -1.128368139267 -0.031812429428101 0.02857418730855 4.2637646402e-05
0.60083568096161 -0.17381456494331 -1.8908452987671 -1.1114144325256 0.027064085006714 0.034316260367632 7.4284453148721e-06
0.61047637462616 -0.21109989285469 -1.8750264644623 -1.0934393405914 0.084953546524048 0.037940222769976 4.350683229859e-05
0.61899363994598 -0.24751475453377 -1.8586778640747 -1.0723869800568 0.14080929756165 0.036926466971636 -9.5702416729182e-06
0.62638556957245 -0.28315642476082 -1.8416471481323 -1.0471653938293 0.1968777179718 0.030303198844194 3.7773443182232e-05
0.63275897502899 -0.31775644421577 -1.8239245414734 -1.0200436115265 0.25129866600037 0.020137030631304 -8.3895201896667e-06
0.63824641704559 -0.35226014256477 -1.8047099113464 -0.99491000175476 0.30468964576721 0.010378558188677 9.6514057077002e-05
0.64291417598724 -0.38744381070137 -1.783305644989 -0.97468948364258 0.35736012458801 0.0037962980568409 6.2784623878542e-05
0.64681136608124 -0.42326238751411 -1.7599077224731 -0.9590151309967 0.40916514396667 0.00053330138325691 3.7885474739596e-05
0.64998614788055 -0.45930674672127 -1.7347798347473 -0.94674801826477 0.46053338050842 -0.00071648880839348 9.2975278676022e-05
0.65257108211517 -0.49534538388252 -1.7083878517151 -0.93690991401672 0.51081681251526 -0.0010600499808788 -1.264956608793e-06
0.65451085567474 -0.53114318847656 -1.6807065010071 -0.92845606803894 0.56101679801941 -0.0011525563895702 5.9801383031299e-05
0.65595901012421 -0.56682372093201 -1.6520962715149 -0.92151474952698 0.6103675365448 -0.0011957101523876 9.432964361622e-06
0.65691697597504 -0.60214829444885 -1.6225678920746 -0.91562819480896 0.65924286842346 -0.0010598115622997 5.7786121033132e-05
0.65738189220428 -0.63733720779419 -1.5920343399048 -0.91105055809021 0.70805954933167 -0.00096539780497551 1.7324866348645e-05
0.65752017498016 -0.67223882675171 -1.5607187747955 -0.90759825706482 0.75596928596497 -0.0010042600333691 9.1048539616168e-05
0.65736567974091 -0.70654463768005 -1.5289132595062 -0.9051513671875 0.80319905281067 -0.00094441697001457 -1.5886294022494e-06
0.6463531255722 -0.70078110694885 -1.5436589717865 -0.89963221549988 0.7967483997345 0.0016843862831593 -6.0312668210827e-06
0.63451611995697 -0.69040608406067 -1.5630791187286 -0.89064979553223 0.78491759300232 0.0018140859901905 8.3461396570783e-05
0.62242305278778 -0.68052697181702 -1.5818359851837 -0.88184547424316 0.77288699150085 0.0018713064491749 2.8667644073721e-05
0.61007297039032 -0.6708447933197 -1.600072145462 -0.87328028678894 0.76049876213074 0.0019957609474659 6.3195657276083e-05
0.59750354290009 -0.66126918792725 -1.6179149150848 -0.8649640083313 0.74763894081116 0.0019127912819386 -4.4694494135911e-05
0.58454835414886 -0.65226721763611 -1.6349215507507 -0.85694861412048 0.73509573936462 0.0019008703529835 5.2843304729322e-05
0.57143199443817 -0.64339423179626 -1.6515674591064 -0.84929347038269 0.72170662879944 0.0019790716469288 1.5392284694826e-05
0.5579913854599 -0.6347131729126 -1.6676104068756 -0.84188175201416 0.70831227302551 0.0019943304359913 -1.7327763998765e-05
0.54426467418671 -0.62642979621887 -1.6829695701599 -0.83495235443115 0.69470620155334 0.0021488256752491 4.9254842451774e-05
0.53022134304047 -0.61844897270203 -1.6978702545166 -0.82805943489075 0.68099236488342 0.0021435804665089 6.5444764913991e-05
0.51597487926483 -0.61059808731079 -1.7123548984528 -0.82141423225403 0.66646218299866 0.0021745748817921 0.00010897102765739
0.50136125087738 -0.60329604148865 -1.7260031700134 -0.81531381607056 0.65240502357483 0.0022551603615284 1.3177635764805e-06
0.48661363124847 -0.59582352638245 -1.7396576404572 -0.80890583992004 0.63706135749817 0.0022337026894093 0.00011001012899214
0.47137916088104 -0.58906984329224 -1.7520787715912 -0.80346131324768 0.62267470359802 0.0022751875221729 3.7092126149219e-05
0.45603978633881 -0.58235692977905 -1.7645089626312 -0.79770159721375 0.60681700706482 0.0023543424904346 3.6742389056599e-05
0.44032514095306 -0.57599115371704 -1.776136636734 -0.79255819320679 0.59122014045715 0.0024840421974659 -1.7016103811329e-05
0.42440640926361 -0.56971144676208 -1.7874934673309 -0.78723526000977 0.57477164268494 0.002533633261919 4.7433051804546e-05
0.40814816951752 -0.56396484375 -1.7979972362518 -0.78249502182007 0.55874466896057 0.0024811811745167 -6.5652234297886e-06
0.39162194728851 -0.55842852592468 -1.8080716133118 -0.77793455123901 0.54208827018738 0.0025388784706593 7.4463830969762e-05
0.37480390071869 -0.5532078742981 -1.8175160884857 -0.77367186546326 0.52538990974426 0.0024649687111378 7.3121977038682e-05
0.35779130458832 -0.54826211929321 -1.8264949321747 -0.7697606086731 0.50821852684021 0.0025670118629932 -2.687270171009e-05
0.34041583538055 -0.54371547698975 -1.8347046375275 -0.7662501335144 0.49101233482361 0.0027563162147999 3.7216093915049e-05
0.32281720638275 -0.53944373130798 -1.8424649238586 -0.76279377937317 0.47347807884216 0.0027515478432178 6.6057968069799e-05
0.30491816997528 -0.53551125526428 -1.8494935035706 -0.75963449478149 0.45620703697205 0.0027277059853077 -1.9712497305591e-05
0.28695952892303 -0.53166842460632 -1.8564503192902 -0.75651621818542 0.43741869926453 0.0026719160377979 -1.7611193470657e-05
0.26862990856171 -0.52835512161255 -1.8624436855316 -0.75398087501526 0.41913390159607 0.002777773886919 -3.3724354580045e-06
0.25002610683441 -0.52536678314209 -1.8677804470062 -0.75154900550842 0.40092968940735 0.0027839727699757 -1.174343378807e-05
0.23135077953339 -0.5225203037262 -1.8728754520416 -0.74923276901245 0.38175845146179 0.0027372427284718 1.3545593901654e-05
0.21241223812103 -0.52013301849365 -1.8771870136261 -0.74731063842773 0.36278510093689 0.0027195997536182 2.4320936063305e-05
0.19321811199188 -0.51801109313965 -1.8808064460754 -0.74563765525818 0.34394097328186 0.0025932379066944 0.00010664478031686
0.17387282848358 -0.51627326011658 -1.8839235305786 -0.74410724639893 0.32491850852966 0.0025889463722706 1.6243027857854e-05
0.15441977977753 -0.51478910446167 -1.8864784240723 -0.74289751052856 0.30537915229797 0.0024520941078663 5.5687811254757e-05
0.13469731807709 -0.51386141777039 -1.8881645202637 -0.74199414253235 0.28673911094666 0.0023352690041065 2.5687759261928e-05
0.11510074138641 -0.51278376579285 -1.8900551795959 -0.74126386642456 0.26549029350281 0.0023848600685596 4.2409024899825e-05
0.095056414604187 -0.51252913475037 -1.8905034065247 -0.74079036712646 0.24653029441833 0.0021359510719776 0.0001261368743144
0.075151801109314 -0.51219987869263 -1.8910109996796 -0.74041819572449 0.22571969032288 0.0019299574196339 5.6447726819897e-05
0.055051207542419 -0.51246762275696 -1.890469789505 -0.74032473564148 0.20629620552063 0.0015360899269581 -2.8248849048396e-05
0.034945368766785 -0.51277089118958 -1.8898606300354 -0.74026346206665 0.1851270198822 0.0011980123817921 6.0077873058617e-05
0.014698386192322 -0.51361894607544 -1.8882791996002 -0.7403507232666 0.16527581214905 0.00056000426411629 4.0987666579895e-05
-0.0056303739547729 -0.51479005813599 -1.8861312866211 -0.74047136306763 0.14557671546936 -0.00023392960429192 8.4031984442845e-05
-0.025800347328186 -0.5161018371582 -1.8837196826935 -0.7407763004303 0.12489819526672 -0.0010843686759472 5.8234283642378e-05
-0.046158194541931 -0.517826795578 -1.8805954456329 -0.7410454750061 0.10460352897644 -0.0022399835288525 5.3165502322372e-05
-0.066441416740417 -0.51981520652771 -1.8770115375519 -0.74129414558411 0.084191083908081 -0.003480713814497 -1.5766665455885e-05
-0.086675524711609 -0.52218770980835 -1.8728725910187 -0.74159359931946 0.063993692398071 -0.0051021985709667 3.3481883292552e-05
-0.10689604282379 -0.52479124069214 -1.8682057857513 -0.74179720878601 0.043945074081421 -0.0069470815360546 2.9872398954467e-05
-0.12704932689667 -0.5274977684021 -1.8631975650787 -0.74191951751709 0.023443460464478 -0.0090065412223339 7.3204588261433e-05
-0.14708197116852 -0.53073072433472 -1.8575608730316 -0.74197268486023 0.0033090114593506 -0.011289399117231 1.8676857507671e-05
-0.16709554195404 -0.53437423706055 -1.8511617183685 -0.74208164215088 -0.015775442123413 -0.013891022652388 8.4495623013936e-06
-0.1870049238205 -0.53809976577759 -1.8445632457733 -0.74220561981201 -0.035807371139526 -0.016483347862959 -1.3189361197874e-05
-0.20675551891327 -0.54213762283325 -1.8375856876373 -0.74261450767517 -0.056230068206787 -0.019285958260298 2.5467150408076e-05
-0.22638118267059 -0.54652619361877 -1.8297746181488 -0.74321174621582 -0.075782537460327 -0.022028964012861 7.746690971544e-05
