3.0072342838139e-07 5.1676454404515e-07 0.91483908891678
3.4462402709323e-07 2.9474958296305e-07 0.91483920812607
3.7397575169962e-07 5.063012622486e-07 0.91483926773071
7.65326774399e-07 6.3407429706785e-07 0.91483932733536
7.0046866085249e-07 2.5881973897413e-07 0.91483944654465
7.356971423178e-07 4.6240685946941e-07 0.91483908891678
9.270044074583e-07 4.7360248345285e-07 0.91483920812607
8.1875344903892e-07 2.7665211632666e-07 0.91483908891678
9.1182295136605e-07 3.3462595183664e-07 0.91483938694
1.2486819969126e-06 6.3227213331629e-07 0.91483968496323
1.0621603223626e-06 9.9826638688683e-07 0.91483956575394
1.0418679039503e-06 1.2081393379049e-06 0.91483986377716
1.2653458725254e-06 1.2082813327652e-06 0.91483980417252
1.1265206012467e-06 1.7663586504568e-06 0.91483998298645
1.3682887356481e-06 2.1123105398146e-06 0.91483980417252
1.287414647777e-06 2.3638533548365e-06 0.91484016180038
1.5000755411165e-06 2.3490658804803e-06 0.91484022140503
1.499600216448e-06 2.2480483039544e-06 0.91484051942825
1.6973409628918e-06 1.9528758912202e-06 0.91484040021896
1.9518008684827e-06 2.1352173007472e-06 0.91484040021896
2.1768996703031e-06 2.0438060346351e-06 0.91484040021896
2.5465860744589e-06 1.6159137885552e-06 0.91484034061432
2.9085558708175e-06 1.6371956235162e-06 0.91484051942825
3.2739792459324e-06 1.7540625094625e-06 0.9148405790329
3.3445492135797e-06 2.0773202322744e-06 0.91484081745148
3.062670430154e-06 2.2243716557568e-06 0.91484081745148
2.6189625259576e-06 2.4000817120395e-06 0.91484117507935
2.5433159862587e-06 2.3816912744223e-06 0.91484123468399
2.5713593458931e-06 1.6959676258921e-06 0.91484105587006
2.4445910185023e-06 1.0282752782587e-06 0.9148411154747
2.96467374028e-06 1.2011014405289e-06 0.91484099626541
3.0594258078054e-06 1.1517770417413e-06 0.91484117507935
2.985347464346e-06 1.2049347333232e-06 0.91484117507935
3.0463529583358e-06 1.1433331792432e-06 0.9148411154747
3.2629427551001e-06 8.3698114394792e-07 0.91484099626541
2.8709589514619e-06 6.2736074823988e-07 0.91484099626541
2.3034383502818e-06 6.2597280248156e-07 0.9148411154747
2.2434737729782e-06 8.1427771192466e-07 0.9148411154747
1.9188225905964e-06 4.4979677227275e-07 0.9148411154747
1.8691545164984e-06 9.4693132268731e-07 0.91484099626541
1.7508079963591e-06 1.5641072650396e-06 0.91484093666077
1.9068426126978e-06 1.4921624824638e-06 0.91484081745148
2.2098577119323e-06 1.2957664239366e-06 0.91484087705612
2.495068429198e-06 9.1215264319544e-07 0.91484123468399
2.5309548163932e-06 1.5617910094079e-06 0.91484123468399
2.7027529085899e-06 1.5590458133374e-06 0.91484129428864
3.103594735876e-06 1.4553100982084e-06 0.91484129428864
3.1353565645986e-06 1.5432731288456e-06 0.91484129428864
2.886633410526e-06 1.9622591480584e-06 0.91484135389328
2.9250495572342e-06 2.0991651581426e-06 0.9148416519165
2.4075234250631e-06 2.1349303551688e-06 0.91484177112579
-0.0036850578617305 0.00022535800235346 0.91485887765884
-0.013386667706072 0.00091814389452338 0.91487818956375
-0.023108018562198 0.0016227477462962 0.91490495204926
-0.032816130667925 0.0023080771788955 0.91496950387955
-0.042541470378637 0.002954977331683 0.91503548622131
-0.052264429628849 0.0035824126098305 0.91519594192505
-0.061985805630684 0.0042498731054366 0.91533863544464
-0.071731440722942 0.0049330918118358 0.91533023118973
-0.081418037414551 0.0056033660657704 0.91523218154907
-0.091162748634815 0.0062528387643397 0.91517603397369
-0.10085847228765 0.0070736804045737 0.91509437561035
-0.11054219305515 0.0077864364720881 0.91510862112045
-0.12025678157806 0.0084853284060955 0.91513234376907
-0.13000059127808 0.0091714290902019 0.91512560844421
-0.13971392810345 0.0099113145843148 0.9151782989502
-0.14957508444786 0.0106539465487 0.9152010679245
-0.1595244705677 0.011587527580559 0.91530764102936
-0.1694206148386 0.012527221813798 0.9154337644577
-0.17959778010845 0.013495496474206 0.91548770666122
-0.18959085643291 0.014328407123685 0.91555726528168
-0.19964173436165 0.015240215696394 0.9155940413475
-0.2096883058548 0.016047216951847 0.9156282544136
-0.21978290379047 0.016916232183576 0.91565316915512
-0.22983963787556 0.017779238522053 0.91568702459335
-0.23983407020569 0.0185711029917 0.91568225622177
-0.24994960427284 0.01934702694416 0.91565030813217
-0.26001223921776 0.020091013982892 0.91557025909424
-0.26999723911285 0.020971678197384 0.91552931070328
-0.28010019659996 0.021706391125917 0.91547876596451
-0.29006513953209 0.022463638335466 0.91550123691559
-0.30010589957237 0.023190321400762 0.9155005812645
-0.31015911698341 0.023968324065208 0.91546601057053
-0.3201764523983 0.024714980274439 0.91546756029129
-0.33015957474709 0.025441421195865 0.9154337644577
-0.340122371912 0.026213055476546 0.91542315483093
