-0.026177633553743 0.058489039540291 1.2871208190918 0.0019048266112804 0.00018053920939565 -3.0601541996002 5.9099937061546e-05
-0.034937158226967 0.05948069691658 1.2730751037598 0.0018221699865535 0.00041242441511713 -3.0117213726044 6.4191895944532e-05
-0.043684266507626 0.060451939702034 1.2590314149857 0.001829874701798 0.00053144339472055 -2.9634883403778 7.6073534728494e-05
-0.052426680922508 0.061415657401085 1.2449671030045 0.0018308768048882 0.00064581306651235 -2.9151391983032 2.628170477692e-05
-0.061170168220997 0.062404990196228 1.2309430837631 0.0017979779513553 0.00074440462049097 -2.8670032024384 6.4093528635567e-06
-0.069922737777233 0.0633944272995 1.216902256012 0.0018734162440524 0.00082133174873888 -2.8188140392303 -5.9678231991711e-06
-0.078652873635292 0.064346477389336 1.2028468847275 0.0018281834200025 0.0010574504267424 -2.7704639434814 8.1461272202432e-05
-0.087408170104027 0.065331444144249 1.1887998580933 0.0019721474964172 0.0011352874571458 -2.7225742340088 9.6409035904799e-05
-0.096180722117424 0.066315725445747 1.1747546195984 0.0019507290562615 0.0013248451286927 -2.6741156578064 -4.4490693085208e-07
-0.10489812493324 0.06729382276535 1.1607180833817 0.0020145841408521 0.0015914887189865 -2.6256561279297 2.4359433155041e-05
-0.11365059018135 0.068271711468697 1.1466553211212 0.0020757869351655 0.0017093274509534 -2.5773887634277 3.9092195947887e-05
-0.12238225340843 0.069253832101822 1.1325962543488 0.0020871108863503 0.0018602425698191 -2.5295491218567 -5.1151746447431e-05
-0.13115149736404 0.070194147527218 1.1185466051102 0.0021724845282733 0.0019476505694911 -2.481805562973 -2.4293572096212e-06
-0.1398823261261 0.071208119392395 1.1045168638229 0.0021957475692034 0.002032348420471 -2.4330871105194 7.7281547419261e-05
-0.14861327409744 0.072178915143013 1.0904995203018 0.0020349766127765 0.0022157719358802 -2.3852462768555 9.3478611233877e-06
-0.15738454461098 0.07315007597208 1.0764243602753 0.0019218368688598 0.0019149642903358 -2.3371131420135 6.8568107963074e-05
-0.16612134873867 0.074104584753513 1.0623404979706 0.0014430440496653 0.0015084765618667 -2.2890267372131 9.6955754997907e-06
-0.17486530542374 0.075100108981133 1.0483119487762 0.00061928381910548 0.00065945595270023 -2.2405457496643 1.3167090401112e-05
-0.18359804153442 0.076064169406891 1.0342593193054 -0.00038153666537255 -0.00054579298011959 -2.1932280063629 0.00010031809506472
-0.19234916567802 0.077062390744686 1.0202493667603 -0.0016457115998492 -0.0021233826410025 -2.1450202465057 4.9569021939533e-05
-0.2011014521122 0.078038439154625 1.0061845779419 -0.0023477906361222 -0.003426665905863 -2.096607208252 9.2102271764816e-07
-0.20985008776188 0.079001486301422 0.99211657047272 -0.0023631153162569 -0.003667521988973 -2.0488524436951 1.4246274076868e-05
-0.21859605610371 0.079995572566986 0.97804039716721 -0.0017419661162421 -0.0026551855262369 -2.0002193450928 1.385923314956e-05
-0.22733227908611 0.080969020724297 0.96402513980865 -0.00080384459579363 -0.0011083888821304 -1.952467083931 2.9366123271757e-05
-0.23537045717239 0.081727616488934 0.95032680034637 0.00012641002831515 -0.00018049981736112 -1.9072511196136 -1.9430846805335e-05
-0.22627109289169 0.078498102724552 0.94992756843567 -0.0005012636538595 -0.001714747515507 -1.9040921926498 3.7902384065092e-05
-0.21668067574501 0.075187847018242 0.94991147518158 -0.000878480670508 -0.0019648789893836 -1.9039707183838 9.9021184723824e-05
-0.20706605911255 0.071844816207886 0.94990396499634 -0.0007288699853234 -0.0020631174556911 -1.904308795929 1.8071850718115e-05
-0.19748850166798 0.068508766591549 0.94993132352829 -0.00076036754762754 -0.0021966479253024 -1.9043811559677 7.954776083352e-05
-0.18787504732609 0.065159283578396 0.94990921020508 -0.00074763066368178 -0.0021202960051596 -1.9043999910355 2.5010804165504e-06
-0.17828384041786 0.061852890998125 0.94992071390152 -0.00074807123746723 -0.002147366059944 -1.904128909111 0.00011787001858465
-0.16869962215424 0.058538354933262 0.94992727041245 -0.0007445584051311 -0.0023642077576369 -1.9031344652176 -2.3911876269267e-05
-0.15908250212669 0.055187780410051 0.94990354776382 -0.00065515865571797 -0.0022062854841352 -1.9040559530258 7.0756723289378e-05
-0.14948844909668 0.051853995770216 0.94992554187775 -0.00067544053308666 -0.0023074003402144 -1.9045594930649 5.412932659965e-05
-0.13988474011421 0.04853069037199 0.94994056224823 -0.00083585968241096 -0.0022977215703577 -1.9046236276627 3.6680543416878e-05
-0.13028052449226 0.045206099748611 0.94992995262146 -0.00076824758434668 -0.0022801056038588 -1.9039107561111 -2.4912822482293e-05
-0.12067752331495 0.04186487942934 0.94990313053131 -0.00070998462615535 -0.0022476962767541 -1.9042669534683 1.9278979380033e-05
-0.1110951602459 0.038558755069971 0.94991779327393 -0.00065823877230287 -0.0021557586733252 -1.904047369957 4.3805470340885e-05
-0.10149911046028 0.035222381353378 0.94992256164551 -0.00061192095745355 -0.0021316970232874 -1.9044326543808 3.4028613299597e-05
-0.091893762350082 0.031893290579319 0.94991958141327 -0.00054782518418506 -0.002030341187492 -1.9042626619339 5.5025175242918e-05
-0.082307316362858 0.028559237718582 0.94995361566544 -0.00029482034733519 -0.0018815405201167 -1.9039639234543 1.2420720850059e-05
-0.072718352079391 0.025249686092138 0.94995057582855 -0.00030332917231135 -0.0015496703563258 -1.9035156965256 4.0914776036516e-05
-0.063092693686485 0.021892385557294 0.94994813203812 -0.00012467443593778 -0.0011557441903278 -1.9040974378586 9.359241630591e-06
-0.053537748754025 0.018584132194519 0.94996052980423 3.7706638977397e-05 -0.00071364740142599 -1.9036437273026 2.779050009849e-05
-0.04390612244606 0.015226107090712 0.94991970062256 0.00033346167765558 -1.4143632142805e-05 -1.9037481546402 -1.4484239727608e-06
-0.03431560844183 0.011930330656469 0.94995272159576 0.00051219575107098 0.00064939557341859 -1.903520822525 2.0364350348245e-05
-0.024718947708607 0.0085864067077637 0.94993221759796 0.00074959523044527 0.0015058784047142 -1.9035278558731 2.5141345759039e-05
-0.015122160315514 0.0052922936156392 0.94994699954987 0.00085686927195638 0.0023309905081987 -1.90387403965 3.2001702493289e-05
-0.0055302754044533 0.001916759647429 0.94992870092392 0.0011179730063304 0.0031656322535127 -1.9045135974884 -2.7160038371221e-05
0.0040863156318665 -0.001409481279552 0.94995427131653 0.0013443761272356 0.0037513696588576 -1.9037444591522 1.2515636626631e-05
0.013679079711437 -0.0047397064045072 0.94992488622665 0.0014348323456943 0.0042358231730759 -1.9047337770462 -2.8192048375786e-06
0.02327935397625 -0.0080604357644916 0.94996136426926 0.0013919045450166 0.0043575433082879 -1.9043904542923 9.1390820671222e-06
0.032881811261177 -0.011382696218789 0.9499351978302 0.0013598744990304 0.0042027761228383 -1.904084444046 5.8146393712377e-05
0.042470492422581 -0.014707144349813 0.9499426484108 0.001173680764623 0.0036385029088706 -1.9040113687515 7.036204351607e-06
0.052074454724789 -0.018030609935522 0.94995218515396 0.00097481184639037 0.0029923918191344 -1.9040027856827 -2.8325983294053e-05
0.061669781804085 -0.021364994347095 0.94994533061981 0.00088118406711146 0.0022530560381711 -1.9042816162109 5.9647849411704e-05
0.071275934576988 -0.024718251079321 0.94991850852966 0.00043000298319384 0.0015674259047955 -1.9045271873474 2.9169892513892e-05
0.080873169004917 -0.028023658320308 0.94993227720261 0.00043521248153411 0.0011806692928076 -1.9032331705093 2.4845563530107e-05
0.090476639568806 -0.031393248587847 0.9499129652977 0.00035180666600354 0.0008107345784083 -1.9038671255112 0.00011415148037486
0.10008259862661 -0.034676354378462 0.94993698596954 0.00022273061040323 0.00019981947843917 -1.9030976295471 4.9910762754735e-05
0.10967903584242 -0.038007613271475 0.94995617866516 0.00016037288878579 -7.7851604146417e-05 -1.9029861688614 0.00012844067532569
0.1192936077714 -0.041349403560162 0.94989687204361 0.00018886219186243 -0.00030504382448271 -1.9031822681427 4.4336087739794e-05
0.12887968122959 -0.044673226773739 0.94992542266846 6.0304239013931e-05 -0.00055709766456857 -1.9038475751877 2.7444237275631e-05
0.13847920298576 -0.048010312020779 0.94993913173676 -2.6851084840018e-05 -0.00079177581937984 -1.9037231206894 1.3336647498363e-05
0.14807580411434 -0.05135041102767 0.94991058111191 -6.0043934354326e-05 -0.00089751300401986 -1.9038144350052 0.00010004165960709
0.15766815841198 -0.054678101092577 0.94992762804031 -5.1186441851314e-05 -0.00090080039808527 -1.9039973020554 3.9655009459238e-05
0.16726166009903 -0.057986870408058 0.94989210367203 -7.5150703196414e-05 -0.0010539151262492 -1.9028371572495 7.6233882282395e-05
0.17686355113983 -0.061310812830925 0.94992709159851 1.8687551346375e-05 -0.0010144709376618 -1.9034867286682 9.9902063084301e-05
0.18646736443043 -0.064635664224625 0.94993323087692 -0.00040206938865595 -0.0013558762148023 -1.9026049375534 3.3003245334839e-05
0.19605958461761 -0.067986391484737 0.94992315769196 -0.00021279617794789 -0.0013696155510843 -1.9032298326492 1.978432010219e-05
0.2056702375412 -0.071333318948746 0.94990581274033 -0.00022421173343901 -0.0014894477790222 -1.9034932851791 2.1421587007353e-05
0.21524792909622 -0.074655398726463 0.94993078708649 -0.00020818495249841 -0.0013347644126043 -1.9033726453781 2.3363134459942e-05
0.22487410902977 -0.078010104596615 0.94989413022995 -0.00055297871585935 -0.0015304071130231 -1.9029752016068 7.175106293289e-05
0.23446616530418 -0.081291280686855 0.94988751411438 -0.00018954991537612 -0.0015046467306092 -1.9036241769791 -2.1425598788483e-06
