-0.088558346033096 0.21114203333855 -1.7760574817657 -1.57848072052 -1.7409660816193 -0.00030545541085303 5.9099937061546e-05
-0.13654485344887 0.19479224085808 -1.799108505249 -1.539110660553 -1.8372130393982 -0.00061206170357764 6.4191895944532e-05
-0.18293586373329 0.17508980631828 -1.8191692829132 -1.4994370937347 -1.9319112300873 -0.00080351182259619 7.6073534728494e-05
-0.22746124863625 0.15219828486443 -1.8363599777222 -1.4594812393188 -2.0245265960693 -0.0010352546814829 2.628170477692e-05
-0.27001515030861 0.12641522288322 -1.850574016571 -1.4195787906647 -2.115462064743 -0.0013449604157358 6.4093528635567e-06
-0.31040778756142 0.097832649946213 -1.8618235588074 -1.3800957202911 -2.2039525508881 -0.0016308242920786 -5.9678231991711e-06
-0.3485304415226 0.066733807325363 -1.8702149391174 -1.3408279418945 -2.2901709079742 -0.002120059216395 8.1461272202432e-05
-0.38449421525002 0.033361405134201 -1.8756477832794 -1.302472114563 -2.3742852210999 -0.0025759155396372 9.6409035904799e-05
-0.41830030083656 -0.0020442306995392 -1.8782291412354 -1.2648696899414 -2.4565415382385 -0.0030250961426646 -4.4490693085208e-07
-0.44980564713478 -0.039218932390213 -1.8779146671295 -1.2286846637726 -2.5363059043884 -0.0037653858307749 2.4359433155041e-05
-0.47919955849648 -0.077949076890945 -1.8749003410339 -1.1938152313232 -2.6138834953308 -0.0046759061515331 3.9092195947887e-05
-0.50653278827667 -0.11795070767403 -1.8691434860229 -1.160724401474 -2.6894466876984 -0.0059211663901806 -5.1151746447431e-05
-0.53189194202423 -0.15900257229805 -1.8607330322266 -1.1295785903931 -2.7626490592957 -0.0074201039969921 -2.4293572096212e-06
-0.55543172359467 -0.20099928975105 -1.8496613502502 -1.1006438732147 -2.834522485733 -0.0094232968986034 7.7281547419261e-05
-0.57713043689728 -0.24359157681465 -1.8360722064972 -1.0741169452667 -2.9042246341705 -0.012044947594404 9.3478611233877e-06
-0.5972501039505 -0.28702357411385 -1.8199486732483 -1.0502834320068 -2.972455739975 -0.015478413552046 6.8568107963074e-05
-0.61572968959808 -0.33088853955269 -1.8014714717865 -1.0291740894318 -3.0388233661652 -0.019764941185713 9.6955754997907e-06
-0.63281548023224 -0.37509945034981 -1.7806060314178 -1.0104866027832 -3.1043634414673 -0.024520199745893 1.3167090401112e-05
-0.64846909046173 -0.41920331120491 -1.7581276893616 -0.99318075180054 -3.1676912307739 -0.02879623696208 0.00010031809506472
-0.66288316249847 -0.46289947628975 -1.7342095375061 -0.97512531280518 -3.2303705215454 -0.030633967369795 4.9569021939533e-05
-0.67610371112823 -0.50575661659241 -1.7096178531647 -0.95453929901123 -3.2917807102203 -0.028201144188643 9.2102271764816e-07
-0.6882096529007 -0.54740858078003 -1.6846113204956 -0.93094420433044 -3.3518781661987 -0.021311085671186 1.4246274076868e-05
-0.69926488399506 -0.58827543258667 -1.658527135849 -0.90699100494385 -3.411301612854 -0.012105505913496 1.385923314956e-05
-0.70939099788666 -0.62890076637268 -1.6306974887848 -0.8863422870636 -3.4692168235779 -0.0043671540915966 2.9366123271757e-05
-0.71769273281097 -0.66835927963257 -1.6026639938354 -0.8709774017334 -3.5226716995239 -0.00019983574748039 -1.9430846805335e-05
-0.70136415958405 -0.66130971908569 -1.6178846359253 -0.8674476146698 -3.5098032951355 -0.0046177320182323 3.7902384065092e-05
-0.68425166606903 -0.65186786651611 -1.6357469558716 -0.8602774143219 -3.4925532341003 -0.0060060434043407 9.9021184723824e-05
-0.66686308383942 -0.64259672164917 -1.653226852417 -0.85286927223206 -3.4749526977539 -0.0067096166312695 1.8071850718115e-05
-0.64919769763947 -0.6335768699646 -1.670022726059 -0.84560298919678 -3.4574017524719 -0.0072451047599316 7.954776083352e-05
-0.63124859333038 -0.62480592727661 -1.6863601207733 -0.83857011795044 -3.439296245575 -0.0077314786612988 2.5010804165504e-06
-0.6130405664444 -0.61641812324524 -1.7019422054291 -0.83198094367981 -3.4212856292725 -0.0083797387778759 0.00011787001858465
-0.59456217288971 -0.60835814476013 -1.7169177532196 -0.82577180862427 -3.4029166698456 -0.0090346746146679 -2.3911876269267e-05
-0.5758444070816 -0.60050797462463 -1.7314698696136 -0.8198709487915 -3.3839204311371 -0.0098603181540966 7.0756723289378e-05
-0.55685865879059 -0.59302473068237 -1.7452714443207 -0.81451368331909 -3.3648209571838 -0.01079611107707 5.412932659965e-05
-0.53765213489532 -0.58575868606567 -1.7585139274597 -0.80946826934814 -3.3454160690308 -0.011860173195601 3.6680543416878e-05
-0.51819622516632 -0.57894825935364 -1.7710025310516 -0.80499863624573 -3.3259928226471 -0.013063710182905 -2.4912822482293e-05
-0.49850738048553 -0.57259702682495 -1.7828023433685 -0.80103087425232 -3.3064250946045 -0.014403145760298 1.9278979380033e-05
-0.47861349582672 -0.56643080711365 -1.7939767837524 -0.79755449295044 -3.2866740226746 -0.01605037972331 4.3805470340885e-05
-0.45852482318878 -0.56065034866333 -1.8045213222504 -0.79465389251709 -3.2664926052094 -0.017915051430464 3.4028613299597e-05
-0.43821156024933 -0.55518865585327 -1.8144152164459 -0.79235625267029 -3.246043920517 -0.020014088600874 5.5025175242918e-05
-0.41773450374603 -0.55017948150635 -1.8233833312988 -0.7906756401062 -3.2260663509369 -0.022245209664106 1.2420720850059e-05
-0.3970981836319 -0.54553890228271 -1.8316946029663 -0.78958058357239 -3.2058825492859 -0.024928610771894 4.0914776036516e-05
-0.37626588344574 -0.54110479354858 -1.8395907878876 -0.78899550437927 -3.1846833229065 -0.027770321816206 9.359241630591e-06
-0.35541450977325 -0.53707766532898 -1.8466184139252 -0.78874492645264 -3.1640725135803 -0.030567687004805 2.779050009849e-05
-0.33435046672821 -0.53338241577148 -1.8530795574188 -0.78866720199585 -3.1433088779449 -0.03320411965251 -1.4484239727608e-06
-0.31322109699249 -0.52982592582703 -1.8590943813324 -0.78863477706909 -3.1221351623535 -0.035628121346235 2.0364350348245e-05
-0.29196202754974 -0.52658939361572 -1.8646404743195 -0.78829669952393 -3.1007647514343 -0.037671368569136 2.5141345759039e-05
-0.27069222927094 -0.52335095405579 -1.8700003623962 -0.787109375 -3.0786609649658 -0.038736622780561 3.2001702493289e-05
-0.24934661388397 -0.52049374580383 -1.8747968673706 -0.78503155708313 -3.0572025775909 -0.038566630333662 -2.7160038371221e-05
-0.22795307636261 -0.51777100563049 -1.8792753219604 -0.78167796134949 -3.036144733429 -0.036949198693037 1.2515636626631e-05
-0.20655310153961 -0.51514029502869 -1.8837897777557 -0.77704334259033 -3.0140483379364 -0.034117739647627 -2.8192048375786e-06
-0.18521702289581 -0.51289534568787 -1.8876283168793 -0.77122688293457 -2.9932029247284 -0.029917042702436 9.1390820671222e-06
-0.16389310359955 -0.51098370552063 -1.8911924362183 -0.76466155052185 -2.9720611572266 -0.024934094399214 5.8146393712377e-05
-0.14261424541473 -0.50933861732483 -1.8942582607269 -0.75785183906555 -2.9507529735565 -0.019580405205488 7.036204351607e-06
-0.12139475345612 -0.50812125205994 -1.8967137336731 -0.75143361091614 -2.9295320510864 -0.014402907341719 -2.8325983294053e-05
-0.10023462772369 -0.50743532180786 -1.8983056545258 -0.7458770275116 -2.9082708358765 -0.0097196511924267 5.9647849411704e-05
-0.079200387001038 -0.5072922706604 -1.8989427089691 -0.74180197715759 -2.8871171474457 -0.0062709264457226 2.9169892513892e-05
-0.058375716209412 -0.50775074958801 -1.8983240127563 -0.7397403717041 -2.8670034408569 -0.0039546899497509 2.4845563530107e-05
-0.037556290626526 -0.50854921340942 -1.8971657752991 -0.73826932907104 -2.8458757400513 -0.0021341256797314 0.00011415148037486
-0.017049431800842 -0.50985336303711 -1.8949913978577 -0.73764848709106 -2.8261954784393 -0.00060824677348137 4.9910762754735e-05
0.0034035444259644 -0.51129555702209 -1.8924403190613 -0.73760056495667 -2.8053388595581 0.0004245825111866 0.00012844067532569
0.023657202720642 -0.51344752311707 -1.8890023231506 -0.73821759223938 -2.7848954200745 0.0011217184364796 4.4336087739794e-05
0.043671488761902 -0.51571178436279 -1.8849270343781 -0.73941373825073 -2.7647330760956 0.0016405172646046 2.7444237275631e-05
0.063408732414246 -0.51846051216125 -1.8800115585327 -0.74102687835693 -2.745353937149 0.0021235533058643 1.3336647498363e-05
0.082986235618591 -0.52165389060974 -1.8744795322418 -0.74319410324097 -2.7256782054901 0.0023309774696827 0.00010004165960709
0.1023291349411 -0.5249764919281 -1.8684418201447 -0.74567747116089 -2.7058234214783 0.0025207586586475 3.9655009459238e-05
0.12131059169769 -0.52899169921875 -1.8614790439606 -0.7483868598938 -2.6874740123749 0.0027758665382862 7.6233882282395e-05
0.1401504278183 -0.53302454948425 -1.8540680408478 -0.75188040733337 -2.6681592464447 0.0027010031044483 9.9902063084301e-05
0.158562541008 -0.53762197494507 -1.8458197116852 -0.75497889518738 -2.6505987644196 0.0028454847633839 3.3003245334839e-05
0.17680442333221 -0.54244589805603 -1.8371484279633 -0.75890898704529 -2.6320037841797 0.0028993673622608 1.978432010219e-05
0.19475972652435 -0.54768013954163 -1.8277442455292 -0.76312065124512 -2.6139099597931 0.00290222838521 2.1421587007353e-05
0.21241891384125 -0.55305242538452 -1.8178555965424 -0.76773810386658 -2.5957884788513 0.0027415342628956 2.3363134459942e-05
0.22966468334198 -0.55915904045105 -1.8070640563965 -0.7720947265625 -2.5793945789337 0.0028535909950733 7.175106293289e-05
0.24678313732147 -0.56513619422913 -1.7960271835327 -0.77765297889709 -2.5614681243896 0.0026371069252491 -2.1425598788483e-06
