-5.7880384929376e-07 2.3545554395099e-09 0.91483926773071
-3.793776954808e-07 5.2784535853334e-08 0.91483926773071
-3.148029179556e-07 -4.5655067992811e-07 0.91483926773071
1.5695195543231e-07 -2.3516911085153e-07 0.91483926773071
1.1682048750572e-07 -3.3317530778731e-07 0.91483956575394
6.6349815597277e-07 -1.3529216857933e-07 0.91483950614929
5.300147449816e-07 -1.38172424613e-07 0.91483956575394
6.3705829234095e-07 -1.0054989729724e-08 0.91483956575394
5.163804530639e-07 -3.2713532505113e-07 0.91483938694
8.0613762065695e-07 -2.4129465714395e-07 0.91483956575394
6.2057262084636e-07 -7.0858123990547e-07 0.91483950614929
6.7126728708899e-07 -5.6761712130537e-07 0.91483962535858
7.3203045758419e-07 -4.7875681730147e-07 0.91483986377716
6.99678764704e-07 -5.5767355888747e-07 0.91484010219574
8.5155687656879e-07 -8.0033214544528e-07 0.91484010219574
1.4253176914281e-06 -2.4284236133099e-07 0.91484004259109
2.0001039047202e-06 -1.4920568958132e-07 0.91484022140503
1.7987189266933e-06 2.7046956674326e-08 0.91484034061432
1.7061026937881e-06 -6.4015736711553e-08 0.91484075784683
1.8343581587033e-06 1.4824912852873e-07 0.9148405790329
1.9435540252744e-06 4.1375463410986e-07 0.91484034061432
2.0067452624062e-06 5.2582117859856e-07 0.91484022140503
1.9317474198033e-06 1.2499066315286e-07 0.91484016180038
1.7491228163635e-06 5.7535044106771e-07 0.91484045982361
1.7767789586287e-06 6.419519991141e-07 0.91484034061432
2.0230643258401e-06 7.4054867127415e-07 0.91484034061432
2.1484261196747e-06 8.5209381950335e-07 0.91484028100967
1.5687936638642e-06 1.1426178616603e-06 0.91484010219574
1.7726875967128e-06 9.7471570370544e-07 0.91484004259109
1.8295376094102e-06 1.1607646683842e-06 0.91483992338181
1.6824653812364e-06 1.4052928918318e-06 0.91483998298645
1.8301286672795e-06 2.0279189811845e-06 0.91483968496323
1.929779728016e-06 1.9253482150816e-06 0.91483980417252
2.1033690700278e-06 2.5587328309484e-06 0.91483962535858
2.0985712581023e-06 2.4296798528667e-06 0.91483962535858
2.3344769033429e-06 2.1032983568148e-06 0.91483950614929
2.2367744350049e-06 2.3565532956127e-06 0.91483956575394
2.5154415652651e-06 2.3081199742592e-06 0.91483962535858
2.8009385459882e-06 2.6159516437474e-06 0.91483980417252
2.5532451672916e-06 2.5782530883589e-06 0.91484010219574
0.0021704190876335 -0.00029313543927856 0.91486096382141
0.012292679399252 -0.0019587446004152 0.91496628522873
0.022461347281933 -0.0036784270778298 0.91513049602509
0.032547552138567 -0.0054033189080656 0.91533493995667
0.042800426483154 -0.007059252820909 0.91539734601974
0.052878733724356 -0.0087747778743505 0.91541248559952
0.063064686954021 -0.010388286784291 0.91540509462357
0.073233895003796 -0.01257532928139 0.91551053524017
0.082792535424232 -0.016003103926778 0.91552758216858
0.092390783131123 -0.019198160618544 0.91557461023331
0.10199566930532 -0.022612858563662 0.91564923524857
0.11157748103142 -0.025959493592381 0.91566425561905
0.1211496964097 -0.029300279915333 0.91567778587341
0.13080462813377 -0.032565359026194 0.91572332382202
0.14037564396858 -0.035942774266005 0.91574800014496
0.15006931126118 -0.039258986711502 0.91577172279358
0.15965136885643 -0.042713601142168 0.91575455665588
0.16929753124714 -0.045911099761724 0.91578876972198
0.17890767753124 -0.04940665140748 0.91577810049057
0.18851844966412 -0.052575796842575 0.91581320762634
0.19818376004696 -0.055881172418594 0.91584891080856
0.20778959989548 -0.059272892773151 0.9158393740654
0.2174189388752 -0.062534347176552 0.91587269306183
0.22697804868221 -0.065882802009583 0.91586071252823
0.23657776415348 -0.069249361753464 0.91585546731949
0.24617610871792 -0.072609893977642 0.91586858034134
0.25578939914703 -0.075872592628002 0.91583889722824
0.26540425419807 -0.079167813062668 0.91585820913315
0.27501425147057 -0.082514904439449 0.91578775644302
0.28460073471069 -0.085881911218166 0.91579794883728
0.29422536492348 -0.089151211082935 0.9157902598381
0.30378389358521 -0.092632703483105 0.91578161716461
0.31343728303909 -0.095818653702736 0.91578829288483
0.3230157494545 -0.099248103797436 0.91576838493347
