-0.015549911186099 0.047689974308014 1.2997957468033 0.00092590053100139 7.2944036219269e-05 -3.0583658218384 -7.0649894041708e-06
-0.018563568592072 0.042828768491745 1.2926536798477 0.00077909766696393 7.4605195550248e-05 -3.0105257034302 -1.198929567181e-05
-0.021554138511419 0.037968903779984 1.2855280637741 0.0007163044065237 0.00020320957992226 -2.9623472690582 8.4312698163558e-05
-0.024541351944208 0.033122777938843 1.2783614397049 0.0008211387321353 0.00015231657016557 -2.9139864444733 -1.1113153959741e-05
-0.027553029358387 0.02827000617981 1.2712278366089 0.00071626651333645 0.00019987148698419 -2.8661868572235 -6.5018463146771e-07
-0.030537724494934 0.023374795913696 1.2640465497971 0.00072393554728478 0.00030028581386432 -2.8183741569519 6.6239903389942e-05
-0.033562570810318 0.018539726734161 1.2569434642792 0.00075039156945422 0.00031739618862048 -2.7703394889832 3.9988233766053e-05
-0.036524668335915 0.013682305812836 1.2497835159302 0.00058878416894004 0.00024833509814925 -2.7217559814453 -2.0935783595633e-06
-0.039520002901554 0.0088193789124489 1.2426338195801 0.00063526257872581 0.00038180279079825 -2.6737184524536 1.8823220671038e-05
-0.042515493929386 0.0039713457226753 1.2354882955551 0.00056995800696313 0.00039173281402327 -2.6254343986511 7.6743213867303e-05
-0.045527227222919 -0.00088653713464737 1.2283364534378 0.00049160455819219 0.00028362812008709 -2.5777287483215 1.1950609405176e-05
-0.04850198328495 -0.0057341456413269 1.2212015390396 0.00047178956447169 0.00021430925698951 -2.5291237831116 7.9385099525098e-05
-0.051497042179108 -0.010590486228466 1.2140455245972 0.00043965439544991 0.00021271884907037 -2.4808390140533 6.9845824327786e-05
-0.054491490125656 -0.015427872538567 1.2069112062454 0.000283317087451 0.00019351301307324 -2.4328529834747 8.3357270341367e-05
-0.057497963309288 -0.020285181701183 1.1998081207275 4.7606972657377e-05 0.00013571008457802 -2.3851778507233 9.465903713135e-05
-0.060491606593132 -0.025170609354973 1.1926310062408 0.00010051090066554 0.00010274143278366 -2.3371233940125 9.3450253189076e-05
-0.063486859202385 -0.030031073838472 1.1854475736618 0.00015914323739707 -0.0001348320802208 -2.2885942459106 8.0536781752016e-05
-0.066462904214859 -0.034884177148342 1.1783031225204 -3.895351983374e-05 -0.00018366282165516 -2.2409920692444 -2.3572310965392e-05
-0.06947460770607 -0.039711028337479 1.1712082624435 -0.00016336218686774 -0.00038734389818273 -2.1926431655884 5.6157732615247e-05
-0.072465419769287 -0.044594526290894 1.1639983654022 -0.0001494671596447 -0.00058981537586078 -2.144877910614 2.9459843062796e-05
-0.075458236038685 -0.049458347260952 1.1568669080734 -0.00041852734284475 -0.00062054040608928 -2.0967392921448 -4.283819180273e-06
-0.078453570604324 -0.05427710711956 1.1497906446457 -0.00046331190969795 -0.00070757925277576 -2.048556804657 -9.3018988991389e-06
-0.081434510648251 -0.059124533087015 1.1426305770874 -0.00038816028973088 -0.00058131403056905 -2.000253200531 9.9973851774848e-07
-0.084450431168079 -0.064010344445705 1.1354460716248 -0.0002368238492636 -0.00032849318813533 -1.9526730775833 4.7074054236873e-06
-0.087431505322456 -0.068852871656418 1.128308057785 0.00013697492249776 0.00053092441521585 -1.9043787717819 8.5873027273919e-05
-0.090438820421696 -0.073754236102104 1.1211208105087 0.00080156844342127 0.001966931624338 -1.8573006391525 6.177622708492e-06
-0.093420967459679 -0.078582644462585 1.1140378713608 0.0010238338727504 0.0039125513285398 -1.8091218471527 8.2721788203344e-05
-0.096421256661415 -0.083443224430084 1.1068712472916 0.0015445509925485 0.0056639877147973 -1.7611783742905 3.8640655475319e-06
-0.099408075213432 -0.088316455483437 1.0996961593628 0.0016504398081452 0.0066712126135826 -1.7137359380722 2.9213219022495e-05
-0.1024182960391 -0.093153662979603 1.0925090312958 0.0014215701958165 0.0070399870164692 -1.6649676561356 3.3391555916751e-05
-0.10541697591543 -0.09795605391264 1.0854810476303 0.00095042341854423 0.0063664927147329 -1.6163058280945 4.5736087486148e-05
-0.10839591175318 -0.10287526249886 1.0782123804092 0.00078936270438135 0.0051910169422626 -1.5695062875748 5.0785958592314e-05
-0.11139453202486 -0.10769928246737 1.0710734128952 0.00041013106238097 0.0044573359191418 -1.5207985639572 2.4555594791309e-05
-0.11438179016113 -0.11259850114584 1.0639001131058 0.00042977737030014 0.0039284089580178 -1.4731106758118 0.00011557027028175
-0.11737984418869 -0.11743320524693 1.0568798780441 7.0842679633643e-06 0.0036131753586233 -1.4250991344452 3.8704689359292e-05
-0.12037925422192 -0.12228649109602 1.0496599674225 -8.4065984992776e-05 0.0034450313542038 -1.3771646022797 5.6245793530252e-05
-0.12336801737547 -0.12710443139076 1.0425518751144 -0.00023605280148331 0.0033017275854945 -1.3289963006973 2.8224078050698e-05
-0.1263684630394 -0.13197432458401 1.0353955030441 -0.00037869071820751 0.0032706272322685 -1.2805814743042 2.2483451175503e-05
-0.12935210764408 -0.13686361908913 1.0281462669373 -0.00038151012267917 0.003309843596071 -1.2332615852356 8.1779791798908e-05
-0.13236254453659 -0.14169655740261 1.0210577249527 -0.00058189232368022 0.0033132121898234 -1.1852469444275 8.726840314921e-05
-0.13535408675671 -0.1465569883585 1.0139112472534 -0.00070553901605308 0.0036123925819993 -1.1373624801636 0.00010109676804859
-0.13833673298359 -0.15141329169273 1.0067224502563 -0.001223246450536 0.0035463427193463 -1.0897443294525 1.2382777640596e-05
-0.14134629070759 -0.15626819431782 0.99946051836014 -0.0014869041042402 0.0038624748121947 -1.0415519475937 2.4735254555708e-05
-0.14430966973305 -0.16114631295204 0.99246084690094 -0.002201261697337 0.0043971724808216 -0.99458998441696 5.8594141592039e-05
-0.14730601012707 -0.16598507761955 0.98535335063934 -0.0028794023673981 0.0052177663892508 -0.94665950536728 0.00010898608888965
-0.15031789243221 -0.17083397507668 0.97816216945648 -0.0045042210258543 0.0066601065918803 -0.89908438920975 2.8737573302351e-05
-0.15330326557159 -0.1756801456213 0.97095906734467 -0.0076012369245291 0.0098218936473131 -0.85299867391586 2.5423340048292e-05
-0.15630452334881 -0.18053467571735 0.96380305290222 -0.016835160553455 0.018444502726197 -0.81027448177338 -6.4529554038018e-06
-0.1592698097229 -0.1853503882885 0.95663088560104 -0.044059488922358 0.043145660310984 -0.77862393856049 5.630711257254e-06
-0.16170385479927 -0.18944515287876 0.94983172416687 -0.079856313765049 0.075394041836262 -0.75194275379181 -0.0022079537156969
-0.15380595624447 -0.18025404214859 0.94974893331528 -0.0067623076029122 0.0075339623726904 -0.70979166030884 -0.0081630870699883
-0.14567126333714 -0.1708083152771 0.94967532157898 0.047067526727915 -0.040063206106424 -0.68593746423721 -0.014651503413916
-0.13743345439434 -0.16109552979469 0.94963580369949 0.010253727436066 -0.01009601354599 -0.7030001282692 -0.020731383934617
-0.12925361096859 -0.15149137377739 0.94980674982071 0.0048619238659739 -0.0049448921345174 -0.70485258102417 -0.026910502463579
-0.12105837464333 -0.14187273383141 0.94987320899963 0.0035834226291627 -0.0036491779610515 -0.70499813556671 -0.033295642584562
-0.1128799021244 -0.13228471577168 0.94976818561554 0.0029670395888388 -0.0029485314153135 -0.70537948608398 -0.039661522954702
-0.10469099879265 -0.12268351018429 0.94983464479446 0.0023391055874527 -0.0025091697461903 -0.70512610673904 -0.046081766486168
-0.096485942602158 -0.11307784169912 0.94980156421661 0.0021744857076555 -0.0021134212147444 -0.70542830228806 -0.052395064383745
-0.088297948241234 -0.10347461700439 0.94984221458435 0.001958649372682 -0.0020583840087056 -0.70553994178772 -0.05871069803834
-0.080095574259758 -0.093892335891724 0.9498063325882 0.0017564089503139 -0.0018821526318789 -0.70575720071793 -0.06510965526104
-0.071914672851562 -0.084287948906422 0.94976168870926 0.0017737080343068 -0.0017402195371687 -0.70600336790085 -0.071445152163506
-0.063726544380188 -0.074683181941509 0.9498330950737 0.0016030553961173 -0.0015223680529743 -0.70581215620041 -0.077667407691479
-0.058423042297363 -0.06847171485424 0.96656566858292 -0.00068703363649547 0.0014471953036264 -0.70656472444534 -0.088709130883217
-0.058403626084328 -0.068481735885143 1.0145111083984 -0.0014398363418877 0.0019294337835163 -0.70696359872818 -0.088684782385826
-0.058427110314369 -0.068521223962307 1.0624990463257 -0.0015237380284816 0.0024180524051189 -0.70693969726562 -0.088700860738754
-0.058428943157196 -0.068551197648048 1.1104134321213 -0.0015051981899887 0.0026943173725158 -0.70717227458954 -0.088653363287449
-0.058439299464226 -0.06856132298708 1.1584366559982 -0.0021168510429561 0.0029872434679419 -0.70690166950226 -0.08866012096405
-0.05846107006073 -0.06854335218668 1.2065887451172 -0.0024397361557931 0.0035061545204371 -0.70738279819489 -0.088547818362713
