-0.051910545676947 0.19633480906487 -1.732476234436 -1.6062533855438 -1.7053744792938 -0.00013140983355697 -7.0649894041708e-06
-0.079361587762833 0.17508742213249 -1.7337419986725 -1.5836620330811 -1.7811145782471 -0.00017599410784896 -1.198929567181e-05
-0.10531750321388 0.15261170268059 -1.7333993911743 -1.5614800453186 -1.8552613258362 -0.00023607560433447 8.4312698163558e-05
-0.12975540757179 0.12898346781731 -1.7316288948059 -1.5397121906281 -1.9278707504272 -0.00025443383492529 -1.1113153959741e-05
-0.15269032120705 0.10433766245842 -1.7283346652985 -1.5182888507843 -1.9990844726562 -0.00031093903817236 -6.5018463146771e-07
-0.17405596375465 0.078653782606125 -1.723503112793 -1.4975619316101 -2.0685133934021 -0.00039915391243994 6.6239903389942e-05
-0.19398990273476 0.052314251661301 -1.7172400951385 -1.4773726463318 -2.1363880634308 -0.00039438554085791 3.9988233766053e-05
-0.21249595284462 0.025011986494064 -1.7094693183899 -1.4578375816345 -2.2030169963837 -0.00046400376595557 -2.0935783595633e-06
-0.22960916161537 -0.0029032528400421 -1.7002403736115 -1.4391648769379 -2.268138885498 -0.0004079753998667 1.8823220671038e-05
-0.24547544121742 -0.031604796648026 -1.6894197463989 -1.4213182926178 -2.3323819637299 -0.00052837678231299 7.6743213867303e-05
-0.25995221734047 -0.060714989900589 -1.677321434021 -1.4042694568634 -2.3947494029999 -0.00046138116158545 1.1950609405176e-05
-0.27322641015053 -0.090357810258865 -1.6637392044067 -1.3881380558014 -2.4562375545502 -0.00044326134957373 7.9385099525098e-05
-0.28537932038307 -0.12045672535896 -1.6487226486206 -1.3730108737946 -2.5166237354279 -0.00045065232552588 6.9845824327786e-05
-0.29628053307533 -0.15073397755623 -1.632515668869 -1.3588364124298 -2.5751268863678 -0.00041322060860693 8.3357270341367e-05
-0.3062519133091 -0.1814229786396 -1.6148037910461 -1.3455965518951 -2.6334335803986 -0.00019268342293799 9.465903713135e-05
-0.31516137719154 -0.21248844265938 -1.5958051681519 -1.3333983421326 -2.6905174255371 -8.8017666712403e-05 9.3450253189076e-05
-0.323112398386 -0.2437484562397 -1.5755467414856 -1.3220281600952 -2.7466506958008 0.0003239696379751 8.0536781752016e-05
-0.33011594414711 -0.2750144302845 -1.5542271137238 -1.3116676807404 -2.8015689849854 0.00079508475027978 -2.3572310965392e-05
-0.33630862832069 -0.30631330609322 -1.5316722393036 -1.3019542694092 -2.8557693958282 0.0016023700591177 5.6157732615247e-05
-0.34166231751442 -0.33781626820564 -1.5080616474152 -1.2929513454437 -2.9091136455536 0.0028822009917349 2.9459843062796e-05
-0.34624448418617 -0.36909011006355 -1.4835016727448 -1.284304857254 -2.9617159366608 0.0046670027077198 -4.283819180273e-06
-0.3501116335392 -0.40031293034554 -1.4579493999481 -1.2758693695068 -3.0136613845825 0.0073992796242237 -9.3018988991389e-06
-0.35331264138222 -0.43150261044502 -1.4315631389618 -1.2673313617706 -3.0650990009308 0.011157710105181 9.9973851774848e-07
-0.35587301850319 -0.46229413151741 -1.4045929908752 -1.2586297988892 -3.1153664588928 0.015989977866411 4.7074054236873e-06
-0.35782399773598 -0.49299672245979 -1.3766705989838 -1.2500150203705 -3.1655027866364 0.021883685141802 8.5873027273919e-05
-0.35921302437782 -0.52370548248291 -1.347808599472 -1.2424495220184 -3.2146050930023 0.027747828513384 6.177622708492e-06
-0.36006346344948 -0.55441498756409 -1.3173878192902 -1.2373678684235 -3.2633559703827 0.032288271933794 8.2721788203344e-05
-0.36043348908424 -0.58608865737915 -1.2849316596985 -1.2366309165955 -3.3116936683655 0.033950049430132 3.8640655475319e-06
-0.36032238602638 -0.61870408058167 -1.2501533031464 -1.2409634590149 -3.3593332767487 0.031742293387651 2.9213219022495e-05
-0.35978665947914 -0.65224003791809 -1.2130358219147 -1.2495958805084 -3.4073610305786 0.026627738028765 3.3391555916751e-05
-0.35883417725563 -0.68595552444458 -1.1745493412018 -1.2605283260345 -3.4542052745819 0.020191866904497 4.5736087486148e-05
-0.35749188065529 -0.72015857696533 -1.1350464820862 -1.2716593742371 -3.5006949901581 0.014611918479204 5.0785958592314e-05
-0.35578790307045 -0.7540647983551 -1.0947241783142 -1.2819612026215 -3.5471837520599 0.010749060660601 2.4555594791309e-05
-0.35374894738197 -0.78776907920837 -1.0536293983459 -1.2917342185974 -3.5931556224823 0.0083143301308155 0.00011557027028175
-0.35141459107399 -0.82124805450439 -1.0117075443268 -1.3013203144073 -3.6387033462524 0.0069133825600147 3.8704689359292e-05
-0.34878721833229 -0.85538935661316 -0.96834349632263 -1.3116648197174 -3.684095621109 0.0059835501015186 5.6245793530252e-05
-0.34590044617653 -0.88954520225525 -0.92364859580994 -1.3227522373199 -3.7290666103363 0.0053598470985889 2.8224078050698e-05
-0.34272757172585 -0.9242742061615 -0.87701988220215 -1.3348853588104 -3.774069070816 0.0049168653786182 2.2483451175503e-05
-0.33937898278236 -0.95982813835144 -0.82856750488281 -1.3482210636139 -3.8184945583344 0.0045616216957569 8.1779791798908e-05
-0.33580437302589 -0.99583220481873 -0.77794480323792 -1.3629126548767 -3.8626778125763 0.0044414587318897 8.726840314921e-05
-0.33203473687172 -1.0329809188843 -0.72453856468201 -1.3792102336884 -3.9069037437439 0.00424500182271 0.00010109676804859
-0.32809630036354 -1.0711977481842 -0.66811227798462 -1.3972525596619 -3.9507343769073 0.0040452070534229 1.2382777640596e-05
-0.32400932908058 -1.1112561225891 -0.60765862464905 -1.4173908233643 -3.9944801330566 0.0040461607277393 2.4735254555708e-05
-0.31977239251137 -1.1532528400421 -0.54197597503662 -1.4402258396149 -4.0379538536072 0.0043794699013233 5.8594141592039e-05
-0.31543532013893 -1.1981997489929 -0.46953988075256 -1.4665334224701 -4.0812397003174 0.0049311704933643 0.00010898608888965
-0.31102100014687 -1.2478828430176 -0.38695645332336 -1.4971718788147 -4.1241102218628 0.0059301443397999 2.8737573302351e-05
-0.30667820572853 -1.3041896820068 -0.28896331787109 -1.5338540077209 -4.165771484375 0.0082609243690968 2.5423340048292e-05
-0.30271950364113 -1.3705763816833 -0.16708588600159 -1.5753970146179 -4.2042798995972 0.014422614127398 -6.4529554038018e-06
-0.30012384057045 -1.434627532959 -0.041434288024902 -1.5961625576019 -4.2338905334473 0.031787592917681 5.630711257254e-06
-0.29789415001869 -1.4563410282135 0.00046610832214355 -1.5635323524475 -4.2580919265747 0.054093558341265 -0.0022079537156969
-0.28607335686684 -1.458550453186 -0.025244951248169 -1.6467397212982 -4.2885060310364 0.0058357305824757 -0.0081630870699883
-0.27624788880348 -1.3756716251373 -0.22078704833984 -1.6126246452332 -4.3026571273804 -0.028012555092573 -0.014651503413916
-0.27200332283974 -1.2494080066681 -0.46408748626709 -1.4438030719757 -4.2816066741943 -0.0075357370078564 -0.020731383934617
-0.26544538140297 -1.1883451938629 -0.58533048629761 -1.3755195140839 -4.2731966972351 -0.0038860253989697 -0.026910502463579
-0.25847020745277 -1.140177488327 -0.68201875686646 -1.3249995708466 -4.2659182548523 -0.002936165779829 -0.033295642584562
-0.25128093361855 -1.098304271698 -0.76624798774719 -1.281750202179 -4.2583951950073 -0.0023575238883495 -0.039661522954702
-0.24381294846535 -1.0601687431335 -0.8422212600708 -1.2431247234344 -4.2508625984192 -0.0021031312644482 -0.046081766486168
-0.23610225319862 -1.0251660346985 -0.91205143928528 -1.2078685760498 -4.2429986000061 -0.0018344335258007 -0.052395064383745
-0.2281633913517 -0.99236536026001 -0.9771146774292 -1.1752653121948 -4.2348885536194 -0.0017307214438915 -0.05871069803834
-0.21993294358253 -0.96156692504883 -1.0381677150726 -1.1447587013245 -4.2265787124634 -0.0016115121543407 -0.06510965526104
-0.21146360039711 -0.93238973617554 -1.0959951877594 -1.1161067485809 -4.2180080413818 -0.001532357186079 -0.071445152163506
-0.20265546441078 -0.90415334701538 -1.1512184143066 -1.0887906551361 -4.2092609405518 -0.0014400891959667 -0.077667407691479
-0.19689789414406 -0.86521482467651 -1.1774170398712 -1.0975589752197 -4.2029247283936 0.0011887140572071 -0.088709130883217
-0.19694820046425 -0.81385469436646 -1.1396555900574 -1.1857726573944 -4.2024402618408 0.0019054003059864 -0.088684782385826
-0.19695630669594 -0.77247595787048 -1.0852189064026 -1.2812724113464 -4.2025480270386 0.0023994036018848 -0.088700860738754
-0.19698491692543 -0.74203634262085 -1.0131189823151 -1.3833916187286 -4.2022905349731 0.0025815553963184 -0.088653363287449
-0.19700589776039 -0.7242317199707 -0.92025232315063 -1.493575334549 -4.2022948265076 0.0027117319405079 -0.08866012096405
-0.19709077477455 -0.72191309928894 -0.80119705200195 -1.6142325401306 -4.2018632888794 0.0033001489937305 -0.088547818362713
