-4.3958195306004e-08 2.356269703796e-07 0.91483896970749
1.415711992081e-08 2.8491280090748e-07 0.91483902931213
-4.1979672005255e-07 3.4377026736365e-07 0.91483914852142
-7.5809811050931e-07 6.5623805767245e-07 0.91483914852142
-7.9694700616528e-07 2.7013282988264e-07 0.9148388504982
-8.9842325223799e-07 1.2356677814296e-07 0.9148388504982
-6.626835897805e-07 3.5496938721735e-07 0.91483891010284
-7.4521597070998e-07 6.2155658042684e-07 0.91483908891678
-3.8415953440563e-07 5.957562052572e-07 0.91483932733536
-5.7027034472412e-07 3.0044387244743e-07 0.91483932733536
-4.7152141746665e-07 6.6621524297261e-08 0.91483944654465
-6.3215486534318e-07 -4.7137032765932e-07 0.91483956575394
-6.1081328794899e-07 -6.4449915271325e-07 0.91483968496323
-2.7111198619423e-07 -1.2664747828239e-06 0.91483986377716
6.502646243689e-08 -1.3169265002944e-06 0.91483968496323
1.4044175600247e-07 -1.2911308431285e-06 0.91483968496323
2.1588153487073e-09 -1.3315748219611e-06 0.91483992338181
-7.3725900051613e-08 -1.488209704803e-06 0.91483980417252
1.4184193730671e-07 -1.1844277878481e-06 0.91483968496323
-5.9515032901913e-09 -8.9888442289521e-07 0.91483968496323
-1.1165698765581e-07 -1.0108145716003e-06 0.91483956575394
7.7061450554083e-09 -8.4048139115112e-07 0.91483980417252
1.4223996913643e-07 -8.4914211129217e-07 0.91483968496323
1.6751658904468e-07 -1.0118934596903e-06 0.91483980417252
5.0018826414089e-07 -9.625348411646e-07 0.91483974456787
2.6069631076098e-07 -1.0579182116999e-06 0.91483998298645
5.8645014178182e-07 -6.835839485575e-07 0.91484004259109
2.7970327209914e-07 -4.9335176299792e-07 0.91484004259109
3.1232650599122e-07 -6.1968194131623e-07 0.91484010219574
4.4432428580876e-07 -5.5544109045513e-07 0.91484010219574
5.343905513655e-07 -7.2314520593864e-07 0.91484004259109
8.0347030007033e-07 -5.6353587751801e-07 0.91484016180038
4.1093730374087e-07 -7.5889431627729e-07 0.91484004259109
5.8012489034809e-07 -8.8736692305247e-07 0.91484004259109
7.7788388352928e-07 -9.1756584197356e-07 0.91484022140503
8.7590132125115e-07 -9.8071359388996e-07 0.91484040021896
1.1124569709864e-06 -8.0365930443804e-07 0.91484040021896
8.5449545395022e-07 -6.4460044768566e-07 0.91484040021896
4.8005648523031e-07 -7.6308424468152e-07 0.91484040021896
1.0460245221111e-06 -9.9246631179994e-07 0.91484051942825
6.8088576199443e-07 -1.228604901371e-06 0.91484040021896
8.1259958051305e-07 -1.2671872582359e-06 0.91484034061432
9.0121028506474e-07 -1.4108406958258e-06 0.91484045982361
1.0672504231479e-06 -1.2541981959657e-06 0.9148405790329
1.4311915492726e-06 -1.36355788527e-06 0.91484045982361
1.9810245248664e-06 -1.28686053813e-06 0.91484045982361
1.6376155826947e-06 -1.1930111440961e-06 0.91484063863754
1.3393018889474e-06 -1.3401391925072e-06 0.91484081745148
1.250478703696e-06 -1.5309665286622e-06 0.91484099626541
1.5823414969418e-06 -9.1660734824472e-07 0.91484117507935
1.7481088434579e-06 -1.1512516948642e-06 0.91484105587006
1.3809286656397e-06 -1.5044332712932e-06 0.91484087705612
1.2501956234701e-06 -1.7260032336708e-06 0.91484093666077
1.0414090638733e-06 -1.9478129615891e-06 0.91484117507935
1.0366112519478e-06 -1.6019830582081e-06 0.91484117507935
1.2418006463122e-06 -1.4126691212368e-06 0.91484123468399
1.3442655699691e-06 -1.0630734550432e-06 0.91484135389328
7.5727780313173e-07 -9.6999156085076e-07 0.91484153270721
9.7499150797375e-07 -1.4543600173056e-06 0.9148416519165
1.2159171092208e-06 -1.6925904446907e-06 0.91484171152115
1.177305193778e-06 -2.132405370503e-06 0.91484183073044
1.6754877378844e-06 -2.2995936888037e-06 0.91484194993973
-3.1242292607203e-05 9.0695131802931e-05 0.92643201351166
4.6496326831402e-05 0.0001045900862664 0.97377878427505
-5.9773239627248e-05 0.00017240023589693 1.0210369825363
3.4268123272341e-05 0.0003279234515503 1.0681930780411
-9.503170986136e-06 0.00031607167329639 1.1152803897858
0.00025826951605268 0.00032218935666606 1.1626665592194
