-0.016856614500284 0.048061475157738 1.2990083694458 0.00095150654669851 0.00014834458124824 -3.0592947006226 0.00011578526027733
-0.0205447524786 0.043415442109108 1.2914336919785 0.00084583967691287 0.00015171157428995 -3.0105919837952 4.8315896492568e-06
-0.0242227204144 0.038783386349678 1.2838778495789 0.00079515646211803 0.0002300405758433 -2.9626498222351 2.8638878575293e-05
-0.027901362627745 0.034137651324272 1.2762842178345 0.00073871813947335 0.00038565465365537 -2.9140682220459 7.8802069765516e-05
-0.031587958335876 0.029480457305908 1.268711566925 0.00082870619371533 0.00032622425351292 -2.8659343719482 3.5865930840373e-05
-0.035262070596218 0.024828359484673 1.2611473798752 0.00076270254794508 0.00019897340098396 -2.8182594776154 7.4944749940187e-05
-0.038968674838543 0.020187497138977 1.2535767555237 0.00060280389152467 0.00042171560926363 -2.7703182697296 7.8227873018477e-05
-0.042662523686886 0.015535324811935 1.2460327148438 0.0007699885754846 0.000285161746433 -2.7223739624023 1.4672219549539e-05
-0.046316489577293 0.010916538536549 1.2384297847748 0.00057370308786631 0.00029006577096879 -2.6737675666809 4.1829549445538e-05
-0.050005689263344 0.0062638744711876 1.2308788299561 0.0006150760455057 0.00045032447087578 -2.6259794235229 7.010323315626e-05
-0.053680792450905 0.0016214028000832 1.2232930660248 0.00057721755001694 0.00038656563265249 -2.5775101184845 0.00010330006625736
-0.057381093502045 -0.003030426800251 1.2157269716263 0.00047624667058699 0.00031634472543374 -2.5294091701508 8.6250311142066e-06
-0.061071470379829 -0.0076603591442108 1.2081650495529 0.0004056770412717 0.00035846058744937 -2.4811182022095 -1.1275787983323e-05
-0.064735561609268 -0.012318789958954 1.2005994319916 0.00032702562748455 0.0003206321853213 -2.4333572387695 2.3073644115357e-05
-0.068431064486504 -0.016980789601803 1.1929893493652 0.00024354497145396 0.0002780674258247 -2.3850984573364 9.0831890702248e-05
-0.072100296616554 -0.021618325263262 1.1854546070099 9.676773333922e-05 9.0243833255954e-05 -2.3374643325806 2.642998151714e-05
-0.075786679983139 -0.026258692145348 1.1778608560562 0.0001117181891459 -5.6777505960781e-05 -2.288773059845 7.0238675107248e-05
-0.079481959342957 -0.030898619443178 1.1702733039856 -7.215334335342e-06 -0.00017964819562621 -2.2408311367035 1.4214803741197e-05
-0.083164274692535 -0.035565372556448 1.1626954078674 -8.2609250966925e-05 -0.00021693416056223 -2.192955493927 6.5442312916275e-05
-0.086862072348595 -0.040208283811808 1.1551461219788 -0.00018915509281214 -0.00041894131572917 -2.1449151039124 5.8892306697089e-05
-0.090529203414917 -0.044836491346359 1.1475695371628 -0.00027824452263303 -0.00067837751703337 -2.096625328064 2.5271463528043e-05
-0.094208918511868 -0.049448177218437 1.1400221586227 -0.00032348855165765 -0.00072990538319573 -2.0484325885773 5.905451689614e-05
-0.097900688648224 -0.054124940186739 1.1324057579041 -0.00021325226407498 -0.00047156729851849 -2.0009503364563 0.00010243996803183
-0.10158607363701 -0.058781385421753 1.1248004436493 0.00014108595496509 0.00015916663687676 -1.9527646303177 9.6101932285819e-05
-0.10527027398348 -0.063407115638256 1.1173090934753 0.00049119297182187 0.0013386450009421 -1.9045341014862 -1.7340478279948e-06
-0.1089563369751 -0.06806617975235 1.1096742153168 0.0010032418649644 0.0028644762933254 -1.856654047966 5.4295829613693e-05
-0.11261720955372 -0.072742015123367 1.1021275520325 0.0013720054412261 0.0046243127435446 -1.8095571994781 -1.6618796507828e-05
-0.11632260680199 -0.077366858720779 1.0945539474487 0.001759595470503 0.0060473657213151 -1.7610524892807 -8.3562390500447e-06
-0.12000861018896 -0.082005053758621 1.0869890451431 0.0016960558714345 0.0065889647230506 -1.7135637998581 6.8656998337246e-05
-0.12367635965347 -0.086662821471691 1.0793921947479 0.0013340853620321 0.0061251474544406 -1.6654231548309 1.9790044461843e-05
-0.12736302614212 -0.091273277997971 1.071853518486 0.00095642043743283 0.0053486418910325 -1.6166368722916 -2.3514183340012e-05
-0.13103510439396 -0.095932736992836 1.0642926692963 0.00064945092890412 0.0045951153151691 -1.5690733194351 3.8886842958163e-05
-0.13475134968758 -0.10057471692562 1.0567140579224 0.0003444564063102 0.0039230179972947 -1.5205860137939 -4.0063796404866e-06
-0.1384172141552 -0.10522975772619 1.0490901470184 0.00017353618750349 0.0033793835900724 -1.4732102155685 5.8347272897663e-06
-0.14208999276161 -0.10984992980957 1.0415329933167 0.00026880405494012 0.0033779109362513 -1.4249700307846 8.4888342826162e-05
-0.14579121768475 -0.11447731405497 1.0341093540192 -0.00032678723800927 0.0032471381127834 -1.3769073486328 3.6656587326434e-05
-0.14944984018803 -0.11917291581631 1.0262928009033 3.4314984077355e-05 0.0031463908962905 -1.329251408577 7.7247859735508e-05
-0.15314097702503 -0.12378663569689 1.0189055204391 -0.00056742364540696 0.0031067810487002 -1.2811315059662 3.2203664886765e-05
-0.15683338046074 -0.1284264177084 1.0111933946609 -0.00028050030232407 0.0031787166371942 -1.2330657243729 7.9371842730325e-05
-0.16051894426346 -0.13306149840355 1.0036749839783 -0.00070712133310735 0.0033321399241686 -1.1848900318146 9.6581075922586e-05
-0.16418911516666 -0.13772462308407 0.99604117870331 -0.00079099298454821 0.0034760409034789 -1.1373687982559 1.3106826372677e-05
-0.16791081428528 -0.14237838983536 0.98844087123871 -0.0011523546418175 0.0037852723617107 -1.0892004966736 4.4121559767518e-05
-0.17157562077045 -0.14700838923454 0.98092865943909 -0.0016282119322568 0.0041028806008399 -1.0416489839554 -5.2585824050766e-06
-0.17526079714298 -0.15166002511978 0.97336220741272 -0.0023484996054322 0.0047975527122617 -0.9942455291748 -6.7097366809321e-06
-0.17895838618279 -0.15629115700722 0.96567577123642 -0.0032143443822861 0.0059325671754777 -0.9461607336998 1.5620971680619e-05
-0.18262474238873 -0.16095405817032 0.95809704065323 -0.0055544101633132 0.0079416278749704 -0.89988857507706 1.8312641259399e-05
-0.18630935251713 -0.16556645929813 0.95065635442734 -0.010872399434447 0.013320594094694 -0.85490477085114 6.1806473240722e-05
-0.17776337265968 -0.15815734863281 0.94973295927048 0.012016996741295 -0.014341806992888 -0.83682638406754 3.1354025850305e-05
-0.168143466115 -0.14962118864059 0.94986516237259 0.0063029411248863 -0.008577118627727 -0.84072309732437 0.00010904645023402
-0.15855480730534 -0.14105056226254 0.94976687431335 0.0041773417033255 -0.0056023276410997 -0.84163862466812 -9.1956289907102e-06
-0.14894606173038 -0.13252621889114 0.94986569881439 0.0030336293857545 -0.0041928803548217 -0.84222757816315 -1.3559201761382e-05
-0.13933077454567 -0.12398232519627 0.94977927207947 0.0025162999518216 -0.0035660611465573 -0.84243154525757 5.0244857447979e-06
-0.1297572851181 -0.11541580408812 0.94977790117264 0.0022959432099015 -0.0029545421712101 -0.84244149923325 9.6371251856908e-05
-0.12014438211918 -0.10689374804497 0.94983172416687 0.0017145709134638 -0.0027732476592064 -0.8429206609726 1.3539992323786e-05
-0.11056083440781 -0.09834598749876 0.94980657100677 0.001644954783842 -0.0023795203305781 -0.84244847297668 -4.1447383409832e-05
-0.10093525052071 -0.089820459485054 0.94984817504883 0.0015742242103443 -0.0023569723125547 -0.84356462955475 -8.3212798926979e-06
-0.091358006000519 -0.081253580749035 0.94991672039032 0.0013245438458398 -0.002081573009491 -0.84289371967316 3.7391961086541e-05
-0.081761226058006 -0.072722002863884 0.94985115528107 0.0013429913669825 -0.0019740727730095 -0.84293103218079 1.9614166376414e-05
-0.072159871459007 -0.064174823462963 0.94987905025482 0.0013107073027641 -0.0018431023927405 -0.8428430557251 1.4385575013875e-05
-0.062573954463005 -0.055644191801548 0.9499009847641 0.0010876241140068 -0.0018479992868379 -0.8433855175972 2.0146877432126e-05
-0.052973121404648 -0.047102276235819 0.94994366168976 0.00090889015700668 -0.0016449724789709 -0.84319019317627 9.432857768843e-05
-0.043400570750237 -0.038569170981646 0.94992887973785 0.0010252369102091 -0.0015502799069509 -0.84289795160294 4.8815414629644e-05
-0.033803939819336 -0.030034437775612 0.94995415210724 0.00098796363454312 -0.0015989983221516 -0.84275645017624 -1.8971415556734e-05
-0.024193406105042 -0.021485723555088 0.94991785287857 0.00099611259065568 -0.0015570732066408 -0.84304368495941 3.3462531519035e-06
-0.014569588005543 -0.012950025498867 0.94988775253296 0.00067289778962731 -0.0012687764829025 -0.84317368268967 2.5451317924308e-05
-0.0049920082092285 -0.0044163763523102 0.94993841648102 0.00094449281459674 -0.0014651222154498 -0.84240627288818 4.9313430281472e-06
0.0045947507023811 0.004134077578783 0.94996511936188 0.00086079479660839 -0.00066998723195866 -0.84273701906204 7.9142118920572e-05
0.014206930994987 0.012683290988207 0.94993102550507 0.00089629681315273 -0.001436869148165 -0.84300220012665 7.9281264333986e-05
0.023799166083336 0.021203737705946 0.9499397277832 0.00088628358207643 -0.0014632826205343 -0.84275591373444 1.216787723024e-06
0.033427260816097 0.029763963073492 0.94993531703949 0.00087381131015718 -0.0012647499097511 -0.84340143203735 6.3878047512844e-05
0.043029509484768 0.03830436989665 0.94993698596954 0.00094921328127384 -0.0013299388810992 -0.84298539161682 2.2538744815392e-05
0.05263128131628 0.046822268515825 0.94995069503784 0.0007589072920382 -0.001301376032643 -0.84351927042007 -1.4251821994549e-05
0.06222440302372 0.055365320295095 0.94993472099304 0.00091396539937705 -0.0012935939012095 -0.84351378679276 0.00010617711086525
0.071822755038738 0.063913054764271 0.94995415210724 0.00075398158514872 -0.0012756917858496 -0.84314328432083 3.0255110686994e-05
0.081421338021755 0.072452329099178 0.94996786117554 0.00085096037946641 -0.0011883324477822 -0.84308642148972 -9.826085261011e-06
0.091011993587017 0.080991216003895 0.94997107982635 0.00094019144307822 -0.0013268480543047 -0.84325003623962 2.602495260362e-05
0.1006061732769 0.089532531797886 0.94997954368591 0.00082353397738189 -0.0014217486605048 -0.84308910369873 4.0916784200817e-05
0.11021512746811 0.098071068525314 0.94997370243073 0.00089679408119991 -0.0013011147966608 -0.84303277730942 4.8505735321669e-05
0.11981832236052 0.10660533607006 0.9499763250351 0.00078700779704377 -0.0014089377364144 -0.84291696548462 -5.1963434088975e-06
0.12942600250244 0.11515562236309 0.94996452331543 0.00086828228086233 -0.0016295358072966 -0.84278064966202 9.9795892310794e-05
0.13901370763779 0.1236752346158 0.94998109340668 0.00093013199511915 -0.0014295531436801 -0.8433558344841 2.4706714611966e-05
0.14863499999046 0.13223308324814 0.94997817277908 0.0009388342150487 -0.0013743351446465 -0.84314465522766 9.9636003142223e-05
0.15821118652821 0.14077650010586 0.94997578859329 0.00096861831843853 -0.001478388090618 -0.84329700469971 4.6916316932766e-05
0.16779533028603 0.14932975172997 0.94998073577881 0.0010091756703332 -0.0015663311351091 -0.84251320362091 5.6597755246912e-06
0.17739476263523 0.15787073969841 0.94997423887253 0.00099034036975354 -0.0015369090251625 -0.84307736158371 5.0825703510782e-05
