-0.056008961051702 0.19606921076775 -1.7342395782471 -1.6043021678925 -1.709260225296 -9.8031232482754e-05 0.00011578526027733
-0.085656315088272 0.17448946833611 -1.7363114356995 -1.5805633068085 -1.787237405777 -0.0001199657417601 4.8315896492568e-06
-0.11359682679176 0.15162894129753 -1.7367351055145 -1.5572662353516 -1.8634195327759 -0.00029162713326514 2.8638878575293e-05
-0.13996401429176 0.12746950984001 -1.735591173172 -1.5342648029327 -1.9380011558533 -0.00033978768624365 7.8802069765516e-05
-0.16456642746925 0.10225483775139 -1.7328388690948 -1.5118496417999 -2.0104072093964 -0.00040249177254736 3.5865930840373e-05
-0.18772807717323 0.075947731733322 -1.7284767627716 -1.4899079799652 -2.0820462703705 -0.00046734162606299 7.4944749940187e-05
-0.20924726128578 0.048794716596603 -1.7225277423859 -1.4686672687531 -2.1514985561371 -0.00049762078560889 7.8227873018477e-05
-0.22917333245277 0.020815342664719 -1.7149908542633 -1.4482278823853 -2.2191159725189 -0.00054268189705908 1.4672219549539e-05
-0.24776259064674 -0.0080139935016632 -1.7058999538422 -1.4285125732422 -2.286247253418 -0.00049762078560889 4.1829549445538e-05
-0.26491370797157 -0.03755047917366 -1.6951651573181 -1.4097194671631 -2.3517501354218 -0.00060538598336279 7.010323315626e-05
-0.28063002228737 -0.067614823579788 -1.6829860210419 -1.3918714523315 -2.4155569076538 -0.00061826058663428 0.00010330006625736
-0.29506793618202 -0.098116904497147 -1.6693487167358 -1.3749129772186 -2.4780848026276 -0.00065330811776221 8.6250311142066e-06
-0.30823174118996 -0.12910702824593 -1.6542012691498 -1.3590295314789 -2.5393388271332 -0.00059203454293311 -1.1275787983323e-05
-0.32022181153297 -0.1603732407093 -1.6377010345459 -1.3440747261047 -2.5994095802307 -0.00045637437142432 2.3073644115357e-05
-0.33108559250832 -0.19215753674507 -1.6197183132172 -1.3302557468414 -2.6583898067474 -0.00044135400094092 9.0831890702248e-05
-0.34085121750832 -0.22389295697212 -1.6004886627197 -1.3174419403076 -2.7160942554474 -0.00020555802620947 2.642998151714e-05
-0.34962239861488 -0.25601437687874 -1.579859495163 -1.3055934906006 -2.7729775905609 0.00020714453421533 7.0238675107248e-05
-0.35750237107277 -0.28823736310005 -1.5580561161041 -1.2945404052734 -2.8289952278137 0.00088520697318017 1.4214803741197e-05
-0.36440911889076 -0.32059195637703 -1.5349569320679 -1.2844903469086 -2.8839499950409 0.0016057079192251 6.5442312916275e-05
-0.37050810456276 -0.35282376408577 -1.5108127593994 -1.2749817371368 -2.9380254745483 0.0030800884123892 5.8892306697089e-05
-0.37576308846474 -0.38498523831367 -1.4857993125916 -1.2656946182251 -2.9911975860596 0.0051676817238331 2.5271463528043e-05
-0.38031688332558 -0.41700294613838 -1.4597501754761 -1.2565546035767 -3.0439915657043 0.0082542486488819 5.905451689614e-05
-0.38413706421852 -0.44885948300362 -1.4329464435577 -1.2474119663239 -3.0955362319946 0.012352664023638 0.00010243996803183
-0.38730445504189 -0.48058250546455 -1.4052085876465 -1.2383258342743 -3.1469266414642 0.017533022910357 9.6101932285819e-05
-0.38983598351479 -0.51186227798462 -1.3766260147095 -1.2297739982605 -3.1973028182983 0.023256976157427 -1.7340478279948e-06
-0.39180460572243 -0.5436429977417 -1.3466014862061 -1.2230670452118 -3.2472269535065 0.028310019522905 5.4295829613693e-05
-0.39320316910744 -0.5756630897522 -1.3148665428162 -1.2199125289917 -3.2964768409729 0.031065661460161 -1.6618796507828e-05
-0.3941093981266 -0.60864734649658 -1.2807676792145 -1.2216808795929 -3.345543384552 0.030454833060503 -8.3562390500447e-06
-0.3945406973362 -0.64247131347656 -1.2444751262665 -1.2280521392822 -3.3939146995544 0.02644844725728 6.8656998337246e-05
-0.39450159668922 -0.6768217086792 -1.2064654827118 -1.237377166748 -3.4417488574982 0.020743567496538 1.9790044461843e-05
-0.39405217766762 -0.71147298812866 -1.1671142578125 -1.2475838661194 -3.4894251823425 0.015272337943316 -2.3514183340012e-05
-0.39320221543312 -0.74589872360229 -1.1271560192108 -1.2570605278015 -3.5366578102112 0.011234480887651 3.8886842958163e-05
-0.39199486374855 -0.78021240234375 -1.0862612724304 -1.2661635875702 -3.5834391117096 0.0086071081459522 -4.0063796404866e-06
-0.39042869210243 -0.81468272209167 -1.0444169044495 -1.2753131389618 -3.6299502849579 0.006984431296587 5.8347272897663e-06
-0.38857474923134 -0.84908485412598 -1.0014560222626 -1.2849183082581 -3.6758933067322 0.0059463568031788 8.4888342826162e-05
-0.38644233345985 -0.88349008560181 -0.95704770088196 -1.2950429916382 -3.7217440605164 0.0054132528603077 3.6656587326434e-05
-0.3840049803257 -0.91900563240051 -0.91095042228699 -1.3064603805542 -3.767138004303 0.0049087591469288 7.7247859735508e-05
-0.38132753968239 -0.95450949668884 -0.86295223236084 -1.3190672397614 -3.8124823570251 0.0044619627296925 3.2203664886765e-05
-0.37840643525124 -0.99106597900391 -0.8128616809845 -1.3329627513885 -3.8576698303223 0.0042211599647999 7.9371842730325e-05
-0.37528935074806 -1.0283184051514 -0.76033759117126 -1.348356962204 -3.9023537635803 0.0040022917091846 9.6581075922586e-05
-0.37200799584389 -1.0666782855988 -0.70491409301758 -1.3652913570404 -3.9468054771423 0.0038916654884815 1.3106826372677e-05
-0.36851516366005 -1.1064443588257 -0.64572691917419 -1.3843042850494 -3.9915039539337 0.003935057669878 4.4121559767518e-05
-0.36490646004677 -1.1479847431183 -0.58238554000854 -1.4057011604309 -4.0353741645813 0.0040843077003956 -5.2585824050766e-06
-0.36115208268166 -1.1921403408051 -0.51288843154907 -1.4300575256348 -4.079288482666 0.0044686384499073 -6.7097366809321e-06
-0.35728397965431 -1.240226984024 -0.43475961685181 -1.4586162567139 -4.123034954071 0.0051624365150928 1.5620971680619e-05
-0.35341015458107 -1.2936060428619 -0.34453701972961 -1.4921903610229 -4.1658406257629 0.0066053457558155 1.8312641259399e-05
-0.34969654679298 -1.3553025722504 -0.23441386222839 -1.5322740077972 -4.2070698738098 0.010020930320024 6.1806473240722e-05
-0.34034863114357 -1.3087139129639 -0.34393692016602 -1.5102701187134 -4.2158389091492 -0.010736029595137 3.1354025850305e-05
-0.33295431733131 -1.232813835144 -0.49598741531372 -1.4250242710114 -4.2049784660339 -0.0068793706595898 0.00010904645023402
-0.32505550980568 -1.1771507263184 -0.60809636116028 -1.3643393516541 -4.1957125663757 -0.0045385770499706 -9.1956289907102e-06
-0.31678310036659 -1.1309235095978 -0.70079970359802 -1.3159055709839 -4.1868443489075 -0.0034404210746288 -1.3559201761382e-05
-0.30820146203041 -1.0902795791626 -0.7824113368988 -1.2740340232849 -4.1781144142151 -0.0029828958213329 5.0244857447979e-06
-0.29938331246376 -1.0532841682434 -0.85628771781921 -1.2364683151245 -4.1691069602966 -0.002649825066328 9.6371251856908e-05
-0.29025688767433 -1.0190691947937 -0.92421340942383 -1.2022037506104 -4.1598596572876 -0.0024662427604198 1.3539992323786e-05
-0.2808350622654 -0.98719263076782 -0.9876446723938 -1.1703245639801 -4.1502995491028 -0.0022151879966259 -4.1447383409832e-05
-0.2711493074894 -0.95683622360229 -1.0474207401276 -1.1406209468842 -4.1401343345642 -0.0020871572196484 -8.3212798926979e-06
-0.2610322535038 -0.92813563346863 -1.103880405426 -1.1125662326813 -4.1305060386658 -0.001964133232832 3.7391961086541e-05
-0.25067368149757 -0.90071964263916 -1.1578481197357 -1.0859208106995 -4.1196756362915 -0.0019057206809521 1.9614166376414e-05
-0.23989406228065 -0.87441277503967 -1.2092733383179 -1.0606894493103 -4.1092953681946 -0.0018170289695263 1.4385575013875e-05
-0.22879663109779 -0.84893321990967 -1.2589900493622 -1.0363025665283 -4.0978751182556 -0.0018406324088573 2.0146877432126e-05
-0.21732321381569 -0.82427883148193 -1.3066816329956 -1.0130040645599 -4.0864520072937 -0.0016947202384472 9.432857768843e-05
-0.20542493462563 -0.80049538612366 -1.3527402877808 -0.99067735671997 -4.0745129585266 -0.0016975812613964 4.8815414629644e-05
-0.19313231110573 -0.77736830711365 -1.3972597122192 -0.96930456161499 -4.062153339386 -0.0017443113029003 -1.8971415556734e-05
-0.18030014634132 -0.75488901138306 -1.4404392242432 -0.94860148429871 -4.0496621131897 -0.0017376355826855 3.3462531519035e-06
-0.16712465882301 -0.73284578323364 -1.4826011657715 -0.92828822135925 -4.0361866950989 -0.0017536096274853 2.5451317924308e-05
-0.15336552262306 -0.7114245891571 -1.5233035087585 -0.90911221504211 -4.022599697113 -0.0017233304679394 4.9313430281472e-06
-0.13919273018837 -0.69033288955688 -1.5631177425385 -0.89029002189636 -4.0083494186401 -0.0017538480460644 7.9142118920572e-05
-0.12443652749062 -0.66984844207764 -1.6018557548523 -0.87221622467041 -3.9935479164124 -0.0017481260001659 7.9281264333986e-05
-0.10912290215492 -0.64973711967468 -1.6395814418793 -0.85472178459167 -3.9783289432526 -0.0018952302634716 1.216787723024e-06
-0.093253761529922 -0.62987923622131 -1.6766221523285 -0.83739709854126 -3.96226811409 -0.0018554143607616 6.3878047512844e-05
-0.07670846581459 -0.61047124862671 -1.7126395702362 -0.82085585594177 -3.9457681179047 -0.0017893724143505 2.2538744815392e-05
-0.059564977884293 -0.59132218360901 -1.747891664505 -0.80472373962402 -3.9286415576935 -0.0018878392875195 -1.4251821994549e-05
-0.041721493005753 -0.57260918617249 -1.7822906970978 -0.78914284706116 -3.9108533859253 -0.0020051412284374 0.00010617711086525
-0.023186594247818 -0.5540611743927 -1.8160247802734 -0.77381658554077 -3.8923256397247 -0.0019250325858593 3.0255110686994e-05
-0.003866583108902 -0.53589105606079 -1.8489737510681 -0.75917506217957 -3.8730437755585 -0.00206283852458 -9.826085261011e-06
0.016217797994614 -0.5179762840271 -1.8812203407288 -0.74487686157227 -3.8528156280518 -0.0021417550742626 2.602495260362e-05
0.037075608968735 -0.50034594535828 -1.9127008914948 -0.73110437393188 -3.8318982124329 -0.0022790841758251 4.0916784200817e-05
0.058849900960922 -0.48300218582153 -1.9434924125671 -0.71773076057434 -3.8101651668549 -0.0023158006370068 4.8505735321669e-05
0.081510156393051 -0.46594882011414 -1.973503112793 -0.70491814613342 -3.787627696991 -0.0025186948478222 -5.1963434088975e-06
0.1051422059536 -0.44912457466125 -2.0029277801514 -0.69236969947815 -3.7640087604523 -0.002515833824873 9.9795892310794e-05
0.12966737151146 -0.43263363838196 -2.0315256118774 -0.68050122261047 -3.7394819259644 -0.0027804784476757 2.4706714611966e-05
0.15529546141624 -0.41632914543152 -2.059506893158 -0.66898322105408 -3.7139308452606 -0.0028853826224804 9.9636003142223e-05
0.18192967772484 -0.40035700798035 -2.0867657661438 -0.65802240371704 -3.6871793270111 -0.0031869821250439 4.6916316932766e-05
0.20968827605247 -0.38472127914429 -2.1131136417389 -0.64753198623657 -3.6598603725433 -0.0035157613456249 5.6597755246912e-06
0.23852023482323 -0.36928009986877 -2.1389317512512 -0.63751149177551 -3.630654335022 -0.0038240365684032 5.0825703510782e-05
