-3.4900764944723e-07 -4.6229558847699e-07 0.91483908891678
1.2741395494231e-07 -8.4534258348867e-07 0.91483920812607
-4.0827043790159e-07 -1.0976714293065e-06 0.91483926773071
-5.3800057742137e-08 -1.2185500963824e-06 0.91483926773071
-1.0853464971206e-07 -1.2836726455134e-06 0.91483914852142
-1.5728564051187e-07 -1.3854627241017e-06 0.91483914852142
-8.8134345332946e-07 -1.49485390466e-06 0.91483938694
-3.6232833622307e-07 -1.5537194713033e-06 0.91483968496323
-1.9622392599672e-08 -1.5839372053961e-06 0.91483986377716
2.2053070836137e-07 -1.282624907617e-06 0.91483986377716
-6.8909709050047e-09 -9.0391517915123e-07 0.91483992338181
-5.8668643987403e-07 -1.1605283134486e-06 0.91484004259109
-9.0144567366224e-07 -1.1353339459674e-06 0.91484016180038
-1.2299162790441e-06 -1.0369283245382e-06 0.91484010219574
-1.244701138603e-06 -8.4819748735754e-07 0.91484016180038
-1.1747459893741e-06 -1.2787392051905e-06 0.91484022140503
-1.0063521358461e-06 -1.9196550056222e-06 0.91484045982361
-1.0359439102103e-06 -1.6697530327292e-06 0.91484034061432
-1.2049839597239e-06 -1.8593043478177e-06 0.91484045982361
-8.6782324615342e-07 -1.7263724885197e-06 0.91484069824219
-8.531421826774e-07 -1.6233540236499e-06 0.9148405790329
-8.9001042624659e-07 -1.3817247008774e-06 0.91484040021896
-1.6297600495818e-06 -1.3644329328599e-06 0.91484051942825
-1.5985972368071e-06 -1.027684447763e-06 0.91484040021896
-1.6944126173257e-06 -8.2879631690957e-07 0.91484028100967
-2.3292916466744e-06 -3.2069445410343e-07 0.91484016180038
-2.2421472749556e-06 -1.5662016039641e-07 0.91484004259109
-2.3754514586471e-06 1.3766690187822e-07 0.91483986377716
-2.6360005449533e-06 9.7993648751071e-08 0.91483986377716
-2.8716090128e-06 -4.7214061993373e-08 0.91483980417252
-2.8998781544942e-06 -1.4240498558138e-07 0.91483998298645
-2.5640711101005e-06 -3.8699502624695e-07 0.91484010219574
-2.3152065296017e-06 -4.1282766005679e-07 0.91484034061432
-2.1938551526546e-06 -4.957886972079e-07 0.91484022140503
-2.0110737750656e-06 -5.4613468591924e-07 0.91484045982361
-1.8878973833125e-06 -6.1501214076998e-07 0.91484040021896
-1.8846391185434e-06 -7.0484730940734e-08 0.9148405790329
-1.6855819922057e-06 -1.9263922013124e-07 0.91484075784683
-1.641829271648e-06 1.7732372725732e-07 0.91484087705612
-1.4526381164615e-06 1.9902250869563e-07 0.91484087705612
-1.3562848835136e-06 -8.3549522855719e-09 0.91484105587006
-9.2576448196269e-07 3.102803418642e-07 0.91484129428864
-9.4160714070313e-07 9.6810424565774e-07 0.91484123468399
-7.9846597600408e-07 1.3209624967203e-06 0.91484135389328
-1.1587195558604e-06 1.4505693570754e-06 0.91484141349792
-1.214368694491e-06 1.7975252148972e-06 0.91484129428864
-1.0433166153234e-06 1.7737077087077e-06 0.91484135389328
-1.2722226756523e-06 1.6722074178688e-06 0.9148416519165
-1.1265054808973e-06 1.8774660475174e-06 0.91484177112579
-6.4483674577787e-07 1.7860701291283e-06 0.91484177112579
-1.2490482959038e-07 1.8972169755216e-06 0.91484177112579
-3.2625794688101e-07 1.6681161696397e-06 0.91484171152115
1.9221630509492e-07 1.7128104445874e-06 0.91484183073044
1.6945898551057e-07 2.057794290522e-06 0.91484194993973
-9.3633083508848e-09 1.9100593817711e-06 0.91484200954437
2.2351545680976e-07 2.1199141428951e-06 0.91484189033508
6.6214147409482e-07 1.9987119230791e-06 0.91484206914902
3.8923002421143e-07 2.0544969174807e-06 0.91484200954437
7.3701164637896e-07 1.7147082189695e-06 0.91484206914902
0.0049609639681876 0.0026792166754603 0.91489636898041
0.017104601487517 0.0083349337801337 0.91502064466476
0.029313378036022 0.013963867910206 0.91514647006989
0.040273312479258 0.020921893417835 0.91523671150208
0.049762062728405 0.029676657170057 0.91534751653671
0.059375293552876 0.038173284381628 0.91534000635147
0.069067865610123 0.046614773571491 0.91537648439407
0.078652650117874 0.055130131542683 0.91543066501617
0.088346026837826 0.063651375472546 0.91547375917435
0.097833700478077 0.072356872260571 0.91548031568527
0.10749023407698 0.080796606838703 0.915467441082
0.11718505620956 0.089302003383636 0.91549456119537
0.12672618031502 0.09785557538271 0.91546297073364
0.13636375963688 0.10640079528093 0.91545569896698
0.14583157002926 0.11502393335104 0.91544473171234
0.15553446114063 0.12343541532755 0.91538447141647
0.16523672640324 0.13192531466484 0.9154400229454
0.17476733028889 0.1404712498188 0.91549414396286
0.18433816730976 0.14902833104134 0.91551095247269
0.19396741688251 0.1575602889061 0.91550022363663
0.20365178585052 0.16610196232796 0.9155268073082
0.2128996104002 0.17489403486252 0.91553193330765
0.22271879017353 0.18328654766083 0.91553723812103
0.23236773908138 0.19179986417294 0.91551828384399
0.24193349480629 0.20035447180271 0.91565746068954
0.25167655944824 0.20873057842255 0.91564548015594
