-0.027718029916286 0.070540830492973 1.273246884346 0.0028653603512794 0.00044884017552249 -3.0638744831085 3.9985905459616e-05
-0.037339221686125 0.07803863286972 1.2515791654587 0.0027949903160334 0.00063330581178889 -3.0195004940033 -1.6204268831643e-05
-0.046977020800114 0.085529699921608 1.2298877239227 0.0030689421109855 0.0008273352868855 -2.9743933677673 0.00015905644977465
-0.056560024619102 0.093027055263519 1.2082271575928 0.0030473077204078 0.0010798956500366 -2.9293920993805 4.0349550545216e-05
-0.066154018044472 0.1005203127861 1.1865496635437 0.0031765154562891 0.0013442932395265 -2.883796453476 -5.9634707838541e-08
-0.07576721906662 0.10797841846943 1.1648614406586 0.0033617054577917 0.0017274845158681 -2.8389947414398 7.4330360803287e-05
-0.08535198867321 0.11546605825424 1.1431810855865 0.0036958348937333 0.0020271115936339 -2.7933075428009 6.3754130678717e-05
-0.094971001148224 0.12294758856297 1.1215113401413 0.003926670178771 0.002349155722186 -2.7482810020447 3.2818319596117e-05
-0.10452084243298 0.13046891987324 1.099825501442 0.0043654092587531 0.0027764460537583 -2.7018201351166 -4.3667444060702e-07
-0.11415077745914 0.13795371353626 1.078130364418 0.0046921572647989 0.0033530038781464 -2.6564569473267 8.9934990683105e-05
-0.12374451756477 0.14542941749096 1.0564792156219 0.005134979262948 0.0037811377551407 -2.6116590499878 -1.5799687389517e-05
-0.13336111605167 0.15290728211403 1.0347876548767 0.0054674302227795 0.004246624186635 -2.5662050247192 2.2931373678148e-05
-0.14295727014542 0.16039147973061 1.0131062269211 0.0055845375172794 0.0045405477285385 -2.5209877490997 5.0764047045959e-05
-0.15252447128296 0.1678971350193 0.9914231300354 0.0051609384827316 0.004522027913481 -2.4749758243561 2.9742614060524e-05
-0.16213575005531 0.17537704110146 0.96975600719452 0.0040056142024696 0.0034848120994866 -2.430100440979 5.3000756452093e-05
-0.16974042356014 0.18098795413971 0.9502158164978 0.0019042497733608 0.0016862206393853 -2.3886771202087 -2.9422370062093e-05
-0.16093349456787 0.17157918214798 0.94996339082718 0.0034302382264286 0.0031991011928767 -2.3869032859802 2.3180162315839e-05
-0.15191633999348 0.16197004914284 0.94995760917664 0.0047855139710009 0.0046271798200905 -2.38707447052 -1.8697433915804e-05
-0.14292357861996 0.15236222743988 0.94995355606079 0.0056084035895765 0.0057601621374488 -2.3865420818329 2.6217636332149e-05
-0.133923843503 0.14276766777039 0.94995903968811 0.0057444199919701 0.0059547796845436 -2.386953830719 -3.5454021940495e-07
-0.12491412460804 0.13317801058292 0.94995653629303 0.0052569741383195 0.0055290572345257 -2.3868234157562 1.2508936379163e-05
-0.11589886248112 0.12357756495476 0.9499636888504 0.0041339625604451 0.0045001865364611 -2.3867707252502 4.2750012653414e-05
-0.10690227150917 0.11396840959787 0.94996047019958 0.0029337625019252 0.0031797776464373 -2.3870055675507 8.072673517745e-05
-0.097879782319069 0.10438966006041 0.94995260238647 0.0018031354993582 0.0019087288528681 -2.3865578174591 7.6652620919049e-05
-0.088882938027382 0.094778843224049 0.9499706029892 0.0010059378109872 0.00092814047820866 -2.3868782520294 1.9412331312196e-05
-0.079888045787811 0.085175968706608 0.94996470212936 0.00035010449937545 0.00030579845770262 -2.3864169120789 -1.3782944279228e-06
-0.070885255932808 0.075571499764919 0.94996100664139 9.2284702986944e-05 -9.2086935183033e-05 -2.3862988948822 0.0001104033581214
-0.061887323856354 0.065962269902229 0.94994807243347 -5.7669916714076e-05 -0.00021547732467297 -2.3875486850739 9.8874574177898e-05
-0.052877858281136 0.056354612112045 0.94998449087143 -0.00038429658161476 -0.00056508876150474 -2.3872106075287 1.497636003478e-05
-0.043881386518478 0.046804830431938 0.94997203350067 -0.00043473584810272 -0.0005329487612471 -2.3860173225403 7.4484320066404e-05
-0.034894272685051 0.037190422415733 0.94996404647827 -0.00049056543502957 -0.00061912764795125 -2.3862991333008 0.0001067938937922
-0.025884553790092 0.027606897056103 0.94997376203537 -0.00055439665447921 -0.00085962860612199 -2.3860516548157 0.00011380729119992
-0.01690136641264 0.017983801662922 0.94997847080231 -0.00070231565041468 -0.00095544848591089 -2.3863620758057 5.0562073738547e-05
-0.0078852325677872 0.0083795115351677 0.94992870092392 -0.00051735283341259 -0.00092479033628479 -2.3868658542633 4.1735756894923e-06
0.0011227652430534 -0.0012087449431419 0.94995588064194 -0.00076380284735933 -0.000894010940101 -2.3868761062622 2.6099410206371e-06
0.010134406387806 -0.010805517435074 0.94993621110916 -0.00088513805530965 -0.00089058489538729 -2.386462688446 7.3814902862068e-05
0.019130416214466 -0.020410686731339 0.94996702671051 -0.00078535097418353 -0.0011007749708369 -2.3867557048798 5.4652646213071e-06
0.02814856916666 -0.02999784052372 0.94994115829468 -0.00083777558756992 -0.00099505973048508 -2.3869540691376 4.0410570363747e-05
0.037164464592934 -0.039590526372194 0.9499226808548 -0.00082357978681102 -0.0011962486896664 -2.3865389823914 4.0957504097605e-05
0.046132247895002 -0.049203965812922 0.94993615150452 -0.0010407380759716 -0.0011208414798602 -2.387060880661 9.0222427388653e-05
0.055161878466606 -0.058787442743778 0.94993728399277 -0.00091093254741281 -0.0010111236479133 -2.3870177268982 9.6629024483263e-05
0.06417191028595 -0.068399295210838 0.94993525743484 -0.0010260930284858 -0.0012044132454321 -2.3873157501221 1.6295853129122e-05
0.073163509368896 -0.077994368970394 0.94989168643951 -0.00088994228281081 -0.0012721702223644 -2.3875846862793 2.5454133719904e-05
0.082156673073769 -0.087594717741013 0.94993144273758 -0.0010194048518315 -0.0012768564047292 -2.3875007629395 9.7087300673593e-05
0.09118640422821 -0.097209230065346 0.94991517066956 -0.00095768849132583 -0.0012272832682356 -2.3878169059753 -1.5928926586639e-05
0.10018643736839 -0.10679043829441 0.94993776082993 -0.0010011586127803 -0.0011856066994369 -2.387864112854 1.9637942386908e-05
0.10917357355356 -0.11639145761728 0.94989305734634 -0.00069901545066386 -0.00087295542471111 -2.3880290985107 1.526808955532e-05
0.11817583441734 -0.12600982189178 0.94993084669113 -0.00092677888460457 -0.0011292953277007 -2.3876984119415 9.6688163466752e-05
0.12719815969467 -0.1356009542942 0.94991451501846 -0.00062106637051329 -0.0010525165125728 -2.3881666660309 -7.8641523941769e-06
0.13616493344307 -0.14518991112709 0.94991111755371 -0.00063415931072086 -0.0011163784656674 -2.3879299163818 -1.0413674317533e-05
0.14518636465073 -0.15478646755219 0.94990634918213 -0.000669754401315 -0.0010201723780483 -2.3878192901611 4.7904050006764e-05
0.15418343245983 -0.16436094045639 0.94988250732422 -0.00065185478888452 -0.0010084536625072 -2.3875484466553 1.3698588190891e-05
0.16322796046734 -0.17399400472641 0.94987177848816 -0.00080987735418603 -0.0010061318753287 -2.3879470825195 -7.2824991548259e-06
