-0.095557361841202 0.23762461543083 -1.8311913013458 -1.5509331226349 -1.7431917190552 -0.00062755891121924 3.9985905459616e-05
-0.14999452233315 0.23260971903801 -1.8827624320984 -1.4943404197693 -1.8423762321472 -0.00097922631539404 -1.6204268831643e-05
-0.2050499022007 0.22127339243889 -1.9298324584961 -1.4362373352051 -1.9428548812866 -0.0014565403107554 0.00015905644977465
-0.25970688462257 0.20396038889885 -1.9725332260132 -1.3764879703522 -2.0426244735718 -0.0019460136536509 4.0349550545216e-05
-0.31387916207314 0.18035027384758 -2.0106084346771 -1.3153190612793 -2.1423954963684 -0.0025654251221567 -5.9634707838541e-08
-0.36666288971901 0.15079399943352 -2.0441951751709 -1.2528302669525 -2.239889383316 -0.0033986980561167 7.4330360803287e-05
-0.41824665665627 0.11514613032341 -2.0728468894958 -1.1895267963409 -2.3369989395142 -0.0044534616172314 6.3754130678717e-05
-0.46798911690712 0.073867291212082 -2.096586227417 -1.1257510185242 -2.4324116706848 -0.0058761052787304 3.2818319596117e-05
-0.51570332050323 0.027416199445724 -2.1153008937836 -1.0624322891235 -2.5255303382874 -0.007769625633955 -4.3667444060702e-07
-0.56128919124603 -0.023883849382401 -2.1287860870361 -1.0001587867737 -2.6166477203369 -0.010453265160322 8.9934990683105e-05
-0.60454952716827 -0.07922175526619 -2.1370060443878 -0.94001483917236 -2.7052862644196 -0.013970892876387 -1.5799687389517e-05
-0.64550697803497 -0.13829067349434 -2.1397619247437 -0.88323545455933 -2.791671037674 -0.019055407494307 2.2931373678148e-05
-0.68414127826691 -0.20032957196236 -2.1369941234589 -0.83117175102234 -2.8756773471832 -0.026488345116377 5.0764047045959e-05
-0.72048437595367 -0.26486304402351 -2.1286106109619 -0.78515553474426 -2.9576504230499 -0.036703865975142 2.9742614060524e-05
-0.75461065769196 -0.33132556080818 -2.1147093772888 -0.74619650840759 -3.0367341041565 -0.05038933083415 5.3000756452093e-05
-0.77961814403534 -0.39196589589119 -2.0984625816345 -0.71649765968323 -3.1028804779053 -0.065206810832024 -2.9422370062093e-05
-0.74685847759247 -0.38772681355476 -2.1055707931519 -0.71445941925049 -3.0720067024231 -0.065955445170403 2.3180162315839e-05
-0.71320116519928 -0.38263228535652 -2.1130318641663 -0.70982527732849 -3.0384140014648 -0.063650414347649 -1.8697433915804e-05
-0.6795300245285 -0.37783268094063 -2.1202266216278 -0.70149755477905 -3.0050578117371 -0.057712361216545 2.6217636332149e-05
-0.64580190181732 -0.37335184216499 -2.1272709369659 -0.68963479995728 -2.9712328910828 -0.048342987895012 -3.5454021940495e-07
-0.61219203472137 -0.36958864331245 -2.1336579322815 -0.67565560340881 -2.9376041889191 -0.036978766322136 1.2508936379163e-05
-0.57866108417511 -0.36677387356758 -2.1389598846436 -0.66157793998718 -2.9041154384613 -0.025461956858635 4.2750012653414e-05
-0.54536950588226 -0.36510398983955 -2.1426410675049 -0.6496696472168 -2.8706681728363 -0.01551441848278 8.072673517745e-05
-0.51240885257721 -0.3646402657032 -2.1443021297455 -0.64102292060852 -2.8380105495453 -0.008083388209343 7.6652620919049e-05
-0.47975051403046 -0.36515381932259 -2.1440725326538 -0.63623547554016 -2.805002450943 -0.003618523478508 1.9412331312196e-05
-0.44767844676971 -0.36680367588997 -2.1418054103851 -0.63414335250854 -2.77361536026 -0.0010583847761154 -1.3782944279228e-06
-0.41600906848907 -0.36916425824165 -2.1381757259369 -0.63397789001465 -2.7419807910919 0.00038380920886993 0.0001104033581214
-0.38481271266937 -0.37217739224434 -2.1333613395691 -0.63515949249268 -2.7101378440857 0.00095601379871368 9.8874574177898e-05
-0.35419642925262 -0.37610819935799 -2.1269340515137 -0.6372549533844 -2.6797482967377 0.0013255625963211 1.497636003478e-05
-0.32446920871735 -0.38076165318489 -2.1192736625671 -0.63991618156433 -2.6504347324371 0.0015368014574051 7.4484320066404e-05
-0.29531586170197 -0.3860254585743 -2.110506772995 -0.64328145980835 -2.6212387084961 0.0017003566026688 0.0001067938937922
-0.26690518856049 -0.39200928807259 -2.1005482673645 -0.6470308303833 -2.5930969715118 0.0018729716539383 0.00011380729119992
-0.23918759822845 -0.39857104420662 -2.0895273685455 -0.65138006210327 -2.5650594234467 0.0019878894090652 5.0562073738547e-05
-0.21216404438019 -0.40567615628242 -2.0774879455566 -0.65647625923157 -2.5373709201813 0.0022615939378738 4.1735756894923e-06
-0.18607890605927 -0.41355350613594 -2.0641324520111 -0.66171073913574 -2.5115902423859 0.0019306689500809 2.6099410206371e-06
-0.16072261333466 -0.42203143239021 -2.0497243404388 -0.66761302947998 -2.4864399433136 0.001860573887825 7.3814902862068e-05
-0.13615548610687 -0.43094781041145 -2.034362077713 -0.6739547252655 -2.4616718292236 0.0020494014024734 5.4652646213071e-06
-0.11236798763275 -0.44051411747932 -2.0179378986359 -0.68081283569336 -2.4378049373627 0.0019793063402176 4.0410570363747e-05
-0.089357733726501 -0.45061114430428 -2.0004422664642 -0.68824768066406 -2.4147751331329 0.0019578486680984 4.0957504097605e-05
-0.06723153591156 -0.4612207710743 -1.9820086956024 -0.69582986831665 -2.392463684082 0.0019759684801102 9.0222427388653e-05
-0.045730710029602 -0.47220876812935 -1.9625825881958 -0.70441460609436 -2.3708107471466 0.0018929988145828 9.6629024483263e-05
-0.025038838386536 -0.48381426930428 -1.9421398639679 -0.71332168579102 -2.3501696586609 0.0019106417894363 1.6295853129122e-05
-0.0050977468490601 -0.49594953656197 -1.9208416938782 -0.72259259223938 -2.3299608230591 0.0019030123949051 2.5454133719904e-05
0.01411759853363 -0.50844740867615 -1.8984498977661 -0.73248767852783 -2.3107821941376 0.0018004924058914 9.7087300673593e-05
0.032694220542908 -0.52142000198364 -1.8752591609955 -0.74268984794617 -2.2921614646912 0.0017356425523758 -1.5928926586639e-05
0.05056893825531 -0.53476977348328 -1.8511204719543 -0.75365018844604 -2.2741093635559 0.0015697032213211 1.9637942386908e-05
0.067785620689392 -0.54858064651489 -1.8261218070984 -0.76504373550415 -2.2566192150116 0.0014428645372391 1.526808955532e-05
0.08432137966156 -0.56285977363586 -1.800178527832 -0.77644157409668 -2.2402272224426 0.0015205889940262 9.6688163466752e-05
0.10033166408539 -0.57750344276428 -1.77325963974 -0.78911185264587 -2.2239460945129 0.0014113932847977 -7.8641523941769e-06
0.11561191082001 -0.59267854690552 -1.7454850673676 -0.80167627334595 -2.2087197303772 0.0013784915208817 -1.0413674317533e-05
0.13042104244232 -0.6081657409668 -1.7167675495148 -0.81500029563904 -2.1940112113953 0.0011763125658035 4.7904050006764e-05
0.1446760892868 -0.62422108650208 -1.6872062683105 -0.82849097251892 -2.1798362731934 0.0012449771165848 1.3698588190891e-05
0.15847194194794 -0.64061522483826 -1.6566729545593 -0.84258484840393 -2.1658101081848 0.0011982470750809 -7.2824991548259e-06
