-1.098382682585e-07 -3.805081973951e-07 0.91483914852142
-1.4825522498541e-07 -6.2857844795872e-07 0.91483908891678
-2.6289740162611e-07 -9.0062104618482e-07 0.91483914852142
-5.5381758556905e-07 -4.2365678609713e-07 0.91483914852142
-2.731163988301e-07 -4.3198289745305e-07 0.91483938694
-3.0011836571475e-08 -3.7978776390446e-07 0.91483932733536
3.1141524914347e-07 -2.9493230613298e-07 0.91483938694
1.4339488529913e-07 -4.6545821419386e-07 0.91483944654465
1.709498853586e-08 -1.0047092473542e-06 0.91483962535858
-5.0891145519927e-07 -5.3842194347453e-07 0.91483968496323
-3.4850381780416e-07 -6.4396738252981e-07 0.91483962535858
-8.1910764038184e-07 -7.4388049142726e-07 0.91483956575394
-1.2241441709193e-06 -8.3099229186701e-07 0.91483950614929
-1.1771213621614e-06 -8.3789598193107e-07 0.91483944654465
-4.0708459891903e-07 -1.3072838100925e-06 0.91483956575394
-8.2868274375869e-07 -1.1869011586896e-06 0.91483962535858
-1.12976613309e-06 -1.0285981488778e-06 0.91483950614929
-1.2250102372491e-06 -8.4987402715342e-07 0.91483974456787
-1.1983310059804e-06 -9.7897145678871e-07 0.91483956575394
-1.4296912240752e-06 -9.1734972329505e-07 0.91483950614929
-1.1641212722679e-06 -1.0843669997485e-06 0.91483962535858
-1.1709687441908e-06 -5.124935000822e-07 0.91483950614929
-8.8824401700549e-07 -1.0713152960307e-06 0.91483974456787
-1.3256064903544e-06 -1.1337224350427e-06 0.91483962535858
-1.2822878261431e-06 -1.1625854767772e-06 0.91483980417252
-1.2675209291046e-06 -1.493853460488e-06 0.91483998298645
-1.2549011216834e-06 -1.4338512528411e-06 0.91484010219574
-8.0818364267543e-07 -1.5279244962585e-06 0.91483998298645
0.0062113860622048 -0.010481303557754 0.91501122713089
0.012656931765378 -0.022481687366962 0.91517162322998
0.019046196714044 -0.034583672881126 0.9153550863266
0.027175385504961 -0.045014157891273 0.91544008255005
0.036055736243725 -0.054744996130466 0.91548520326614
0.045031622052193 -0.064388796687126 0.91553491353989
0.054039988666773 -0.073993496596813 0.91559249162674
0.063087180256844 -0.083564005792141 0.91562068462372
0.072032146155834 -0.093220986425877 0.9156396985054
0.081069760024548 -0.10275353491306 0.91561341285706
0.090196087956429 -0.11228070408106 0.9155644774437
0.099004916846752 -0.12204368412495 0.91557174921036
0.10794095695019 -0.13169388473034 0.91578316688538
0.11721907556057 -0.14109738171101 0.9157378077507
0.12620890140533 -0.15068317949772 0.91565597057343
0.13502229750156 -0.16037990152836 0.91564410924911
0.1444153636694 -0.16966651380062 0.9155153632164
0.15300853550434 -0.17962597310543 0.91551804542542
0.16219010949135 -0.18904203176498 0.91548895835876
0.17110161483288 -0.19872486591339 0.91548585891724
0.18019106984138 -0.20826271176338 0.91542422771454
0.18907608091831 -0.21794341504574 0.91542732715607
0.19831436872482 -0.22732917964458 0.91543388366699
0.20721025764942 -0.23702219128609 0.91541618108749
0.21624428033829 -0.2466327548027 0.91544020175934
