-0.027753666043282 0.07172754406929 1.2717156410217 0.0029656114056706 0.00035679552820511 -3.0654330253601 0.00011026346328435
-0.037349335849285 0.079840332269669 1.2491688728333 0.0030494490638375 0.00064603454666212 -3.0199372768402 3.3375774819433e-06
-0.04695712774992 0.087969690561295 1.2266303300858 0.0029816885944456 0.00088636309374124 -2.9755053520203 0.0001244506565854
-0.056554093956947 0.096079602837563 1.2041029930115 0.0033097385894507 0.0011620138539001 -2.9308693408966 3.1645322451368e-05
-0.066161900758743 0.10423310101032 1.1815826892853 0.0032913621980697 0.0013442486524582 -2.8857882022858 9.6181320259348e-05
-0.075744964182377 0.1123416274786 1.1590497493744 0.0036518487613648 0.0016098718624562 -2.840398311615 -2.2156345949043e-05
-0.085346654057503 0.12047350406647 1.1365287303925 0.0037800024729222 0.0021933089010417 -2.7951536178589 5.6847304222174e-05
-0.094939902424812 0.12859484553337 1.1139891147614 0.0042062723077834 0.0025911380071193 -2.7498908042908 -2.0102048438275e-05
-0.10457067191601 0.13669885694981 1.0914607048035 0.004638965241611 0.0029261582531035 -2.7057750225067 3.3644901122898e-05
-0.11414889991283 0.14483392238617 1.0689258575439 0.0050136353820562 0.0034864372573793 -2.6599359512329 0.00010082055086968
-0.12374019622803 0.15295211970806 1.0463892221451 0.0054863053373992 0.0040744259022176 -2.6144757270813 -1.8830271073966e-05
-0.13333037495613 0.16109359264374 1.0238550901413 0.0057830987498164 0.0045707826502621 -2.5691723823547 8.7644599261694e-05
-0.14294308423996 0.16919554769993 1.0013167858124 0.0058385794982314 0.004884185269475 -2.5241763591766 6.1600825574715e-05
-0.15252879261971 0.17731367051601 0.97879499197006 0.0053881299681962 0.004658090416342 -2.4789049625397 -1.7610993381822e-05
-0.16214343905449 0.18544474244118 0.95625638961792 0.0039830761961639 0.0034221790265292 -2.4338607788086 6.8846638896503e-05
-0.15855877101421 0.18056930601597 0.94996821880341 0.004138664342463 0.0036828280426562 -2.4197151660919 -5.7531583479431e-06
-0.15012682974339 0.17095473408699 0.9499683380127 0.0051681259647012 0.0048207715153694 -2.4195637702942 5.6570053857286e-05
-0.14170140028 0.16137129068375 0.94995754957199 0.0056157121434808 0.0053200074471533 -2.4195075035095 1.9586097550928e-05
-0.13327038288116 0.15177148580551 0.94996309280396 0.0052676596678793 0.0052911546081305 -2.4197459220886 -7.6937749327044e-06
-0.12484399974346 0.14216443896294 0.94995659589767 0.004499199334532 0.0044330363161862 -2.4199166297913 6.342564302031e-05
-0.11641798913479 0.1325795352459 0.9499631524086 0.0033284039236605 0.003386571072042 -2.4194617271423 9.8323325801175e-05
-0.10799127817154 0.12297903746367 0.94996583461761 0.0021439816337079 0.0020472044125199 -2.4200046062469 9.7557443950791e-05
-0.099552050232887 0.11337954550982 0.94996374845505 0.0011930118780583 0.0011834553442895 -2.4193859100342 -5.8134610299021e-06
-0.091119229793549 0.10377528518438 0.94995021820068 0.00056127627613023 0.00049354822840542 -2.4193215370178 4.2177507566521e-05
-0.082705572247505 0.094185449182987 0.94995713233948 0.00016365489864256 6.0126989410492e-05 -2.4192895889282 7.8762641351204e-06
-0.074241414666176 0.084585666656494 0.94995409250259 -3.3301341318293e-05 -0.00026159273693338 -2.41952085495 5.8964222262148e-05
-0.065825805068016 0.074980661273003 0.94995844364166 -0.00014549949264619 -0.00037202725070529 -2.4191198348999 1.0654832749424e-06
-0.05741710960865 0.065374165773392 0.9499763250351 -0.00036134556285106 -0.00052331981714815 -2.4196739196777 -1.2303919902479e-05
-0.049019694328308 0.055796705186367 0.94997370243073 -0.00037018602597527 -0.00066753051942214 -2.4191291332245 -4.8759880883154e-05
-0.040563076734543 0.046203128993511 0.9499648809433 -0.00053391337860376 -0.00065663323039189 -2.4192676544189 2.889219467761e-05
-0.032124236226082 0.036591969430447 0.94996911287308 -0.00021814816864207 -0.00087618076940998 -2.4189755916595 4.1021987271961e-05
-0.023698307573795 0.026996947824955 0.94996517896652 -0.00061252462910488 -0.0007297724368982 -2.4188561439514 2.919518010458e-05
-0.015273243188858 0.017387613654137 0.94997048377991 -0.00079934945097193 -0.00082622515037656 -2.4194855690002 2.1010908312746e-05
-0.0068587586283684 0.007755272090435 0.94998061656952 -0.00041920249350369 -0.00098181294742972 -2.4197988510132 3.1768198823556e-05
0.001564234495163 -0.0018143802881241 0.94996535778046 -0.0008639661828056 -0.00094162428285927 -2.4199259281158 1.6637237422401e-05
0.010010257363319 -0.011402241885662 0.94996702671051 -0.00072472228202969 -0.0010607413714752 -2.4195823669434 4.6908113290556e-05
0.018442310392857 -0.021008707582951 0.94993811845779 -0.0009408105397597 -0.00083677994553 -2.4197125434875 -1.1433253348514e-05
0.026857733726501 -0.030617356300354 0.94993114471436 -0.000890156137757 -0.00096226233290508 -2.4200973510742 8.1320956724085e-07
0.035302206873894 -0.040190353989601 0.94991910457611 -0.00085233087884262 -0.0011215279810131 -2.4198429584503 7.110495789675e-05
0.04374885559082 -0.049773894250393 0.94992929697037 -0.00071644713170826 -0.0011263842461631 -2.4195985794067 7.259649282787e-05
0.05215847492218 -0.059407249093056 0.94993299245834 -0.00088125828187913 -0.0011386722326279 -2.419625043869 1.4582961739507e-05
0.060583040118217 -0.068998023867607 0.94993531703949 -0.00094244885258377 -0.0011451251339167 -2.4199776649475 4.4067721319152e-05
0.06897908449173 -0.078724287450314 0.94999039173126 -0.0022696282248944 -0.0012062372406945 -2.4216578006744 -1.0640442269505e-05
0.07743676006794 -0.088185697793961 0.9499197602272 -0.00087802082998678 -0.0011412223102525 -2.4197504520416 3.9450310396205e-06
0.085884675383568 -0.097813069820404 0.94995576143265 -0.00087305635679513 -0.0012526700738817 -2.4206285476685 1.5294817785616e-05
0.094313442707062 -0.10740979760885 0.94991344213486 -0.00079988979268819 -0.0011477255029604 -2.4205284118652 9.0804962383118e-05
0.10273388028145 -0.11699245870113 0.94990384578705 -0.00092703168047592 -0.0011961638228968 -2.4203977584839 -4.2947136535076e-05
0.11118207126856 -0.1265761256218 0.94989538192749 -0.00090551824541762 -0.00095552939455956 -2.4204654693604 -6.2535116740037e-05
0.11958882212639 -0.13618543744087 0.94995129108429 -0.00092650251463056 -0.0010709350463003 -2.420467376709 4.002422792837e-05
0.12797701358795 -0.14580541849136 0.94998270273209 -0.00087430811254308 -0.0010805805213749 -2.4209289550781 7.5211275543552e-05
0.13643844425678 -0.15539988875389 0.94995099306107 -0.00070214254083112 -0.0010360095184296 -2.4209091663361 -3.5697178191185e-06
0.14484305679798 -0.16497796773911 0.94990962743759 -0.00089274434139952 -0.00092283776029944 -2.4207835197449 1.1403151802369e-05
0.15329544246197 -0.17457643151283 0.94989877939224 -0.00083571748109534 -0.001091287471354 -2.420431137085 7.5071511673741e-05
0.16171836853027 -0.18422202765942 0.94990712404251 -0.00083499943139032 -0.0010090003488585 -2.4213759899139 6.3869651967252e-06
