-0.095669656991959 0.24043986201286 -1.8371438980103 -1.5478360652924 -1.7426075935364 -0.00056795426644385 0.00011026346328435
-0.15075269341469 0.23630759119987 -1.8916227817535 -1.4893772602081 -1.8426191806793 -0.0010312015656382 3.3375774819433e-06
-0.20627298951149 0.22587820887566 -1.9416465759277 -1.4291009902954 -1.9430046081543 -0.0014548713807017 0.0001244506565854
-0.26183715462685 0.20885083079338 -1.9869601726532 -1.3671753406525 -2.043363571167 -0.0020430500153452 3.1645322451368e-05
-0.31703582406044 0.18527075648308 -2.0275900363922 -1.3034224510193 -2.1435761451721 -0.0026808197144419 9.6181320259348e-05
-0.37133613228798 0.15494057536125 -2.0632448196411 -1.2382078170776 -2.2432763576508 -0.0035608226899058 -2.2156345949043e-05
-0.42417278885841 0.11832663416862 -2.0939335823059 -1.1719224452972 -2.3410453796387 -0.0048392228782177 5.6847304222174e-05
-0.47543254494667 0.075433701276779 -2.1193170547485 -1.1051135063171 -2.4375240802765 -0.0063186101615429 -2.0102048438275e-05
-0.52466213703156 0.026906460523605 -2.1394019126892 -1.0384294986725 -2.531760931015 -0.008401196449995 3.3644901122898e-05
-0.5718070268631 -0.026952534914017 -2.1538527011871 -0.97291421890259 -2.6241724491119 -0.01134542748332 0.00010082055086968
-0.61663973331451 -0.085358411073685 -2.1625730991364 -0.90979313850403 -2.7143096923828 -0.01537637040019 -1.8830271073966e-05
-0.65916550159454 -0.1476357281208 -2.1655251979828 -0.85022640228271 -2.8018262386322 -0.021147530525923 8.7644599261694e-05
-0.69929778575897 -0.21319654583931 -2.1624276638031 -0.79590725898743 -2.8870508670807 -0.029496949166059 6.1600825574715e-05
-0.73713672161102 -0.28141501545906 -2.1531608104706 -0.74843716621399 -2.9702398777008 -0.041152995079756 -1.7610993381822e-05
-0.77269184589386 -0.35167506337166 -2.1379170417786 -0.70869398117065 -3.0508303642273 -0.056513827294111 6.8846638896503e-05
-0.75746023654938 -0.36809709668159 -2.1376321315765 -0.69617557525635 -3.0498254299164 -0.060040753334761 -5.7531583479431e-06
-0.72393524646759 -0.36325839161873 -2.1447732448578 -0.68965792655945 -3.0165979862213 -0.055793326348066 5.6570053857286e-05
-0.69042336940765 -0.35871723294258 -2.1517741680145 -0.67967224121094 -2.9830851554871 -0.048293393105268 1.9586097550928e-05
-0.65687334537506 -0.35467627644539 -2.1583437919617 -0.6671290397644 -2.9493358135223 -0.038285057991743 -7.6937749327044e-06
-0.62345516681671 -0.35158303380013 -2.1639425754547 -0.65386652946472 -2.9160377979279 -0.027500193566084 6.342564302031e-05
-0.59026181697845 -0.34945228695869 -2.1682019233704 -0.64176678657532 -2.8827791213989 -0.017537873238325 9.8323325801175e-05
-0.55730020999908 -0.34841349720955 -2.1707601547241 -0.63249349594116 -2.8497638702393 -0.009802620857954 9.7557443950791e-05
-0.52469503879547 -0.34853914380074 -2.1712620258331 -0.62670564651489 -2.8173670768738 -0.004731934517622 -5.8134610299021e-06
-0.49249923229218 -0.34962895512581 -2.1699917316437 -0.62393474578857 -2.7855532169342 -0.0017939023673534 4.2177507566521e-05
-0.46072828769684 -0.35145285725594 -2.1673214435577 -0.62308216094971 -2.7537331581116 -0.00015167519450188 7.8762641351204e-06
-0.42942917346954 -0.35401609539986 -2.1633405685425 -0.62359881401062 -2.7221484184265 0.00077028945088387 5.8964222262148e-05
-0.39886915683746 -0.35745432972908 -2.1578073501587 -0.62511515617371 -2.6921534538269 0.0012881346046925 1.0654832749424e-06
-0.36866867542267 -0.36139729619026 -2.1513729095459 -0.62746047973633 -2.661313533783 0.001336295157671 -1.2303919902479e-05
-0.33943283557892 -0.36623814702034 -2.1434922218323 -0.63029170036316 -2.6323506832123 0.0015790052711964 -4.8759880883154e-05
-0.31074368953705 -0.37162855267525 -2.1345951557159 -0.63363695144653 -2.6038873195648 0.0016676969826221 2.889219467761e-05
-0.28279745578766 -0.37762239575386 -2.1246244907379 -0.63752055168152 -2.5758805274963 0.0018426962196827 4.1021987271961e-05
-0.25555026531219 -0.38425114750862 -2.1136462688446 -0.64166069030762 -2.5484790802002 0.0018479414284229 2.919518010458e-05
-0.22913777828217 -0.39148214459419 -2.1015293598175 -0.64648032188416 -2.5218949317932 0.0018713064491749 2.1010908312746e-05
-0.20357263088226 -0.39932778477669 -2.0881018638611 -0.65247344970703 -2.4964363574982 0.0017711706459522 3.1768198823556e-05
-0.17869389057159 -0.40768626332283 -2.0741510391235 -0.65758943557739 -2.4714195728302 0.0018617697060108 1.6637237422401e-05
-0.15459501743317 -0.41655877232552 -2.0589854717255 -0.66392064094543 -2.4471185207367 0.0019328184425831 4.6908113290556e-05
-0.13132798671722 -0.42609170079231 -2.0428068637848 -0.6705310344696 -2.4238514900208 0.0018350668251514 -1.1433253348514e-05
-0.10885894298553 -0.43604043126106 -2.0256621837616 -0.6777937412262 -2.4012877941132 0.0017525739967823 8.1320956724085e-07
-0.08710515499115 -0.44649317860603 -2.0076155662537 -0.68527817726135 -2.3795733451843 0.0017649717628956 7.110495789675e-05
-0.066149353981018 -0.45735624432564 -1.9886474609375 -0.69331455230713 -2.3586370944977 0.0019781179726124 7.259649282787e-05
-0.045914769172668 -0.46875074505806 -1.968731880188 -0.70185875892639 -2.3383591175079 0.0017878599464893 1.4582961739507e-05
-0.026364922523499 -0.48052957653999 -1.9479622840881 -0.71091675758362 -2.318516254425 0.0018016882240772 4.4067721319152e-05
-0.0075305700302124 -0.4927833378315 -1.9263353347778 -0.72021818161011 -2.2997000217438 0.001702506095171 -1.0640442269505e-05
0.010561585426331 -0.50543236732483 -1.9037749767303 -0.7302565574646 -2.2815508842468 0.0015904493629932 3.9450310396205e-06
0.028130650520325 -0.51847290992737 -1.8803951740265 -0.74067640304565 -2.2636733055115 0.0016076155006886 1.5294817785616e-05
0.044931054115295 -0.53195977210999 -1.8562092781067 -0.75145745277405 -2.2466700077057 0.0015866346657276 9.0804962383118e-05
0.061129689216614 -0.54584288597107 -1.831131696701 -0.76259613037109 -2.2306609153748 0.0014621801674366 -4.2947136535076e-05
0.076755166053772 -0.56004977226257 -1.8052501678467 -0.77436447143555 -2.2148859500885 0.0014273710548878 -6.2535116740037e-05
0.091824173927307 -0.57474112510681 -1.7783577442169 -0.78679180145264 -2.1998538970947 0.0012719221413136 4.002422792837e-05
0.10620176792145 -0.58979368209839 -1.7506878376007 -0.79932188987732 -2.1855180263519 0.0012924261391163 7.5211275543552e-05
0.12018263339996 -0.60521960258484 -1.7222208976746 -0.81252121925354 -2.1714828014374 0.0012185163795948 -3.5697178191185e-06
0.13366758823395 -0.62111902236938 -1.6929955482483 -0.8257167339325 -2.1578505039215 0.0011474676430225 1.1403151802369e-05
0.14658796787262 -0.63731837272644 -1.6628293991089 -0.83963513374329 -2.1450099945068 0.0012251920998096 7.5071511673741e-05
0.15913355350494 -0.65396571159363 -1.6316676139832 -0.85439801216125 -2.1321065425873 0.0011870451271534 6.3869651967252e-06
