-3.0558757657673e-07 -5.7059975233642e-07 0.91483920812607
1.6856388640463e-07 -7.1138651946967e-07 0.91483926773071
4.0847069726624e-07 -4.8956837872538e-07 0.91483902931213
4.0498582620785e-07 -4.428424915659e-07 0.91483908891678
7.4017668794113e-07 -4.5828804218218e-07 0.91483920812607
6.9576157102347e-07 -5.2818290896539e-07 0.91483926773071
5.4259874104901e-07 -8.2112035215687e-07 0.91483944654465
9.341559348286e-07 -5.9009511232944e-07 0.91483962535858
6.2577663584307e-07 -2.0943139134033e-07 0.91483968496323
8.3641685932889e-07 -3.1692204061073e-07 0.91483986377716
5.0857840960816e-07 -7.4843143238468e-07 0.91483980417252
7.244311177601e-07 -7.2085111924025e-07 0.91483980417252
4.9500101795275e-07 -5.0122093853133e-07 0.91483986377716
5.0877281410067e-07 -3.8555350556635e-07 0.91483986377716
6.899329036969e-07 -1.0379147852291e-07 0.91483974456787
9.0524122242641e-07 -3.6771002243086e-08 0.91483998298645
8.4113105458528e-07 -3.4353638511675e-07 0.91484010219574
5.5594512105017e-07 -2.1200514765951e-07 0.91484022140503
7.1513539978696e-08 -2.4037575485636e-07 0.91484034061432
8.7919161728678e-08 -3.8395839396799e-07 0.91484075784683
2.0421785507097e-07 -1.2681157102179e-07 0.91484081745148
4.8811864417075e-07 -1.0864859234516e-07 0.91484123468399
5.1868636319341e-07 -7.8443626705393e-08 0.91484141349792
8.2218683417068e-08 8.9055118834835e-09 0.91484177112579
3.0874642220624e-07 1.9567713138713e-07 0.91484206914902
2.4684152322152e-07 5.421330797617e-07 0.91484212875366
4.654071119603e-07 4.256651209289e-07 0.9148423075676
0.00099581095855683 -0.0020582545548677 0.91487717628479
0.0068384716287255 -0.013868927024305 0.91507065296173
0.01229677349329 -0.026123998686671 0.91527330875397
0.018506150692701 -0.037684366106987 0.91540974378586
0.026806179434061 -0.047434840351343 0.91550499200821
0.035101842135191 -0.057123314589262 0.91551423072815
0.043460588902235 -0.066871151328087 0.91553634405136
0.052072674036026 -0.076251827180386 0.9155815243721
0.060480460524559 -0.085894890129566 0.91560512781143
0.068908713757992 -0.095490001142025 0.91561365127563
0.077378183603287 -0.10502116382122 0.91562324762344
0.085824370384216 -0.11466341465712 0.91558051109314
0.094272114336491 -0.12422595918179 0.91561335325241
0.10271105915308 -0.13384120166302 0.91558158397675
0.11097797006369 -0.14358349144459 0.91557341814041
0.11938989907503 -0.15313662588596 0.91560989618301
0.12792783975601 -0.16265134513378 0.91557633876801
0.13632580637932 -0.17228627204895 0.91557055711746
0.14476430416107 -0.18190713226795 0.91555488109589
0.15323163568974 -0.19145925343037 0.91560757160187
0.16167175769806 -0.2010450065136 0.91556584835052
0.17016299068928 -0.21051573753357 0.9153425693512
0.17828950285912 -0.22035609185696 0.91540509462357
0.18686355650425 -0.22982375323772 0.91540193557739
0.19531831145287 -0.23943875730038 0.91545814275742
0.20390318334103 -0.24894626438618 0.91544377803802
0.21208691596985 -0.25874325633049 0.91554737091064
