-0.013688120990992 0.074452623724937 1.2790055274963 0.0025580441579223 0.00010992136230925 -3.1238789558411 6.1234641179908e-05
-0.015676084905863 0.084045723080635 1.2604707479477 0.002553888829425 0.0001218718389282 -3.1136567592621 -1.0156431926589e-05
-0.017689935863018 0.093642994761467 1.2419544458389 0.0025168338324875 0.00019351624359842 -3.1044280529022 2.2544811145053e-05
-0.019650518894196 0.1032613068819 1.2234498262405 0.0024570566602051 0.00030889877234586 -3.0940902233124 6.5275307861157e-06
-0.021653845906258 0.11285364627838 1.2049312591553 0.0025227554142475 0.00021081400336698 -3.0845057964325 -1.267981951969e-05
-0.023620188236237 0.12245139479637 1.1864178180695 0.0024821325205266 0.00029473035829142 -3.0743203163147 8.1684927863535e-05
-0.025622587651014 0.13205787539482 1.1678986549377 0.0025097646284848 0.00033282255753875 -3.0641207695007 2.0614081222448e-05
-0.027604009956121 0.14166529476643 1.1493886709213 0.0025531030260026 0.00041903526289389 -3.0540635585785 4.3077161535621e-05
-0.029573030769825 0.15125116705894 1.1308722496033 0.0026633872184902 0.00041554283234291 -3.0446543693542 5.2660867368104e-05
-0.031599659472704 0.16085058450699 1.1123622655869 0.0026559890247881 0.0005860009114258 -3.0348787307739 1.6603187759756e-05
-0.033532664179802 0.17047588527203 1.0938457250595 0.0030023087747395 0.00050903257215396 -3.0240592956543 7.2503709816374e-05
-0.035543743520975 0.18005496263504 1.07532954216 0.0031617344357073 0.00066237163264304 -3.0153293609619 1.0859643225558e-05
-0.037539251148701 0.18965873122215 1.0568143129349 0.003414697945118 0.00081431114813313 -3.0055885314941 5.1722934585996e-05
-0.039517767727375 0.19925789535046 1.0382907390594 0.003949030302465 0.00096201413543895 -2.9953942298889 9.7164826001972e-05
-0.041493006050587 0.20886598527431 1.019784450531 0.004386920016259 0.0011958545073867 -2.9856309890747 -1.753143442329e-05
-0.043486468493938 0.21846491098404 1.0012664794922 0.0050985715351999 0.0015131210675463 -2.9756307601929 2.0108485841774e-05
-0.045471802353859 0.22805669903755 0.9827498793602 0.0060637509450316 0.001793030416593 -2.9665720462799 6.6168351622764e-05
-0.047448396682739 0.23766374588013 0.96423822641373 0.0070691024884582 0.0021049703937024 -2.956015586853 2.4078681235551e-05
-0.04856875538826 0.24307107925415 0.95002663135529 0.0036431509070098 0.001422849483788 -2.9438192844391 -0.0035458100028336
-0.046676650643349 0.23351781070232 0.94998419284821 0.00018224943778478 0.00018830000772141 -2.9421217441559 -0.0098227011039853
-0.044745787978172 0.22392728924751 0.94998556375504 7.885746890679e-05 -5.7496457884554e-05 -2.941415309906 -0.015958601608872
-0.04284979403019 0.21431569755077 0.9499848484993 8.8192355178762e-05 -3.0753904866287e-05 -2.9424412250519 -0.022099021822214
-0.040927059948444 0.20471680164337 0.94998580217361 -7.2803741204552e-05 -5.133045851835e-05 -2.9424548149109 -0.028467973694205
-0.0390250608325 0.19510653614998 0.94998782873154 -0.00011796897888416 -7.2915405326057e-05 -2.9424374103546 -0.034543488174677
-0.037103928625584 0.18551583588123 0.94998395442963 -9.1325026005507e-05 -4.7682842705399e-05 -2.9428069591522 -0.041065093129873
-0.035180076956749 0.17592039704323 0.94998097419739 -7.9842124250717e-05 -5.8857112890109e-05 -2.942577123642 -0.047524325549603
-0.033252649009228 0.16632381081581 0.94997745752335 -0.00020046121790074 -8.8663000497036e-05 -2.9422628879547 -0.053799573332071
-0.031341265887022 0.15671646595001 0.94998317956924 -0.0003641530929599 -4.0643713873578e-05 -2.9423892498016 -0.060117654502392
-0.029415559023619 0.14713191986084 0.9499808549881 -0.00044897885527462 -7.3883231380023e-05 -2.9425494670868 -0.066482938826084
-0.027508925646544 0.13752426207066 0.94997704029083 -0.00050960900261998 -0.00012607735698111 -2.9428310394287 -0.072797834873199
-0.025590188801289 0.12791442871094 0.94997990131378 -0.00057735171867535 -0.000210972269997 -2.9426290988922 -0.07905200868845
-0.023666970431805 0.11833128333092 0.94996535778046 -0.00072922743856907 -0.00021767645375803 -2.9427320957184 -0.085482358932495
-0.021756421774626 0.10871112346649 0.95000195503235 -0.0008131877402775 -0.00019750816863962 -2.942807674408 -0.090331949293613
-0.019839953631163 0.099105536937714 0.95005542039871 -0.0018889337079599 -0.00020832459267695 -2.9425449371338 -0.09533903002739
-0.017911024391651 0.089522182941437 0.95004653930664 -0.0016825287602842 -5.3177740483079e-05 -2.9424369335175 -0.10032720863819
-0.017649568617344 0.088269606232643 0.98846614360809 -0.0096276691183448 -0.0025169418659061 -2.9438149929047 -0.10130959004164
-0.017658233642578 0.088238686323166 1.0364220142365 -0.0085788639262319 -0.0023799571208656 -2.9443473815918 -0.10256258398294
-0.01767248660326 0.088263347744942 1.0844407081604 -0.0073955925181508 -0.0019869189709425 -2.9445798397064 -0.10347019135952
-0.017646826803684 0.088235229253769 1.1324074268341 -0.0066138859838247 -0.0021907775662839 -2.9433798789978 -0.10435219109058
-0.017660342156887 0.088222488760948 1.1804344654083 -0.0065192035399377 -0.0017209150828421 -2.9443125724792 -0.10451216995716
-0.017653413116932 0.088200226426125 1.2284352779388 -0.0062659657560289 -0.0021182342898101 -2.9443514347076 -0.10533436387777
