-0.021263029426336 0.27126404643059 -1.8410797119141 -1.5742661952972 -1.6096029281616 -0.00014833755267318 6.1234641179908e-05
-0.034017469733953 0.29022642970085 -1.9016146659851 -1.5326778888702 -1.6324729919434 -0.00015215226449072 -1.0156431926589e-05
-0.047612335532904 0.30725285410881 -1.9605190753937 -1.4907877445221 -1.6558678150177 -0.00016550370492041 2.2544811145053e-05
-0.062128212302923 0.32223126292229 -2.0179190635681 -1.4482798576355 -1.6803438663483 -0.00030521699227393 6.5275307861157e-06
-0.077663332223892 0.33489653468132 -2.0738217830658 -1.4050970077515 -1.7058644294739 -0.00031260796822608 -1.267981951969e-05
-0.094272762537003 0.34509417414665 -2.1283640861511 -1.3607635498047 -1.7325112819672 -0.0004694873932749 8.1684927863535e-05
-0.1120699942112 0.35257479548454 -2.1815378665924 -1.3151459693909 -1.760204076767 -0.00064639397896826 2.0614081222448e-05
-0.13095632195473 0.35707899928093 -2.2334146499634 -1.2678260803223 -1.788804769516 -0.00078539201058447 4.3077161535621e-05
-0.15133729577065 0.35805174708366 -2.2838718891144 -1.2184937000275 -1.8191077709198 -0.00085334130562842 5.2660867368104e-05
-0.17322340607643 0.35512635111809 -2.3329741954803 -1.1665325164795 -1.850837469101 -0.0010030681733042 1.6603187759756e-05
-0.19662848114967 0.34767434000969 -2.3805778026581 -1.1117594242096 -1.8842148780823 -0.0011337215546519 7.2503709816374e-05
-0.2217084467411 0.33500239253044 -2.4265863895416 -1.0534031391144 -1.9189660549164 -0.0013692791108042 1.0859643225558e-05
-0.24865022301674 0.31638380885124 -2.4709250926971 -0.99079132080078 -1.9557602405548 -0.0018079692963511 5.1722934585996e-05
-0.27733960747719 0.29086920619011 -2.5133137702942 -0.9234471321106 -1.9939713478088 -0.0021415168885142 9.7164826001972e-05
-0.30836072564125 0.25726649165154 -2.5534298419952 -0.85035991668701 -2.0350596904755 -0.0026660377625376 -1.753143442329e-05
-0.34124651551247 0.21474835276604 -2.5910108089447 -0.77126717567444 -2.077517747879 -0.0034118110779673 2.0108485841774e-05
-0.37648501992226 0.1620611846447 -2.6255621910095 -0.68529963493347 -2.1226208209991 -0.0044002942740917 6.6168351622764e-05
-0.41394177079201 0.098436325788498 -2.6565945148468 -0.59226560592651 -2.1699488162994 -0.0057094506919384 2.4078681235551e-05
-0.43990507721901 0.036951988935471 -2.6761338710785 -0.50714015960693 -2.2078487873077 -0.0034435205161572 -0.0035458100028336
-0.40878286957741 0.024121254682541 -2.6668479442596 -0.49901723861694 -2.1790170669556 -0.00011710450053215 -0.0098227011039853
-0.3785687983036 0.012375324964523 -2.6556751728058 -0.49827766418457 -2.148960351944 9.0319663286209e-05 -0.015958601608872
-0.35015049576759 0.00013777613639832 -2.643622636795 -0.49807119369507 -2.1201374530792 9.9856406450272e-05 -0.022099021822214
-0.32377400994301 -0.012721329927444 -2.6306331157684 -0.49812602996826 -2.0936756134033 0.00015755370259285 -0.028467973694205
-0.29962435364723 -0.026165276765823 -2.6166064739227 -0.49869060516357 -2.069766998291 0.00014086440205574 -0.034543488174677
-0.27665439248085 -0.03970530629158 -2.6020963191986 -0.49962139129639 -2.0461995601654 0.00016089156270027 -0.041065093129873
-0.25572910904884 -0.053745776414871 -2.5866091251373 -0.5010199546814 -2.0254507064819 0.00017138198018074 -0.047524325549603
-0.23630276322365 -0.068034440279007 -2.5704529285431 -0.5027642250061 -2.0062839984894 0.00025196745991707 -0.053799573332071
-0.21805372834206 -0.082380801439285 -2.5537238121033 -0.50502061843872 -1.9879281520844 0.00023146346211433 -0.060117654502392
-0.20100894570351 -0.096842080354691 -2.536431312561 -0.50779104232788 -1.9707543849945 0.00026531890034676 -0.066482938826084
-0.18518915772438 -0.11144760251045 -2.5185205936432 -0.51101851463318 -1.9548492431641 0.00027819350361824 -0.072797834873199
-0.17042222619057 -0.12609723210335 -2.5000858306885 -0.5147066116333 -1.940089225769 0.00033922865986824 -0.07905200868845
-0.15668216347694 -0.14086702466011 -2.4812049865723 -0.51862406730652 -1.9264161586761 0.00041123107075691 -0.085482358932495
-0.14369574189186 -0.15559509396553 -2.4616615772247 -0.52372717857361 -1.9133718013763 0.00025530532002449 -0.090331949293613
-0.13170686364174 -0.17047026753426 -2.441858291626 -0.5281069278717 -1.9015419483185 0.00013800337910652 -0.09533903002739
-0.12034073472023 -0.185128480196 -2.4216251373291 -0.5337393283844 -1.8900208473206 0.00011082366108894 -0.10032720863819
-0.11825767159462 -0.077361136674881 -2.3886361122131 -0.66440200805664 -1.8866610527039 0.0042712278664112 -0.10130959004164
-0.118282943964 0.038439244031906 -2.3302419185638 -0.83980560302734 -1.8867144584656 0.004028994590044 -0.10256258398294
-0.11823979020119 0.12835928797722 -2.2568147182465 -1.0043437480927 -1.8865597248077 0.0034534521400928 -0.10347019135952
-0.11826625466347 0.19352290034294 -2.1707196235657 -1.1565897464752 -1.8866736888885 0.003322321921587 -0.10435219109058
-0.11813369393349 0.23727080225945 -2.0737993717194 -1.2976717948914 -1.8861689567566 0.0030028410255909 -0.10451216995716
-0.1180731356144 0.2620196044445 -1.9666504859924 -1.4300544261932 -1.8859813213348 0.0030443258583546 -0.10533436387777
