-1.1251491116582e-07 5.5311937785518e-07 0.91483861207962
5.933846125572e-08 4.4869375415146e-07 0.91483879089355
2.2351814266131e-07 5.9670099972209e-07 0.91483891010284
6.6635379880609e-07 1.3435861774269e-06 0.91483908891678
7.0800615503686e-07 1.3380728205448e-06 0.91483926773071
1.2663975894611e-06 1.2936841358169e-06 0.91483932733536
1.5270863968908e-06 1.0405490229459e-06 0.91483932733536
1.5666898889322e-06 1.4339580047817e-06 0.91483938694
1.3586844715974e-06 1.992775423787e-06 0.91483938694
1.9580293155741e-06 2.3741179120407e-06 0.91483980417252
1.9633828287624e-06 2.0313502773206e-06 0.91483986377716
2.1466705675266e-06 2.1392097551143e-06 0.91484004259109
2.3306765797315e-06 1.7552906683704e-06 0.91484010219574
2.2481310679723e-06 2.1932632989774e-06 0.91484010219574
2.3250638605532e-06 1.9033554963244e-06 0.91483998298645
1.9890496787411e-06 1.7432399772588e-06 0.91483992338181
1.5662478745071e-06 1.5482522712773e-06 0.91483980417252
1.6163359077837e-06 1.5390445469166e-06 0.91484010219574
1.3541470025302e-06 1.4973860515965e-06 0.91484016180038
1.2484038052207e-06 1.3517685601983e-06 0.91484022140503
1.298535494243e-06 1.6214278275584e-06 0.91484040021896
1.5055278481668e-06 1.3965058087706e-06 0.91484063863754
1.4913117638571e-06 1.4928778000467e-06 0.91484063863754
1.6089979908429e-06 1.5328469089582e-06 0.91484069824219
2.2288370473689e-06 2.0638453861466e-06 0.91484087705612
2.0663042050728e-06 1.976369503609e-06 0.91484081745148
1.8645342834134e-06 2.2471267584478e-06 0.91484093666077
1.9053624100707e-06 1.9065597598455e-06 0.91484087705612
1.7790861193134e-06 2.0318752831372e-06 0.9148411154747
2.0777192730748e-06 2.1345606455725e-06 0.91484123468399
2.306301439603e-06 2.1051309886388e-06 0.91484135389328
2.976825726364e-06 2.2332910702971e-06 0.91484135389328
0.00059635023353621 -0.003095313673839 0.91642153263092
0.001193652744405 -0.0060435361228883 0.91799581050873
0.0016118825878948 -0.0089823482558131 0.91945093870163
0.0022875042632222 -0.010082262568176 0.95727735757828
0.0023728054948151 -0.0090865474194288 1.0042338371277
0.0022730331402272 -0.0087273567914963 1.0514124631882
0.0021559437736869 -0.0081707257777452 1.0983362197876
0.0019916235469282 -0.0084395986050367 1.1452543735504
0.0019124785903841 -0.0080542843788862 1.1923823356628
