-0.0099653452634811 0.047914534807205 1.302638053894 0.00060742441564798 1.9249982869951e-05 -3.0583214759827 1.7348544133711e-05
-0.0099428668618202 0.043196961283684 1.2970294952393 0.00061247916892171 0.00024609628599137 -3.0096652507782 1.1480303328426e-05
-0.009931355714798 0.038465991616249 1.2914544343948 0.00064247864065692 8.4740393504035e-05 -2.9623010158539 6.4529785959166e-06
-0.009904470294714 0.033756971359253 1.2858504056931 0.00065188412554562 0.00015529700613115 -2.9138715267181 3.6422385164769e-05
-0.0099048539996147 0.028974235057831 1.2802181243896 0.00059887405950576 0.00016640184912831 -2.8662567138672 0.00013837237202097
-0.0098722651600838 0.024278923869133 1.274625658989 0.00052326160948724 0.00020945207506884 -2.8177990913391 9.2290763859637e-05
-0.0098326355218887 0.019579693675041 1.2690443992615 0.00037497573066503 0.0003534076095093 -2.7691729068756 -2.2285497834673e-05
-0.0098382979631424 0.014809355139732 1.2634046077728 0.00053765636403114 0.00027972308453172 -2.721595287323 -5.3385401770356e-06
-0.0098203793168068 0.010093681514263 1.257826924324 0.00054323300719261 0.00019441978656687 -2.6733484268188 1.4734815522388e-05
-0.009765200316906 0.0053853169083595 1.252231836319 0.00038841957575642 0.00030958800925873 -2.6250891685486 2.3546464944957e-05
-0.009774461388588 0.00063592195510864 1.2466114759445 0.00046398481936194 0.00020494795171544 -2.5771360397339 8.430500747636e-05
-0.0097570195794106 -0.0040865316987038 1.2410304546356 0.00030320012592711 0.00032663560705259 -2.5292644500732 1.9502422219375e-05
-0.0097202956676483 -0.0088237524032593 1.2354155778885 0.00017931858019438 0.00027375918580219 -2.4812598228455 0.00010920240310952
-0.0097120925784111 -0.013554744422436 1.2298295497894 0.00030248035909608 0.00029312714468688 -2.4335203170776 5.1107897888869e-05
-0.0097006633877754 -0.018286719918251 1.2241916656494 0.00019052431161981 0.0001081437949324 -2.3852789402008 3.2122494303621e-05
-0.009660892188549 -0.022990390658379 1.2186117172241 0.00013748076162301 -1.8763996195048e-05 -2.3367614746094 3.0481342037092e-05
-0.0096531063318253 -0.027749337255955 1.213005900383 -3.4779106499627e-05 9.077961294679e-05 -2.2889988422394 7.8994007708388e-06
-0.0096313580870628 -0.032482732087374 1.2073776721954 0.00013638692325912 -0.00010523144737817 -2.2412300109863 9.8077704024035e-05
-0.0096089541912079 -0.037174347788095 1.2018101215363 -0.00016386419883929 -0.00012253459135536 -2.1925437450409 -1.4575636669178e-05
-0.0095842182636261 -0.041916951537132 1.1961920261383 -9.8808241091319e-06 -0.0003453612443991 -2.144734621048 2.1011483113398e-05
-0.0095913410186768 -0.046647541224957 1.1905741691589 -0.00010393893171567 -0.00049533636774868 -2.0964848995209 5.3219446272124e-05
-0.0095414146780968 -0.051393713802099 1.1850152015686 -0.00027861550915986 -0.0005042483098805 -2.0493898391724 1.613123822608e-05
-0.0095449537038803 -0.056128393858671 1.179328918457 -0.00020169382332824 -0.00077132042497396 -2.0003886222839 3.2436455512652e-06
-0.009527213871479 -0.060888402163982 1.1737155914307 -0.00019175636407454 -0.00082371139433235 -1.9530471563339 1.9888157112291e-05
-0.0094901546835899 -0.06557834148407 1.1681814193726 -0.00025275067309849 -0.00096115813357756 -1.9047513008118 2.7787544240709e-05
-0.009475365281105 -0.070298902690411 1.1625351905823 -0.00013600493548438 -0.00067732518073171 -1.8563650846481 1.2580392649397e-05
-0.0094659812748432 -0.075020633637905 1.1569122076035 8.2373124314472e-05 -0.00017605331959203 -1.8083410263062 2.6427254852024e-05
-0.0094389356672764 -0.079776585102081 1.1513183116913 0.00020061664690729 0.00079178815940395 -1.7608177661896 5.484182111104e-05
-0.0094177052378654 -0.084492862224579 1.1457207202911 0.00022052445274312 0.0020988204050809 -1.7125712633133 2.6589597837301e-05
-0.009402172639966 -0.089170277118683 1.1401844024658 0.0003771236515604 0.00397411826998 -1.6643191576004 -3.8003312511137e-05
-0.0093714594841003 -0.093939810991287 1.134552359581 0.0004704634193331 0.0053463438525796 -1.6166163682938 -7.4442650657147e-06
-0.0093592992052436 -0.098684154450893 1.1289389133453 0.00047334318514913 0.0063853925094008 -1.5693048238754 4.3313473724993e-05
-0.0093250265344977 -0.10340523719788 1.1233031749725 0.00030408630846068 0.0065145757980645 -1.5210752487183 3.0288560083136e-05
-0.0093200542032719 -0.10812841355801 1.1177077293396 0.00026606814935803 0.0056046810932457 -1.4724519252777 1.3645631952386e-05
-0.0092826336622238 -0.11286164075136 1.1120766401291 0.00015485972107854 0.004730508197099 -1.4249231815338 3.7523841456277e-05
-0.0092808194458485 -0.11759679019451 1.1064797639847 3.699520311784e-05 0.0038822456263006 -1.3768162727356 -7.6875412560184e-06
-0.0092568434774876 -0.12230648100376 1.1009222269058 -0.00021676599862985 0.0032397385220975 -1.3287397623062 4.4986736611463e-05
-0.0092362500727177 -0.12702254951 1.0952764749527 -0.00023656809935346 0.0028732458595186 -1.2808096408844 7.1439520979766e-05
-0.0092268660664558 -0.1317792236805 1.0896735191345 -0.00028280535480008 0.0026352400891483 -1.2326054573059 -6.7228552325105e-07
-0.0091967508196831 -0.13648819923401 1.0840668678284 -0.00040703703416511 0.0024298871867359 -1.1844296455383 6.4571490838716e-06
-0.0091937035322189 -0.14121164381504 1.0784649848938 -0.00059057894395664 0.0023595620878041 -1.136456489563 2.0462111933739e-06
-0.0091437622904778 -0.14594583213329 1.0729441642761 -0.00061863375594839 0.0022575070615858 -1.0893714427948 1.2668546332861e-05
-0.0091518238186836 -0.15067395567894 1.0672233104706 -0.00049559527542442 0.0022092638537288 -1.0406484603882 1.5869998605922e-05
-0.0091165751218796 -0.15539732575417 1.0616782903671 -0.00081292452523485 0.0022384563926607 -0.99264597892761 -2.4949165890575e-05
-0.0090888142585754 -0.16015850007534 1.055988073349 -0.00086345669114962 0.0021021086722612 -0.94539153575897 -1.5575684301439e-05
-0.0090881213545799 -0.16485895216465 1.0504505634308 -0.0012011884246022 0.0020396034233272 -0.89702206850052 0.00010746568295872
-0.0090685337781906 -0.16960161924362 1.0447645187378 -0.0010832266416401 0.0021184256765991 -0.84876024723053 7.9052013461478e-05
-0.0090316087007523 -0.17431315779686 1.0392484664917 -0.0014102996792644 0.002303316956386 -0.80091071128845 3.3615455322433e-05
-0.0090281292796135 -0.17905779182911 1.0335080623627 -0.0015489840880036 0.0021055575925857 -0.75331079959869 3.8112470065244e-05
-0.0090053007006645 -0.18377262353897 1.0280206203461 -0.0019699498079717 0.0024300673976541 -0.70506531000137 1.2530578032965e-06
-0.008997268974781 -0.18852320313454 1.0223143100739 -0.0022230371832848 0.0024770314339548 -0.65725773572922 3.8929989386816e-05
-0.0089541673660278 -0.19322091341019 1.0168917179108 -0.0033627515658736 0.0028462146874517 -0.6093630194664 3.1814033718547e-05
-0.0089141577482224 -0.1979706287384 1.0112022161484 -0.0044307168573141 0.0032866299152374 -0.56180047988892 1.8292832464795e-05
-0.0089290291070938 -0.20269906520844 1.0055660009384 -0.0065437932498753 0.0042855706997216 -0.51455622911453 -1.609305581951e-05
-0.0088981613516808 -0.20738768577576 1.0001060962677 -0.012295924127102 0.0066334139555693 -0.46812522411346 4.9854766984936e-05
-0.0088841170072556 -0.21211542189121 0.99424546957016 -0.028837017714977 0.013179330155253 -0.42623406648636 0.00013376968854573
-0.0088421031832695 -0.21678557991982 0.98882865905762 -0.069687403738499 0.028486613184214 -0.38929554820061 -1.1397060916352e-05
-0.0088126324117184 -0.22146537899971 0.98315441608429 -0.11795384436846 0.043230332434177 -0.34959280490875 9.397255780641e-06
-0.0087828226387501 -0.22615858912468 0.97754430770874 -0.16569510102272 0.052686095237732 -0.30318406224251 -6.2933086155681e-06
-0.0087652690708637 -0.23083862662315 0.97181540727615 -0.2114133387804 0.055609773844481 -0.24961046874523 8.1234247772954e-05
-0.0087444186210632 -0.23555226624012 0.96619206666946 -0.25509384274483 0.051276657730341 -0.19014756381512 2.0142579160165e-05
-0.0087344571948051 -0.24023969471455 0.96077382564545 -0.29439321160316 0.03944031521678 -0.12483101338148 2.0963130737073e-05
-0.0086785163730383 -0.24493722617626 0.95516169071198 -0.32739424705505 0.020206209272146 -0.054369941353798 0.00010310456855223
-0.008670968003571 -0.24893712997437 0.94978666305542 -0.34694337844849 -0.0041132136248052 0.015222080983222 -0.0020437370985746
-0.008333564735949 -0.2396973669529 0.94954741001129 -0.26779809594154 -0.0016781619051471 0.0054942732676864 -0.0079008797183633
-0.0080108121037483 -0.23017553985119 0.94974982738495 -0.18056689202785 0.0012105220230296 -0.0075300778262317 -0.013960007578135
-0.0077118631452322 -0.22065953910351 0.94974422454834 -0.084248743951321 0.0018244076054543 -0.021735846996307 -0.020420538261533
-0.0073830336332321 -0.21117626130581 0.94972366094589 0.021883346140385 -0.00082641455810517 -0.037899110466242 -0.026816269382834
-0.0070472564548254 -0.2016276717186 0.94969493150711 0.035325974225998 -0.0017241288442165 -0.039493385702372 -0.033316481858492
-0.0066861137747765 -0.19194076955318 0.94976502656937 0.0083296252414584 -0.00033517315750942 -0.036278821527958 -0.039894610643387
-0.0063638389110565 -0.18234539031982 0.94971477985382 0.0050721755251288 -0.00031322528957389 -0.035366483032703 -0.046487133949995
-0.0060236593708396 -0.17275235056877 0.94977247714996 0.0038036063779145 -0.00010661700798664 -0.035227876156569 -0.053002294152975
-0.0056941527873278 -0.16312921047211 0.94985508918762 0.0030376380309463 -0.00026084002456628 -0.035653926432133 -0.059475097805262
-0.0053563686087728 -0.15353664755821 0.94989705085754 0.0026065451093018 -0.00020516055519693 -0.035308197140694 -0.065875679254532
-0.0050199422985315 -0.14393661916256 0.94979929924011 0.0024047547485679 -0.00018721353262663 -0.035120602697134 -0.072144322097301
-0.0046898806467652 -0.13434271514416 0.94975113868713 0.0022249722387642 -0.00015403277939186 -0.035167127847672 -0.078397184610367
-0.0043508941307664 -0.12473930418491 0.94977080821991 0.0020103377755731 -0.00013371552631725 -0.035048682242632 -0.084684945642948
-0.0040198899805546 -0.11516861617565 0.94990175962448 0.0016409695381299 -0.00010346326598665 -0.034912385046482 -0.090116493403912
-0.0036770049482584 -0.10555562376976 0.94992828369141 0.0017330180853605 -5.6818553275662e-06 -0.034657463431358 -0.094624027609825
-0.0033299876376987 -0.09595887362957 0.9499180316925 0.0019486822420731 -0.00026162719586864 -0.035127874463797 -0.09954771399498
-0.0031298184767365 -0.089974626898766 0.96643072366714 -0.0012128491653129 -4.4163607526571e-07 -0.034952398389578 -0.10200522094965
-0.0031328527256846 -0.0899778008461 1.0144674777985 -0.0018951323581859 9.6625029982533e-05 -0.03493494912982 -0.10331982374191
-0.0031302226707339 -0.089977040886879 1.0625150203705 -0.0015307954745367 -0.00024309975560755 -0.03485693782568 -0.10521877557039
-0.003109241835773 -0.089982002973557 1.1104813814163 -0.0022686191368848 0.00010769303480629 -0.035182524472475 -0.10619883984327
-0.0031260903924704 -0.090038999915123 1.1584687232971 -0.0022000884637237 0.00016416615108028 -0.035103477537632 -0.10775039345026
-0.0031262570992112 -0.090066820383072 1.2064723968506 -0.002605194458738 5.2179133490426e-05 -0.034859877079725 -0.10941025614738
