-0.033987190574408 0.20193192362785 -1.7297008037567 -1.6144006252289 -1.6880700588226 -3.3896634704433e-05 1.7348544133711e-05
-0.052489187568426 0.18413779139519 -1.7299020290375 -1.5964231491089 -1.7547807693481 -0.00013212508929428 1.1480303328426e-05
-0.069998174905777 0.16550013422966 -1.7290148735046 -1.578596830368 -1.8205897808075 -7.8242490417324e-05 6.4529785959166e-06
-0.086400419473648 0.14599940180779 -1.7271029949188 -1.5610287189484 -1.8848061561584 -0.00012807198800147 3.6422385164769e-05
-0.10199490189552 0.12550303339958 -1.7239484786987 -1.5437123775482 -1.9486601352692 -0.00024418183602393 0.00013837237202097
-0.11649695038795 0.10441300272942 -1.7197802066803 -1.5267698764801 -2.0112249851227 -0.00026063271798193 9.2290763859637e-05
-0.12994328141212 0.08266493678093 -1.7145040035248 -1.5102331638336 -2.072553396225 -0.0003323967102915 -2.2285497834673e-05
-0.14249077439308 0.060013264417648 -1.7080044746399 -1.4942326545715 -2.1333661079407 -0.00025634118355811 -5.3385401770356e-06
-0.15405049920082 0.036972492933273 -1.7004418373108 -1.4786477088928 -2.1931059360504 -0.00030283280648291 1.4734815522388e-05
-0.16460075974464 0.013343781232834 -1.6918203830719 -1.4635581970215 -2.2518475055695 -0.00031475373543799 2.3546464944957e-05
-0.17419424653053 -0.010820418596268 -1.6821091175079 -1.4491369724274 -2.309187412262 -0.00033764191903174 8.430500747636e-05
-0.18290629982948 -0.035502463579178 -1.6712007522583 -1.4353604316711 -2.3661797046661 -0.00031737633980811 1.9502422219375e-05
-0.19066539406776 -0.06052377820015 -1.6593577861786 -1.4220507144928 -2.4218916893005 -0.00031022378243506 0.00010920240310952
-0.19760122895241 -0.085856705904007 -1.6464004516602 -1.4097437858582 -2.4767265319824 -0.00030569382943213 5.1107897888869e-05
-0.2036751806736 -0.11162737011909 -1.6324253082275 -1.3978462219238 -2.5308632850647 -0.00022105523385108 3.2122494303621e-05
-0.20899477601051 -0.13764241337776 -1.6173732280731 -1.3867495059967 -2.5843915939331 2.7138506993651e-05 3.0481342037092e-05
-0.21351590752602 -0.16392162442207 -1.6013038158417 -1.3763790130615 -2.6369163990021 5.1934039220214e-05 7.8994007708388e-06
-0.21732392907143 -0.1904528439045 -1.5842831134796 -1.3666844367981 -2.6889157295227 0.00032277754507959 9.8077704024035e-05
-0.22037401795387 -0.2169146835804 -1.5664055347443 -1.3576598167419 -2.7398352622986 0.00064845732413232 -1.4575636669178e-05
-0.22274485230446 -0.24376371502876 -1.547518491745 -1.3493075370789 -2.7902443408966 0.0010718887206167 2.1011483113398e-05
-0.22452512383461 -0.27065995335579 -1.5277693271637 -1.3414804935455 -2.8401300907135 0.0017890518065542 5.3219446272124e-05
-0.22561541199684 -0.29742601513863 -1.5072362422943 -1.3340981006622 -2.8891394138336 0.0027451103087515 1.613123822608e-05
-0.22619071602821 -0.32452467083931 -1.4858446121216 -1.327162027359 -2.9379019737244 0.0041951723396778 3.2436455512652e-06
-0.22616663575172 -0.3512809574604 -1.463942527771 -1.3202719688416 -2.9856355190277 0.0061678476631641 1.9888157112291e-05
-0.22563162446022 -0.37803414463997 -1.4411480426788 -1.3134105205536 -3.033540725708 0.0090794153511524 2.7787544240709e-05
-0.2245925962925 -0.40459683537483 -1.4180593490601 -1.3062429428101 -3.0803337097168 0.012733895331621 1.2580392649397e-05
-0.22307577729225 -0.43103960156441 -1.394259929657 -1.2989797592163 -3.1268937587738 0.017465550452471 2.6427254852024e-05
-0.22109761834145 -0.45716002583504 -1.3699595928192 -1.2918372154236 -3.1726722717285 0.022684533149004 5.484182111104e-05
-0.21870341897011 -0.48350265622139 -1.3446125984192 -1.2857704162598 -3.2184596061707 0.027785737067461 2.6589597837301e-05
-0.21592083573341 -0.50992178916931 -1.3181018829346 -1.2820994853973 -3.263783454895 0.031400162726641 -3.8003312511137e-05
-0.2127243578434 -0.53719305992126 -1.2899529933929 -1.2821640968323 -3.308468580246 0.032259423285723 -7.4442650657147e-06
-0.20921865105629 -0.56511497497559 -1.2599678039551 -1.2864768505096 -3.3526558876038 0.029870469123125 4.3313473724993e-05
-0.20533457398415 -0.59391355514526 -1.2283682823181 -1.29438829422 -3.3968913555145 0.024846989661455 3.0288560083136e-05
-0.20117512345314 -0.62304639816284 -1.1955132484436 -1.3041226863861 -3.4408297538757 0.018776375800371 1.3645631952386e-05
-0.19668188691139 -0.65207171440125 -1.1623451709747 -1.3137030601501 -3.483907699585 0.013437706977129 3.7523841456277e-05
-0.19191804528236 -0.68101525306702 -1.1284909248352 -1.3223459720612 -3.5276160240173 0.0097770281136036 -7.6875412560184e-06
-0.18690338730812 -0.7094042301178 -1.094521522522 -1.3302881717682 -3.5703616142273 0.0073895044624805 4.4986736611463e-05
-0.18162003159523 -0.73793125152588 -1.0598359107971 -1.3377962112427 -3.613538980484 0.006024319678545 7.1439520979766e-05
-0.17613616585732 -0.76630306243896 -1.0246295928955 -1.3456597328186 -3.6557860374451 0.0049852915108204 -6.7228552325105e-07
-0.17042222619057 -0.79471778869629 -0.98863840103149 -1.3537263870239 -3.698121547699 0.0043878145515919 6.4571490838716e-06
-0.16450443863869 -0.82352495193481 -0.95147371292114 -1.3625960350037 -3.7405319213867 0.0038566179573536 2.0462111933739e-06
-0.15846315026283 -0.85214710235596 -0.91375589370728 -1.3720173835754 -3.7819287776947 0.0034951753914356 1.2668546332861e-05
-0.15219584107399 -0.88133883476257 -0.87468981742859 -1.3821325302124 -3.8239467144012 0.0032481737434864 1.5869998605922e-05
-0.14577689766884 -0.91068148612976 -0.83459401130676 -1.3930335044861 -3.865464925766 0.0029105730354786 -2.4949165890575e-05
-0.13928952813148 -0.94043135643005 -0.79332518577576 -1.4047744274139 -3.9064812660217 0.0027155466377735 -1.5575684301439e-05
-0.13260999321938 -0.97062730789185 -0.75032448768616 -1.4174587726593 -3.9480328559875 0.002641636878252 0.00010746568295872
-0.12580099701881 -1.0016767978668 -0.70565915107727 -1.4313108921051 -3.9893734455109 0.0025534220039845 7.9052013461478e-05
-0.11892285943031 -1.0329797267914 -0.65937757492065 -1.4460790157318 -4.0302906036377 0.0025515146553516 3.3615455322433e-05
-0.11196246743202 -1.0656774044037 -0.6105740070343 -1.4622857570648 -4.071141242981 0.0024613924324512 3.8112470065244e-05
-0.10489049553871 -1.0990731716156 -0.55889821052551 -1.4801054000854 -4.1121554374695 0.0025939531624317 1.2530578032965e-06
-0.097806125879288 -1.1343517303467 -0.50368642807007 -1.4997370243073 -4.1528339385986 0.0026263780891895 3.8929989386816e-05
-0.090636402368546 -1.1710484027863 -0.44389891624451 -1.521656036377 -4.1934566497803 0.0029306001961231 3.1814033718547e-05
-0.083437353372574 -1.2113161087036 -0.37722516059875 -1.5469524860382 -4.2337436676025 0.0032701082527637 1.8292832464795e-05
-0.076302915811539 -1.2560868263245 -0.30053782463074 -1.5764377117157 -4.273832321167 0.0041961260139942 -1.609305581951e-05
-0.069223791360855 -1.3073024749756 -0.20791292190552 -1.6113610267639 -4.3131041526794 0.0062980242073536 4.9854766984936e-05
-0.062729746103287 -1.3667986392975 -0.094936370849609 -1.6459958553314 -4.3490476608276 0.012381035834551 0.00013376968854573
-0.057057291269302 -1.407888174057 -0.010331869125366 -1.643857717514 -4.3798699378967 0.025952775031328 -1.1397060916352e-05
-0.050946861505508 -1.4143362045288 0.0034217834472656 -1.5992124080658 -4.4134879112244 0.039026696234941 9.397255780641e-06
-0.043894916772842 -1.4145202636719 0.0026402473449707 -1.5500180721283 -4.4526681900024 0.047030884772539 -6.2933086155681e-06
-0.035894304513931 -1.4152994155884 0.0016789436340332 -1.5042324066162 -4.4975423812866 0.04931541159749 8.1234247772954e-05
-0.026937156915665 -1.4168300628662 0.0011839866638184 -1.4622025489807 -4.5480432510376 0.045309502631426 2.0142579160165e-05
-0.017087131738663 -1.4190485477448 0.00087404251098633 -1.4246475696564 -4.6040544509888 0.034722764045 2.0963130737073e-05
-0.0064467489719391 -1.4225046634674 0.00051593780517578 -1.3915560245514 -4.664852142334 0.01791949942708 0.00010310456855223
0.0038212239742279 -1.426741361618 -0.00025272369384766 -1.3677408695221 -4.7239036560059 -0.0028319768607616 -0.0020437370985746
0.0028122365474701 -1.4346814155579 -0.002551794052124 -1.4366919994354 -4.7153716087341 -0.0010054521262646 -0.0079008797183633
0.0012334287166595 -1.4444224834442 -0.0043964385986328 -1.5123748779297 -4.703583240509 0.0016762800514698 -0.013960007578135
-0.00053516030311584 -1.4553291797638 -0.0092990398406982 -1.5926873683929 -4.6909923553467 0.0018961019814014 -0.020420538261533
-0.0026525557041168 -1.4555079936981 -0.04200291633606 -1.6660730838776 -4.6769223213196 -0.00056318566203117 -0.026816269382834
-0.002460390329361 -1.3369224071503 -0.29149532318115 -1.5485649108887 -4.6754603385925 -0.0015013627707958 -0.033316481858492
-0.0015267431735992 -1.2554864883423 -0.44950246810913 -1.4449908733368 -4.6777067184448 -0.00015286728739738 -0.039894610643387
-0.0010208189487457 -1.2067975997925 -0.54750323295593 -1.3924329280853 -4.6779289245605 -0.00015262886881828 -0.046487133949995
-0.00053706765174866 -1.1661465167999 -0.62945890426636 -1.3499023914337 -4.677818775177 -0.00011829659342766 -0.053002294152975
-0.00012221932411194 -1.1300101280212 -0.70200657844543 -1.3127145767212 -4.6773982048035 -0.00015191361308098 -0.059475097805262
0.00035580992698669 -1.0971767902374 -0.76768469810486 -1.2793650627136 -4.6770358085632 -0.00010422989726067 -0.065875679254532
0.00081309676170349 -1.0670278072357 -0.82839226722717 -1.2486429214478 -4.6765375137329 -0.00010566040873528 -0.072144322097301
0.0012570321559906 -1.0386383533478 -0.88514280319214 -1.2200849056244 -4.6760401725769 -6.1314553022385e-05 -0.078397184610367
0.0017572343349457 -1.0117471218109 -0.93863654136658 -1.1933295726776 -4.6756482124329 -8.5394829511642e-05 -0.084684945642948
0.0022502839565277 -0.98580551147461 -0.98975992202759 -1.1672785282135 -4.6751298904419 0.00014515593647957 -0.090116493403912
0.002781480550766 -0.96116781234741 -1.0383608341217 -1.1430132389069 -4.6746225357056 -8.3249062299728e-05 -0.094624027609825
0.0032893121242523 -0.93778657913208 -1.084682226181 -1.1204266548157 -4.6741371154785 -0.00019816681742668 -0.09954771399498
0.0036436021327972 -0.90388226509094 -1.1034505367279 -1.1337473392487 -4.6739320755005 0.00016875937581062 -0.10200522094965
0.0036388337612152 -0.85483741760254 -1.0640814304352 -1.2216851711273 -4.6738882064819 0.00023885443806648 -0.10331982374191
0.003722757101059 -0.81581020355225 -1.0073895454407 -1.316987991333 -4.6743240356445 0.00027604773640633 -0.10521877557039
0.0036898553371429 -0.78836750984192 -0.93154668807983 -1.4199876785278 -4.6740050315857 0.00029655173420906 -0.10619883984327
0.0036917626857758 -0.77494287490845 -0.83247065544128 -1.5321855545044 -4.6740832328796 0.00039048865437508 -0.10775039345026
0.0036965310573578 -0.77912044525146 -0.70231604576111 -1.6577491760254 -4.6741580963135 0.00030370429158211 -0.10941025614738
