-1.0455179335622e-06 -1.4639319090293e-07 0.91483879089355
-1.352690674139e-06 2.6770999284054e-07 0.91483879089355
-1.2118174481657e-06 5.5499685913674e-07 0.91483902931213
-8.3590867916428e-07 1.1500540040288e-06 0.91483920812607
-8.940824614001e-07 1.1702437632266e-06 0.91483920812607
-7.5678678967961e-07 1.1543272648851e-06 0.91483932733536
-4.0169825865632e-07 6.9682226921941e-07 0.91483932733536
-5.3669918997912e-07 8.193715075322e-07 0.91483932733536
-6.0833360748802e-07 6.3456855059485e-07 0.91483938694
-5.4758555734225e-07 1.0447596423546e-06 0.91483938694
-5.1609237061712e-07 1.1807491091531e-06 0.91483944654465
-5.2968016461818e-07 1.3039963278061e-06 0.91483950614929
-2.2176730851697e-07 1.5401743667098e-06 0.91483932733536
-5.3153729595579e-07 1.3069674196231e-06 0.91483956575394
-1.3884945815335e-07 8.8102268591683e-07 0.91483962535858
-5.5738521353987e-08 7.9146059306368e-07 0.91483968496323
-1.4477602405805e-07 1.1989791346423e-06 0.91483950614929
1.7838307542206e-07 6.3308152675745e-07 0.91483950614929
5.4018119755028e-08 9.9439205314411e-07 0.91483962535858
-6.7989724072959e-08 5.8975979300158e-07 0.91483956575394
4.6684979793099e-07 1.7534233620609e-07 0.91483986377716
7.2786031068972e-07 1.5235137595937e-07 0.91484040021896
9.7539441412664e-07 2.8645405336647e-07 0.91484040021896
9.6188557563437e-07 5.9978833633068e-07 0.91484016180038
5.4765393997513e-07 7.0694261466997e-07 0.91484034061432
5.5889961458888e-07 8.4187337279218e-07 0.91484034061432
8.8175085011244e-07 1.3193574659454e-06 0.91484093666077
1.2587297533173e-06 1.2470744650273e-06 0.91484093666077
1.1553348713278e-06 1.1372143262633e-06 0.91484099626541
9.4844506293157e-07 1.214503868141e-06 0.91484099626541
1.0696770686991e-06 1.0303252793165e-06 0.91484087705612
9.6268536253774e-07 9.3151572855277e-07 0.91484093666077
7.744541790089e-07 8.5252457893148e-07 0.91484075784683
8.7694718331477e-07 7.1912484145287e-07 0.9148405790329
8.3854115473514e-07 9.8096484180132e-07 0.91484069824219
8.3891552549176e-07 1.2584939668159e-06 0.91484063863754
1.2432788025762e-06 8.6062260606923e-07 0.91484063863754
1.5223725995384e-06 3.4988437391803e-07 0.91484045982361
1.4531428860209e-06 3.8131085489113e-07 0.91484040021896
1.7481577287981e-06 4.8576009703538e-07 0.91484069824219
2.2177553091751e-06 7.9669979413666e-07 0.91484105587006
2.0760271581821e-06 6.7943892645417e-07 0.91484099626541
1.2099085324735e-06 7.8882652587708e-07 0.91484093666077
9.6355404366477e-07 8.0304295124733e-07 0.91484075784683
1.0937490060314e-06 1.4889553767716e-06 0.91484081745148
1.0549283615546e-06 1.1161444035679e-06 0.91484069824219
1.2771486126439e-06 1.3938562233307e-06 0.9148405790329
1.3297010355018e-06 1.5528071344306e-06 0.91484075784683
1.3694570952794e-06 1.2674109939326e-06 0.91484087705612
1.6970200249489e-06 1.3791598121315e-06 0.91484081745148
1.5303604641304e-06 1.1789231848525e-06 0.91484081745148
2.0509230580501e-06 7.9014495213414e-07 0.91484081745148
1.8847831597668e-06 5.9775032923426e-07 0.91484093666077
1.969728145923e-06 1.2414768661984e-06 0.91484105587006
1.991232011278e-06 1.3353851500142e-06 0.91484087705612
1.8326001054447e-06 1.4302886484074e-06 0.91484081745148
1.9270862594567e-06 1.3716628473048e-06 0.91484093666077
2.0880052034045e-06 1.0629622693159e-06 0.9148411154747
1.4243123587221e-06 1.0406228057036e-06 0.91484093666077
1.1526946082085e-06 1.0884928087762e-06 0.9148411154747
1.2035479812766e-06 1.2981896588826e-06 0.91484117507935
1.0753510650829e-06 1.850271019066e-06 0.91484105587006
1.0830605106094e-06 2.1466412363225e-06 0.91484105587006
8.848456332089e-07 2.135403747161e-06 0.9148411154747
8.56076439959e-07 2.4454611775582e-06 0.91484135389328
6.034306352376e-07 1.9182882624591e-06 0.9148416519165
1.1829338291136e-06 2.6569600777293e-06 0.91484159231186
1.7519502080177e-06 3.0464450446743e-06 0.9148416519165
1.3445577451421e-06 3.3851340504043e-06 0.91484183073044
1.4377486650119e-06 3.1658744319429e-06 0.91484183073044
1.7423159306418e-06 3.2566392746958e-06 0.91484206914902
1.8630396425579e-06 3.0052460715524e-06 0.91484212875366
1.806830255191e-06 3.4903780488094e-06 0.91484206914902
1.9915894426958e-06 3.7897625588812e-06 0.91484189033508
1.9234264527768e-06 4.0028662624536e-06 0.91484183073044
2.3371146653517e-06 3.9253991417354e-06 0.91484177112579
2.6575598894851e-06 3.674833351397e-06 0.91484194993973
4.7748326323926e-05 0.0017442239914089 0.91558104753494
0.00040498637827113 0.0049231741577387 0.917240858078
0.00052399636479095 0.0077436743304133 0.91868543624878
0.00040684893610887 0.010462479665875 0.93477457761765
9.7769363492262e-05 0.0095806242898107 0.98175203800201
6.1195605667308e-05 0.0078792907297611 1.029004573822
3.4161341318395e-05 0.0073284329846501 1.0762059688568
2.2495858502225e-05 0.0060530100017786 1.1231782436371
3.010815999005e-05 0.0048856097273529 1.1704454421997
