0.0077570602297783 0.063406616449356 1.2835485935211 0.0023484427947551 -0.00021670592832379 3.0683646202087 4.1331826651003e-05
0.017377402633429 0.067052319645882 1.2675558328629 0.0022294044028968 -0.00038536702049896 3.0256276130676 7.6681426435243e-05
0.026936873793602 0.070664927363396 1.2515459060669 0.0022885026410222 -0.00067997648147866 2.9817297458649 8.8020198745653e-05
0.036533139646053 0.074280142784119 1.2355234622955 0.0024492437951267 -0.00070335535565391 2.9379758834839 -1.0737920092652e-05
0.046146705746651 0.077897921204567 1.2195234298706 0.0024454798549414 -0.00096878851763904 2.8944222927094 5.8951650316885e-07
0.055764339864254 0.081534028053284 1.2035192251205 0.002538917819038 -0.0011133444495499 2.8509242534637 1.2463989151001e-05
0.065345235168934 0.08515228331089 1.1875196695328 0.0028185455594212 -0.0014550323830917 2.8074970245361 4.73789696116e-05
0.074953839182854 0.088767677545547 1.1714957952499 0.0032165111042559 -0.0016020832117647 2.7635848522186 -3.4197535569547e-05
0.08453069627285 0.092395290732384 1.1554993391037 0.0035337645094842 -0.0021585142239928 2.7200572490692 9.6572155598551e-05
0.0941361784935 0.096027120947838 1.1394931077957 0.003946325276047 -0.0026020857039839 2.6761922836304 -1.5021553736005e-05
0.10371404886246 0.0996373295784 1.1234812736511 0.0044909515418112 -0.0029028176795691 2.6321406364441 1.5330249880208e-05
0.11332188546658 0.10327085852623 1.1074738502502 0.0049729775637388 -0.0036023443099111 2.5885467529297 8.3419676229823e-05
0.12292540073395 0.10687151551247 1.0914628505707 0.0053445217199624 -0.0039688553661108 2.5447454452515 2.555204082455e-05
0.13254210352898 0.11049422621727 1.0754599571228 0.0049861953593791 -0.0039475406520069 2.5009822845459 2.1432306311908e-05
0.14214077591896 0.11411541700363 1.0594484806061 0.0034001816529781 -0.0025224005803466 2.4578142166138 2.2458438252215e-05
0.15171524882317 0.11774156987667 1.0434490442276 -0.00042962614679709 0.00056287733605132 2.4144554138184 -1.0363337423769e-05
0.16133457422256 0.12137332558632 1.0274344682693 -0.0061518400907516 0.0057838107459247 2.3711090087891 5.9542235248955e-05
0.17092774808407 0.12497028708458 1.0114183425903 -0.011786300688982 0.010877329856157 2.3283822536469 6.4467509218957e-05
0.1805314719677 0.1285946816206 0.9954200387001 -0.013878228142858 0.01288699824363 2.2848148345947 0.00011963675933657
0.19011536240578 0.1322292983532 0.9794048666954 -0.011169949546456 0.010532957501709 2.2392168045044 6.2594945120509e-06
0.19972963631153 0.13583196699619 0.9633960723877 -0.0066043208353221 0.0064037023112178 2.1963090896606 -3.1969104838936e-06
0.20571964979172 0.13750472664833 0.95006251335144 -0.0027297604829073 0.0029151528142393 2.1605014801025 -2.7628644602373e-05
0.1961907595396 0.13114568591118 0.94997775554657 -0.00077194801997393 0.001218706718646 2.1588878631592 -4.7632343921578e-05
0.18660274147987 0.12472882866859 0.94998407363892 -0.00037002452882007 0.0005592632223852 2.1587262153625 1.7294001736445e-05
0.1769937723875 0.11831748485565 0.94998097419739 -2.5608682335587e-05 0.00042806705459952 2.1586623191833 4.9891773414856e-06
0.16741392016411 0.11189131438732 0.94997662305832 0.00011690528481267 0.00020176543330308 2.1587991714478 4.7420464397874e-05
0.15780535340309 0.10550035536289 0.94998490810394 0.00020731391850859 -2.0766477973666e-05 2.1588077545166 4.1333685658174e-05
0.14820039272308 0.099062025547028 0.94997620582581 0.00037235536728986 -0.00018178731261287 2.1587216854095 2.8671285690507e-05
0.13863281905651 0.092647090554237 0.94998002052307 0.00031115804449655 -0.00029389414703473 2.1590807437897 1.7302043488598e-05
0.12901675701141 0.086227536201477 0.94997543096542 0.00051523034926504 -0.000390666507883 2.158807516098 -1.0982100320689e-05
0.1194162517786 0.079828500747681 0.94997501373291 0.0004106923006475 -0.00044534527114592 2.1585206985474 8.9983504949487e-06
0.10980703681707 0.073401615023613 0.94996774196625 0.00048680178588256 -0.00035307212965563 2.1586165428162 0.00011845625704154
0.10021682828665 0.066992402076721 0.9499706029892 0.0002463087439537 -0.00026484933914617 2.1588792800903 1.3932291039964e-05
0.090612553060055 0.060566782951355 0.94997572898865 0.0001206916058436 0.00014329100667965 2.1588525772095 4.8079029511428e-05
0.08100788295269 0.054171055555344 0.94997268915176 -0.00030384617275558 0.00053359841695055 2.1579670906067 3.6022593121743e-05
0.071415580809116 0.047731958329678 0.9499883055687 -0.00081613863585517 0.0012446312466636 2.1583690643311 -9.5831583166728e-06
0.061811365187168 0.041332982480526 0.94997668266296 -0.0010683330474421 0.0021109255030751 2.1591386795044 6.4444866438862e-05
0.052249111235142 0.034920729696751 0.94997870922089 -0.0015234810998663 0.0028745450545102 2.1596908569336 0.00011933997302549
0.042628474533558 0.028495505452156 0.94996953010559 -0.001883358345367 0.0034914636053145 2.1595442295074 1.9637029254227e-05
0.03302925825119 0.022053599357605 0.94997143745422 -0.0021550678648055 0.0036810871679336 2.159544467926 0.00013235378719401
0.023413635790348 0.015683047473431 0.94997525215149 -0.002069667680189 0.0039470954798162 2.1587300300598 -2.2082478608354e-05
0.013828925788403 0.0092393457889557 0.949971139431 -0.0018145120702684 0.0037182404194027 2.1595158576965 -2.6666066332837e-05
0.0042150914669037 0.0028568208217621 0.9499574303627 -0.0016259704716504 0.0031837206333876 2.1593356132507 6.4619242039043e-05
-0.0053549408912659 -0.0036091357469559 0.94995164871216 -0.0012751910835505 0.0028318203985691 2.1598460674286 7.8665681940038e-05
-0.014976836740971 -0.00999965518713 0.94997417926788 -0.0011209135409445 0.002667072461918 2.1596069335938 2.3200338546303e-05
-0.024583458900452 -0.016415312886238 0.94995051622391 -0.0010667942697182 0.0029963634442538 2.1595032215118 2.9840433853678e-05
-0.034166641533375 -0.022820793092251 0.94996303319931 -0.00078671221854165 0.0022166119888425 2.1595363616943 3.860637662001e-05
-0.043785482645035 -0.029231656342745 0.94995898008347 -0.00089819071581587 0.001947034150362 2.159138917923 6.2073733715806e-05
-0.053386777639389 -0.03565277159214 0.94993835687637 -0.0008482908597216 0.0018570645479485 2.1592161655426 0.00011681239993777
-0.062947258353233 -0.042104754596949 0.94992524385452 -0.0007772502140142 0.0013723457232118 2.1595392227173 1.2593766768987e-05
-0.072567656636238 -0.048489734530449 0.94993084669113 -0.00062979286303744 0.0017619244754314 2.1598544120789 -7.0635353040416e-05
-0.082204081118107 -0.054892063140869 0.94991338253021 -0.00056989752920344 0.0017336917808279 2.1589550971985 3.0270730349002e-05
-0.091762535274029 -0.061347223818302 0.94991582632065 -0.00064084900077432 0.001789758913219 2.1597352027893 -1.3752471204498e-05
-0.10135968029499 -0.067735195159912 0.94990158081055 -0.00057083094725385 0.0017261294415221 2.1595211029053 -1.2944386071467e-05
-0.11098470538855 -0.074160858988762 0.94990456104279 -0.00058752478798851 0.0015107839135453 2.1593356132507 2.661320468178e-05
-0.12054196745157 -0.080583192408085 0.94991564750671 -0.00076975306728855 0.0016125275287777 2.1595566272736 -2.1150957763894e-05
-0.13017210364342 -0.086981177330017 0.94994473457336 -0.00066746101947501 0.0016132653690875 2.1592791080475 8.7769025412854e-05
-0.13978213071823 -0.093382388353348 0.94991517066956 -0.00052314210915938 0.0018314925255254 2.1597814559937 -2.1778174414067e-05
-0.1493583470583 -0.099833570420742 0.9499214887619 -0.00071893574204296 0.001623110845685 2.1597616672516 2.6900913780992e-06
-0.15894305706024 -0.10625147819519 0.94994294643402 -0.00064596411539242 0.0017144364537671 2.1597270965576 -1.3188792763685e-05
-0.16855844855309 -0.11264201253653 0.9498678445816 -0.00057871628087014 0.0017258491134271 2.1596591472626 6.5142878156621e-05
-0.17813359200954 -0.11906389147043 0.94985806941986 -0.0004780855961144 0.0015802411362529 2.1604089736938 7.408012606902e-05
-0.18774516880512 -0.12547445297241 0.94984799623489 -0.00040551231359132 0.0017238726140931 2.1600842475891 4.7706103941891e-05
-0.19733060896397 -0.13188652694225 0.94986474514008 -0.00051438010996208 0.0017116677481681 2.1602182388306 0.00011802805238403
