0.095300287008286 0.27182719111443 -1.8299565315247 -1.585768699646 -1.4019701480865 0.00047894171439111 4.1331826651003e-05
0.15094432234764 0.28971144556999 -1.8832631111145 -1.5503494739532 -1.3030695915222 0.00081415823660791 7.6681426435243e-05
0.207902520895 0.30408093333244 -1.933925151825 -1.5141780376434 -1.2028543949127 0.0011298244353384 8.8020198745653e-05
0.26594409346581 0.314631909132 -1.981910943985 -1.4769926071167 -1.1012778282166 0.0015122478362173 -1.0737920092652e-05
0.32431277632713 0.32106253504753 -2.0272047519684 -1.4384226799011 -0.99934363365173 0.0019824092742056 5.8951650316885e-07
0.382454007864 0.32301709055901 -2.0697140693665 -1.3984413146973 -0.89773535728455 0.0026223247405142 1.2463989151001e-05
0.43981608748436 0.3201889693737 -2.1093990802765 -1.356698513031 -0.79681420326233 0.003448206698522 4.73789696116e-05
0.4959212243557 0.31214091181755 -2.1460676193237 -1.3131594657898 -0.69688558578491 0.004662711173296 -3.4197535569547e-05
0.55009281635284 0.29885002970695 -2.1796624660492 -1.26789021492 -0.5990743637085 0.0065085478127003 9.6572155598551e-05
0.60213959217072 0.27983996272087 -2.2098996639252 -1.2211887836456 -0.50282788276672 0.0089575834572315 -1.5021553736005e-05
0.65132105350494 0.25515791773796 -2.2366688251495 -1.1735062599182 -0.41000056266785 0.012819487601519 1.5330249880208e-05
0.69771492481232 0.22464367747307 -2.259673833847 -1.1258597373962 -0.32006192207336 0.018855292350054 8.3419676229823e-05
0.74098312854767 0.18801638484001 -2.2784762382507 -1.0795285701752 -0.2330801486969 0.027935225516558 2.555204082455e-05
0.78125774860382 0.14536520838737 -2.2929017543793 -1.0360534191132 -0.14923286437988 0.041665751487017 2.1432306311908e-05
0.81837999820709 0.096608608961105 -2.302681684494 -0.99649786949158 -0.068354368209839 0.060715395957232 2.2458438252215e-05
0.85247147083282 0.042672604322433 -2.3082754611969 -0.95942950248718 0.0091917514801025 0.083256915211678 -1.0363337423769e-05
0.88377964496613 -0.014102727174759 -2.3110587596893 -0.91829228401184 0.083823919296265 0.10169859230518 5.9542235248955e-05
0.91232216358185 -0.069629460573196 -2.3131141662598 -0.86317420005798 0.15559411048889 0.10414142906666 6.4467509218957e-05
0.93829500675201 -0.12120679020882 -2.3152663707733 -0.78975081443787 0.22536969184875 0.084686949849129 0.00011963675933657
0.96185600757599 -0.17050316929817 -2.3159000873566 -0.70803022384644 0.29329371452332 0.052859976887703 6.2594945120509e-06
0.98331797122955 -0.22116234898567 -2.3125016689301 -0.63385605812073 0.35816884040833 0.02592821419239 -3.1969104838936e-06
0.99284994602203 -0.26485875248909 -2.3064930438995 -0.58052277565002 0.40370011329651 0.010136798024178 -2.7628644602373e-05
0.95968306064606 -0.2622347176075 -2.3093156814575 -0.57401466369629 0.37161135673523 0.0038125067949295 -4.7632343921578e-05
0.92596161365509 -0.26122549176216 -2.3104190826416 -0.57218098640442 0.33795666694641 0.0021168738603592 1.7294001736445e-05
0.89183390140533 -0.26118949055672 -2.3102810382843 -0.57147741317749 0.30385231971741 0.0012146979570389 4.9891773414856e-06
0.85735237598419 -0.26197054982185 -2.3089573383331 -0.57123136520386 0.26961398124695 0.0003783255815506 4.7420464397874e-05
0.82268154621124 -0.26339319348335 -2.3066680431366 -0.57133030891418 0.23494458198547 -0.00038032233715057 4.1333685658174e-05
0.78775084018707 -0.26554349064827 -2.3032875061035 -0.57160234451294 0.2000195980072 -0.0012495964765549 2.8671285690507e-05
0.75288021564484 -0.26833751797676 -2.2989711761475 -0.57198476791382 0.16517281532288 -0.0023270100355148 1.7302043488598e-05
0.71795618534088 -0.27176120877266 -2.2936677932739 -0.57248950004578 0.13009762763977 -0.0037873238325119 -1.0982100320689e-05
0.68310797214508 -0.27579548954964 -2.2874405384064 -0.57278656959534 0.09535813331604 -0.0056202858686447 8.9983504949487e-06
0.64843332767487 -0.28046181797981 -2.280294418335 -0.57292437553406 0.060742139816284 -0.0079365223646164 0.00011845625704154
0.61404144763947 -0.28567913174629 -2.2723348140717 -0.57293200492859 0.02629017829895 -0.010688588023186 1.3932291039964e-05
0.57994472980499 -0.29147389531136 -2.2635116577148 -0.57282257080078 -0.0079336166381836 -0.013852640986443 4.8079029511428e-05
0.54626858234406 -0.29797413945198 -2.2537019252777 -0.57271146774292 -0.041267395019531 -0.017221495509148 3.6022593121743e-05
0.5129109621048 -0.30509665608406 -2.243020772934 -0.57304263114929 -0.074807167053223 -0.020431563258171 -9.5831583166728e-06
0.48013699054718 -0.31277611851692 -2.231436252594 -0.5747082233429 -0.10810661315918 -0.022743746638298 6.4444866438862e-05
0.44801533222198 -0.3211090862751 -2.2185893058777 -0.57814335823059 -0.14077258110046 -0.023823067545891 0.00011933997302549
0.41640913486481 -0.33023861050606 -2.2042756080627 -0.58366799354553 -0.17197299003601 -0.023500010371208 1.9637029254227e-05
0.38545715808868 -0.33983233571053 -2.1889343261719 -0.59118747711182 -0.20333671569824 -0.021707341074944 0.00013235378719401
0.35523664951324 -0.3499644100666 -2.172292470932 -0.60039377212524 -0.23286485671997 -0.018869206309319 -2.2082478608354e-05
0.3256059885025 -0.36042430996895 -2.1549024581909 -0.61053323745728 -0.26299977302551 -0.015733763575554 -2.6666066332837e-05
0.29671013355255 -0.37122491002083 -2.1368038654327 -0.62076187133789 -0.29187703132629 -0.012687489390373 6.4619242039043e-05
0.26855909824371 -0.38230684399605 -2.1180665493011 -0.63087391853333 -0.32047462463379 -0.010312840342522 7.8665681940038e-05
0.24110186100006 -0.39375522732735 -2.0985987186432 -0.64068698883057 -0.34737634658813 -0.0085552185773849 2.3200338546303e-05
0.21439754962921 -0.40538838505745 -2.0787291526794 -0.65036487579346 -0.37440085411072 -0.0070565193891525 2.9840433853678e-05
0.18847715854645 -0.41737702488899 -2.0581846237183 -0.65980339050293 -0.40009713172913 -0.0061774700880051 3.860637662001e-05
0.16319715976715 -0.42962577939034 -2.0370709896088 -0.66931056976318 -0.42558479309082 -0.0054057091474533 6.2073733715806e-05
0.1386786699295 -0.44224098324776 -2.0152854919434 -0.67906618118286 -0.44995307922363 -0.0048306435346603 0.00011681239993777
0.11489880084991 -0.45506599545479 -1.992892742157 -0.68904232978821 -0.47385787963867 -0.0044718235731125 1.2593766768987e-05
0.091779828071594 -0.46816566586494 -1.9699974060059 -0.69905567169189 -0.49707627296448 -0.0042977780103683 -7.0635353040416e-05
0.069381356239319 -0.48164680600166 -1.9462237358093 -0.70969152450562 -0.51909160614014 -0.0039086788892746 3.0270730349002e-05
0.047628045082092 -0.49532559514046 -1.9219889640808 -0.72054696083069 -0.541170835495 -0.0036988705396652 -1.3752471204498e-05
0.026612401008606 -0.50932812690735 -1.8970799446106 -0.73173761367798 -0.56190776824951 -0.0032861679792404 -1.2944386071467e-05
0.0061160326004028 -0.5234808921814 -1.8716921806335 -0.74289274215698 -0.58265733718872 -0.0033395737409592 2.661320468178e-05
-0.013656735420227 -0.53796005249023 -1.8455369472504 -0.75464010238647 -0.60230398178101 -0.0031760185956955 -2.1150957763894e-05
-0.032896161079407 -0.55273079872131 -1.8187611103058 -0.76687550544739 -0.62177276611328 -0.0030024498701096 8.7769025412854e-05
-0.051532626152039 -0.56775879859924 -1.7914242744446 -0.77930688858032 -0.64056897163391 -0.0029335469007492 -2.1778174414067e-05
-0.069534659385681 -0.58303618431091 -1.7633829116821 -0.79206705093384 -0.65841293334961 -0.0028601139783859 2.6900913780992e-06
-0.087017893791199 -0.59856796264648 -1.734721660614 -0.80523943901062 -0.67601346969604 -0.002796933054924 -1.3188792763685e-05
-0.10395681858063 -0.61458110809326 -1.7053709030151 -0.81873369216919 -0.69287633895874 -0.002733513712883 6.5142878156621e-05
-0.12042820453644 -0.63069844245911 -1.6754224300385 -0.83281254768372 -0.70983839035034 -0.0024874657392502 7.408012606902e-05
-0.13629829883575 -0.64718127250671 -1.6446442604065 -0.84698414802551 -0.72529363632202 -0.0025401562452316 4.7706103941891e-05
-0.1517471075058 -0.66395401954651 -1.6131885051727 -0.86170172691345 -0.74090456962585 -0.0024304836988449 0.00011802805238403
