3.8412761682594e-07 7.0584334821433e-08 0.91483902931213
8.2180082472405e-07 2.4600342385384e-07 0.91483902931213
9.7574093160802e-07 5.9739147673099e-07 0.91483932733536
1.0095091056428e-06 9.6319433851022e-07 0.91483956575394
1.3635651612276e-06 8.7035022033888e-07 0.91483968496323
1.2546504422062e-06 1.0508713330637e-06 0.91483950614929
1.4438398920902e-06 1.0405130979052e-06 0.91483938694
1.5114839015951e-06 1.2982188763999e-06 0.91483956575394
1.4250134654503e-06 1.3643112879436e-06 0.91483950614929
1.5897365983619e-06 1.1229810752411e-06 0.91483956575394
1.5814829339433e-06 1.3521205346478e-06 0.91483944654465
1.9242363578087e-06 1.2801582442989e-06 0.91483950614929
1.8452561789672e-06 1.1466125897641e-06 0.91483956575394
2.1871830995224e-06 1.1565981594686e-06 0.91483968496323
2.1258827018755e-06 9.9583462542796e-07 0.91483968496323
2.6105872166227e-06 1.0451663001732e-06 0.91483944654465
2.4808441594359e-06 1.4426038887905e-06 0.91483926773071
2.7161515845364e-06 1.140149947787e-06 0.91483950614929
2.5377687506989e-06 1.0461531019246e-06 0.91483932733536
2.4123175990098e-06 1.2788998446922e-06 0.91483926773071
2.4646069505252e-06 1.2659222647926e-06 0.91483950614929
2.6949117000186e-06 1.1556085155462e-06 0.91483932733536
2.9374875794019e-06 1.0656297035894e-06 0.91483914852142
2.4919204406615e-06 7.2556537134005e-07 0.91483938694
2.8988001758989e-06 6.2239053022495e-07 0.91483926773071
2.9649320367753e-06 5.6103107226591e-07 0.91483926773071
2.8606789328478e-06 5.8043320905199e-07 0.91483926773071
2.3392092316499e-06 3.9744367086314e-07 0.91483896970749
2.5472261313553e-06 4.1719317778188e-07 0.91483914852142
2.206344561273e-06 8.0261082757715e-07 0.91483908891678
1.8930031728814e-06 6.7721373397944e-07 0.91483920812607
2.031791382251e-06 1.1370341326256e-06 0.91483926773071
1.831843292166e-06 1.6518588381587e-06 0.91483932733536
1.5329933376051e-06 1.8844048099709e-06 0.91483950614929
1.5007301499281e-06 2.3018155843602e-06 0.91483974456787
-0.0032926993444562 -0.0010497693438083 0.91491770744324
-0.014696854166687 -0.0047778328880668 0.91507911682129
-0.026159442961216 -0.0084696700796485 0.91523987054825
-0.037742722779512 -0.012078860774636 0.91536039113998
-0.047554410994053 -0.018123000860214 0.91540604829788
-0.05744356662035 -0.024145700037479 0.91550654172897
-0.066859439015388 -0.03086737729609 0.91549062728882
-0.076479494571686 -0.03721884265542 0.91550797224045
-0.085978783667088 -0.043709620833397 0.91552293300629
-0.095631025731564 -0.050004433840513 0.91552847623825
-0.10509921610355 -0.05659369006753 0.9155125617981
-0.11474338173866 -0.062940917909145 0.91558927297592
-0.1243751347065 -0.069388031959534 0.91557520627975
-0.13395726680756 -0.075773358345032 0.91556978225708
-0.14359346032143 -0.082222059369087 0.91558301448822
-0.15312643349171 -0.088661752641201 0.91564077138901
-0.16263681650162 -0.095139570534229 0.91560161113739
-0.17233538627625 -0.10147008299828 0.91548305749893
-0.18181876838207 -0.10793003439903 0.91545277833939
-0.19147971272469 -0.11433582752943 0.915562748909
-0.20107014477253 -0.12081632018089 0.91549330949783
-0.21065850555897 -0.12716583907604 0.91541063785553
-0.22034524381161 -0.13349299132824 0.91549050807953
-0.2299827337265 -0.1398296803236 0.91548329591751
-0.23951742053032 -0.14641156792641 0.91552412509918
-0.24912975728512 -0.15271930396557 0.91547191143036
-0.25849881768227 -0.15947061777115 0.91535621881485
-0.26818513870239 -0.16579048335552 0.9153236746788
-0.27780914306641 -0.17218014597893 0.91540366411209
