-0.0043885558843613 0.047525092959404 1.3001624345779 0.0010862527415156 6.1407903558575e-05 3.0587530136108 -8.1604684964987e-06
-0.0013901311904192 0.042612865567207 1.2932376861572 0.0011051131878048 -0.00011756403546315 3.0107409954071 1.1365674481567e-06
0.0016356762498617 0.037679865956306 1.2863026857376 0.00093346898211166 -0.00010310270590708 2.9622037410736 -5.0136927711719e-06
0.0046678967773914 0.032749444246292 1.2793672084808 0.00098399410489947 -0.00029490105225705 2.9144666194916 3.1043415219756e-05
0.0076870433986187 0.027831330895424 1.2724299430847 0.00093387067317963 -0.00027204671641812 2.8661499023438 4.5716245949734e-05
0.010720741003752 0.022882997989655 1.2654849290848 0.0010520983487368 -0.00039947277400643 2.8176712989807 2.75728161796e-05
0.013731233775616 0.017956331372261 1.2585802078247 0.00098260492086411 -0.00043318315874785 2.7700915336609 7.6798227382824e-05
0.016749821603298 0.013041421771049 1.2516477108002 0.00093821174232289 -0.0004211668856442 2.7220084667206 2.7331203455105e-05
0.019770488142967 0.0081040263175964 1.2446837425232 0.00095709884772077 -0.00051890773465857 2.6737837791443 9.5639210485388e-05
0.022779606282711 0.0031756460666656 1.2377555370331 0.0009078030125238 -0.00058083125622943 2.6251044273376 1.1856467608595e-05
0.02580388635397 -0.0017533749341965 1.2308115959167 0.0009283620165661 -0.00065383297624066 2.5774874687195 4.0152277506422e-05
0.028807789087296 -0.0066806972026825 1.2238668203354 0.0009438362903893 -0.00072672223905101 2.5290851593018 4.1368744859938e-05
0.031836353242397 -0.011594027280807 1.2169491052628 0.00085778359789401 -0.00071577966446057 2.4813134670258 2.8283195206313e-05
0.034867629408836 -0.016559474170208 1.2099928855896 0.00085787050193176 -0.00078123522689566 2.4332628250122 1.1395328328945e-05
0.037889868021011 -0.021466158330441 1.2030534744263 0.00092713488265872 -0.00077334261732176 2.3849775791168 3.4944248909596e-05
0.040894612669945 -0.02640026807785 1.1961160898209 0.00071199447847903 -0.00083801744040102 2.3368575572968 6.9860485382378e-05
0.04391311109066 -0.031345695257187 1.1891787052155 0.00067736784694716 -0.00078430498251691 2.2885384559631 8.2106176705565e-05
0.04696187376976 -0.036267317831516 1.1822327375412 0.00068353634560481 -0.00081567105371505 2.2411966323853 9.3459575509769e-06
0.049996636807919 -0.041231717914343 1.1752822399139 0.00056540931109339 -0.00069952610647306 2.1929666996002 -3.0692699510837e-05
0.052964828908443 -0.046133015304804 1.1683442592621 0.00061307457508519 -0.00062501145293936 2.1442878246307 0.0001091051090043
0.056011132895947 -0.051062989979982 1.1614172458649 0.00056646461598575 -0.00041402623173781 2.0968317985535 2.5892390112858e-05
0.059023395180702 -0.055984377861023 1.1544533967972 0.00027267640689388 -0.0002107371983584 2.0482020378113 -1.8418132867737e-06
0.062048077583313 -0.060934230685234 1.1475327014923 0.0002271762205055 -0.0001854412839748 2.0005419254303 3.7665076888516e-06
0.065078221261501 -0.065861828625202 1.1405953168869 0.00022065920347814 -0.00011184564937139 1.953070640564 6.0157446569065e-05
0.068091191351414 -0.070811614394188 1.1336631774902 0.00013513534213416 -0.00012190309644211 1.9047445058823 -1.4564357115887e-05
0.071105033159256 -0.075712896883488 1.126739859581 0.00028356205439195 -0.0005196591373533 1.85651242733 9.5904848421924e-05
0.074135407805443 -0.080663196742535 1.1197701692581 0.00037728084134869 -0.00085684424266219 1.8082045316696 0.00010068766277982
0.077149972319603 -0.085580453276634 1.112853884697 0.00057810865109786 -0.0015291728777811 1.7606929540634 1.5353904018411e-05
0.080155715346336 -0.090509548783302 1.1059557199478 0.00051629584049806 -0.0023045239504427 1.7128738164902 -3.2341205951525e-05
0.083194345235825 -0.095455385744572 1.098944067955 0.00095863075694069 -0.0024489664938301 1.6649968624115 2.0215869881213e-05
0.086198508739471 -0.10036009550095 1.0920517444611 0.0005923438584432 -0.0024520738516003 1.6167808771133 -4.3147501855856e-05
0.089226216077805 -0.10530950129032 1.0850546360016 0.00038785487413406 -0.002430469263345 1.5686966180801 0.00010945877875201
0.092263475060463 -0.11026781797409 1.0781080722809 0.00025197808281519 -0.0021961589809507 1.521191239357 -1.5164015167102e-05
0.09525852650404 -0.11515899002552 1.0712189674377 2.4699314963073e-05 -0.0021620523184538 1.4722856283188 -1.5637995602447e-05
0.098281919956207 -0.1201050132513 1.0642284154892 0.00027580567984842 -0.0018678234191611 1.4250600337982 7.7820717706345e-05
0.10129927098751 -0.12503209710121 1.0573129653931 -8.2508944615256e-05 -0.0020017670467496 1.3772747516632 -4.8871639592107e-05
0.10432857275009 -0.12997584044933 1.0503747463226 4.0841179725248e-05 -0.0018068968784064 1.3291137218475 7.6721044024453e-05
0.10734019428492 -0.13487806916237 1.0433943271637 5.961806527921e-05 -0.0017426654230803 1.2807512283325 5.580357992585e-06
0.11037298291922 -0.13982203602791 1.0363750457764 0.00022128749697004 -0.0016342239687219 1.2331358194351 -5.588671683654e-06
0.11339920759201 -0.14474186301231 1.0295746326447 -0.00025565995019861 -0.0018029070924968 1.1847712993622 7.3221221100539e-05
0.116415835917 -0.14965686202049 1.0225652456284 -0.00014689953241032 -0.0017133683431894 1.1370342969894 7.0633577706758e-05
0.11942594498396 -0.15460458397865 1.0156025886536 -0.00029512715991586 -0.0017291273688897 1.0888882875443 3.9137023122748e-05
0.12245409190655 -0.15953649580479 1.0086245536804 -0.000296355021419 -0.0016096055041999 1.0408681631088 5.0217200623592e-05
0.12544858455658 -0.1644943356514 1.0016485452652 -0.00045289777335711 -0.0016171119641513 0.99343484640121 -3.0241273634601e-05
0.12847296893597 -0.16940003633499 0.99477624893188 -0.0005551740177907 -0.0015863501466811 0.94455045461655 1.5199465451587e-05
0.13149899244308 -0.17431902885437 0.98786556720734 -0.00079024053411558 -0.0016779723810032 0.89671701192856 -8.7990547399386e-06
0.13452385365963 -0.17925819754601 0.98091238737106 -0.00094797689234838 -0.0017196036642417 0.84908223152161 9.7821466624737e-05
0.13752771914005 -0.18416461348534 0.97399830818176 -0.0011152843944728 -0.0018012789078057 0.80071157217026 0.00010850872058654
0.1405680924654 -0.18908861279488 0.96703642606735 -0.0013272321084514 -0.0018954335246235 0.75267666578293 2.0596617105184e-05
0.14357531070709 -0.19402649998665 0.95997941493988 -0.0014813140733168 -0.0018487529596314 0.70474278926849 5.5437649280066e-05
0.14659890532494 -0.19896271824837 0.95309507846832 -0.0020494349300861 -0.0020318874157965 0.65697813034058 2.1103540348122e-05
0.1439865231514 -0.19588762521744 0.94978028535843 0.00344178522937 0.0027293257880956 0.63227093219757 6.2362043536268e-05
0.13694728910923 -0.1862610578537 0.94984930753708 0.003027135739103 0.0024372783955187 0.63220179080963 -2.0332276108093e-05
0.1298846155405 -0.17667376995087 0.94971919059753 0.0026492604520172 0.0021212280262262 0.63299155235291 2.4328570361831e-05
0.12281712889671 -0.1670745909214 0.94970971345901 0.002469324041158 0.0019600500818342 0.63326466083527 -4.292654693927e-07
0.11578518152237 -0.15746042132378 0.94977766275406 0.0020940841641277 0.001578567083925 0.63303160667419 4.7119207010837e-05
0.10872536897659 -0.14786013960838 0.94983851909637 0.0019065764499828 0.0013697420945391 0.63354873657227 -7.9476405517198e-05
0.1016641408205 -0.13825637102127 0.94984018802643 0.0015444586751983 0.0014932228950784 0.63275122642517 6.4066989580169e-05
0.094600707292557 -0.12866197526455 0.94984030723572 0.0016010034596547 0.0011905813589692 0.63353061676025 9.6793599368539e-05
0.087547361850739 -0.11907345056534 0.94981998205185 0.0015535543207079 0.0011832662858069 0.63310074806213 8.7354805145878e-05
0.080489501357079 -0.10946033895016 0.94981372356415 0.0014145909808576 0.0010465743253008 0.63319909572601 2.5460212782491e-05
0.073444396257401 -0.099859178066254 0.94985139369965 0.0012713907053694 0.00090375193394721 0.63271260261536 7.6979398727417e-05
0.066379085183144 -0.090258181095123 0.9498878121376 0.0012044582981616 0.00087494403123856 0.63338732719421 3.3874941436807e-05
0.059293627738953 -0.080667763948441 0.94983619451523 0.0013112482847646 0.00097350723808631 0.63349634408951 -1.7650865629548e-05
0.052289143204689 -0.071085155010223 0.94991183280945 0.0010500041535124 0.0009440986905247 0.63362067937851 -3.1557927286485e-05
0.045228555798531 -0.061500728130341 0.94992262125015 0.00099317554850131 0.00069436972262338 0.63370048999786 -1.2747664186463e-05
0.038168743252754 -0.051878124475479 0.94991886615753 0.00094583840109408 0.00076784816337749 0.63357996940613 2.7438334200269e-06
0.031098283827305 -0.042300656437874 0.94994652271271 0.0013077333569527 0.00090730626834556 0.63349270820618 2.5403323888895e-05
0.024061754345894 -0.03267477452755 0.94993185997009 0.0010980990482494 0.00080176605843008 0.63339149951935 -1.5996427464415e-05
0.016998164355755 -0.023079603910446 0.94997584819794 0.0015176477609202 0.00099364307243377 0.63304924964905 8.0565860116621e-06
0.0099580585956573 -0.013505682349205 0.94997799396515 0.0010922100627795 0.0009425098542124 0.63371682167053 1.1277414159849e-05
0.0028726235032082 -0.0039154812693596 0.94997030496597 0.0011716394219548 0.00091825827257708 0.63407123088837 1.405471380167e-06
-0.0041553005576134 0.0057215094566345 0.94994109869003 0.0012810116168112 0.001098609645851 0.63299715518951 4.3316853407305e-05
-0.011226527392864 0.01530410349369 0.94996190071106 0.0011676356662065 0.00096086441772059 0.63298213481903 2.9219378120615e-05
-0.018312260508537 0.024923861026764 0.94997465610504 0.0011766414390877 0.001154248137027 0.6330851316452 -8.2872475104523e-06
-0.025331106036901 0.034476950764656 0.94995868206024 0.0013295854441822 0.0010191965848207 0.63369089365005 3.9646245568292e-05
-0.03238982707262 0.044113613665104 0.9498125910759 -0.0020075445063412 0.00094394438201562 0.63284474611282 9.8127922683489e-05
-0.039465717971325 0.05370831489563 0.94997847080231 0.0012951102107763 0.0010557647328824 0.63278770446777 -2.1075542463223e-05
-0.046548452228308 0.063302800059319 0.94997435808182 0.0012232563458383 0.0011168476194143 0.63310486078262 0.00014562856813427
-0.053595080971718 0.072912991046906 0.94994705915451 0.0012828492326662 0.0010014588478953 0.63256418704987 7.7688840974588e-05
-0.060633886605501 0.082498118281364 0.94997823238373 0.0011888795997947 0.00090182188432664 0.63312602043152 6.1398539401125e-05
-0.067706972360611 0.092078760266304 0.94996726512909 0.0011777208419517 0.0010597130749375 0.63317739963531 3.8500984373968e-05
-0.074751779437065 0.1017105653882 0.94994688034058 0.00083483895286918 0.0008778118644841 0.63293278217316 2.951612623292e-05
-0.081832267343998 0.11129771173 0.94995254278183 0.0010572207393125 0.00093395658768713 0.63339924812317 -2.7497262635734e-05
-0.088877603411674 0.12089797854424 0.94996857643127 0.00089528528042138 0.00096436397871003 0.63318037986755 2.2142241505207e-05
-0.095937207341194 0.13047736883163 0.94996207952499 0.0011132310610265 0.00087701436132193 0.63353598117828 2.6650755899027e-05
-0.10295732319355 0.14006644487381 0.94998347759247 0.0010733358794823 0.00091468507889658 0.63290178775787 6.4445826865267e-05
-0.11002817004919 0.14967176318169 0.94997322559357 0.0011835506884381 0.00089135812595487 0.63253080844879 0.00010285543248756
-0.11711177974939 0.15929381549358 0.94984346628189 0.0011931275948882 0.0010060713393614 0.63369607925415 3.4165212127846e-05
-0.12416771799326 0.16888278722763 0.94998288154602 0.0009264771360904 0.00089594081509858 0.63319885730743 8.1237696576864e-05
-0.13119389116764 0.17849552631378 0.94998812675476 0.0012201790232211 0.00089132651919499 0.63256162405014 2.0446143025765e-05
-0.13827955722809 0.18809789419174 0.94998097419739 0.00090838241158053 0.00086280080722645 0.6331090927124 0.00010456335439812
-0.14534564316273 0.19769836962223 0.94997674226761 0.0010261948918924 0.00079166726209223 0.63287323713303 2.6034314942081e-05
