0.053072068840265 0.22345492243767 -1.7524509429932 -1.613569021225 -1.4350488185883 0.00011130027996842 -8.1604684964987e-06
0.081984132528305 0.21685549616814 -1.7650828361511 -1.5942950248718 -1.3574266433716 0.00020952872000635 1.1365674481567e-06
0.10949239134789 0.20830580592155 -1.7761995792389 -1.5746312141418 -1.2823393344879 0.00030203512869775 -5.0136927711719e-06
0.13596495985985 0.19783541560173 -1.7856955528259 -1.5547671318054 -1.2075853347778 0.00048943213187158 3.1043415219756e-05
0.16100177168846 0.18559882044792 -1.7936806678772 -1.5345568656921 -1.1344964504242 0.00047274283133447 4.5716245949734e-05
0.18473491072655 0.17144438624382 -1.799994468689 -1.5141837596893 -1.0625240802765 0.00068302801810205 2.75728161796e-05
0.20695599913597 0.15568587183952 -1.8046607971191 -1.4937169551849 -0.99215292930603 0.0007206981536001 7.6798227382824e-05
0.22767409682274 0.13823029398918 -1.8077325820923 -1.4732456207275 -0.92334890365601 0.00080319098196924 2.7331203455105e-05
0.24691161513329 0.11904522776604 -1.8091115951538 -1.4528200626373 -0.8559901714325 0.00097962073050439 9.5639210485388e-05
0.26470050215721 0.098419159650803 -1.8087363243103 -1.4326233863831 -0.78976368904114 0.0010950153227895 1.1856467608595e-05
0.28096494078636 0.076399773359299 -1.8067412376404 -1.4127635955811 -0.72554397583008 0.0012714450713247 4.0152277506422e-05
0.29588469862938 0.053152054548264 -1.8030712604523 -1.3933029174805 -0.66235685348511 0.0014025752898306 4.1368744859938e-05
0.30932483077049 0.028795212507248 -1.7977793216705 -1.3743584156036 -0.6012556552887 0.0015389507170767 2.8283195206313e-05
0.32149705290794 0.0031327903270721 -1.79070353508 -1.3560566902161 -0.54086399078369 0.0017845218535513 1.1395328328945e-05
0.33241042494774 -0.023312360048294 -1.7821147441864 -1.3383769989014 -0.48200440406799 0.0020024364348501 3.4944248909596e-05
0.34214410185814 -0.050751477479935 -1.7718002796173 -1.321462392807 -0.4238703250885 0.0022227352019399 6.9860485382378e-05
0.35070142149925 -0.078874140977859 -1.7599427700043 -1.3053574562073 -0.36712169647217 0.0024649684783071 8.2106176705565e-05
0.35819730162621 -0.10755494236946 -1.7466580867767 -1.2902655601501 -0.31181907653809 0.0026967113371938 9.3459575509769e-06
0.36467990279198 -0.13698628544807 -1.7317209243774 -1.2760210037231 -0.25735139846802 0.0029861514922231 -3.0692699510837e-05
0.37019690871239 -0.16683581471443 -1.7153363227844 -1.2626678943634 -0.20337557792664 0.0031325404997915 0.0001091051090043
0.37481936812401 -0.19693258404732 -1.6976709365845 -1.2502067089081 -0.15102386474609 0.0030738895293325 2.5892390112858e-05
0.37860879302025 -0.22748640179634 -1.6785733699799 -1.2385444641113 -0.098844528198242 0.0029460971709341 -1.8418132867737e-06
0.3816109597683 -0.25803902745247 -1.6583383083344 -1.2275016307831 -0.048176765441895 0.0022542064543813 3.7665076888516e-06
0.38389357924461 -0.28871658444405 -1.6369543075562 -1.2169606685638 0.0020744800567627 0.0010177677031606 6.0157446569065e-05
0.38547763228416 -0.31949737668037 -1.6143703460693 -1.206778049469 0.051721811294556 -0.00087289162911475 -1.4564357115887e-05
0.38642892241478 -0.35020068287849 -1.5907254219055 -1.1972494125366 0.10076546669006 -0.003331225598231 9.5904848421924e-05
0.38681468367577 -0.38111951947212 -1.5659220218658 -1.1886088848114 0.149080991745 -0.0059225969016552 0.00010068766277982
0.38662156462669 -0.41196992993355 -1.5398046970367 -1.1817727088928 0.1969039440155 -0.0078871659934521 1.5353904018411e-05
0.3859244287014 -0.44319394230843 -1.512225151062 -1.1772518157959 0.24427008628845 -0.0086949281394482 -3.2341205951525e-05
0.38480004668236 -0.47490027546883 -1.4833490848541 -1.1751067638397 0.2908046245575 -0.0083012990653515 2.0215869881213e-05
0.38317212462425 -0.50662994384766 -1.4530663490295 -1.1746070384979 0.33738923072815 -0.0071597509086132 -4.3147501855856e-05
0.38117751479149 -0.53861021995544 -1.4217522144318 -1.1752407550812 0.38335299491882 -0.0059223584830761 0.00010945877875201
0.37881574034691 -0.57043027877808 -1.3895235061646 -1.1767227649689 0.42887377738953 -0.0048818998038769 -1.5164015167102e-05
0.37608489394188 -0.6020359992981 -1.3563594818115 -1.1788015365601 0.47422051429749 -0.0040970258414745 -1.5637995602447e-05
0.37305697798729 -0.63396668434143 -1.3222095966339 -1.1818408966064 0.51919007301331 -0.0034957341849804 7.7820717706345e-05
0.36971578001976 -0.66566562652588 -1.287100315094 -1.1855752468109 0.56398606300354 -0.0031233243644238 -4.8871639592107e-05
0.36613807082176 -0.69731569290161 -1.251122713089 -1.1901605129242 0.60824036598206 -0.0027265958487988 7.6721044024453e-05
0.36228093504906 -0.72926998138428 -1.2140634059906 -1.195601940155 0.65258717536926 -0.0025811605155468 5.580357992585e-06
0.35826548933983 -0.76117897033691 -1.176173210144 -1.2019693851471 0.69604754447937 -0.0022957734763622 -5.588671683654e-06
0.35398587584496 -0.79294562339783 -1.1371178627014 -1.2090322971344 0.74006772041321 -0.0021744184195995 7.3221221100539e-05
0.34952220320702 -0.82522916793823 -1.0969924926758 -1.2172362804413 0.78370928764343 -0.0020120553672314 7.0633577706758e-05
0.34494170546532 -0.85743570327759 -1.05584025383 -1.2261860370636 0.82692933082581 -0.0018561296164989 3.9137023122748e-05
0.34016188979149 -0.89014959335327 -1.0133771896362 -1.2362184524536 0.87019419670105 -0.0017531327903271 5.0217200623592e-05
0.33529004454613 -0.92278099060059 -0.9698760509491 -1.2469441890717 0.91324162483215 -0.0016296319663525 -3.0241273634601e-05
0.33025369048119 -0.95592594146729 -0.92471504211426 -1.2589781284332 0.95640683174133 -0.0015716962516308 1.5199465451587e-05
0.32514676451683 -0.98938035964966 -0.87819457054138 -1.2719354629517 0.9993908405304 -0.0014262609183788 -8.7990547399386e-06
0.32000216841698 -1.0235579013824 -0.83004117012024 -1.2859370708466 1.0419580936432 -0.0014081411063671 9.7821466624737e-05
0.31477364897728 -1.0580561161041 -0.78010940551758 -1.3012082576752 1.0844991207123 -0.0013356618583202 0.00010850872058654
0.30947789549828 -1.0937652587891 -0.7276337146759 -1.3178362846375 1.1271703243256 -0.0013103894889355 2.0596617105184e-05
0.30412492156029 -1.1306338310242 -0.6723906993866 -1.3362238407135 1.1698153018951 -0.0013323239982128 5.5437649280066e-05
0.2987194955349 -1.1684505939484 -0.61378765106201 -1.3564178943634 1.2125194072723 -0.0012536458671093 2.1103540348122e-05
0.29293116927147 -1.1671285629272 -0.62772297859192 -1.3515512943268 1.2313339710236 0.0018112249672413 6.2362043536268e-05
0.28769358992577 -1.12744140625 -0.70721626281738 -1.311069726944 1.2262446880341 0.0017711706459522 -2.0332276108093e-05
0.28241071105003 -1.0918567180634 -0.77903628349304 -1.2744169235229 1.2202785015106 0.0015751905739307 2.4328570361831e-05
0.2768746316433 -1.0591733455658 -0.84450459480286 -1.2412734031677 1.2148053646088 0.0013229437172413 -4.292654693927e-07
0.27118548750877 -1.0285551548004 -0.90524911880493 -1.2106332778931 1.2090609073639 0.0011756010353565 4.7119207010837e-05
0.26537188887596 -0.999751329422 -0.96226477622986 -1.1821231842041 1.2029268741608 0.001040656119585 -7.9476405517198e-05
0.25923928618431 -0.97275280952454 -1.0158042907715 -1.1553337574005 1.1971862316132 0.0011288709938526 6.4066989580169e-05
0.25305327773094 -0.94689607620239 -1.0668272972107 -1.1300127506256 1.1906907558441 0.00098629668354988 9.6793599368539e-05
0.24667796492577 -0.92236638069153 -1.1154170036316 -1.1060497760773 1.1839272975922 0.0010296888649464 8.7354805145878e-05
0.23996886610985 -0.8986496925354 -1.1618976593018 -1.0830547809601 1.1777017116547 0.00085850432515144 2.5460212782491e-05
0.23313245177269 -0.87576198577881 -1.2065255641937 -1.0611684322357 1.1708209514618 0.00094433501362801 7.6979398727417e-05
0.22609910368919 -0.85363864898682 -1.2496092319489 -1.0401389598846 1.1636283397675 0.00080748274922371 3.3874941436807e-05
0.21877536177635 -0.83236646652222 -1.2911257743835 -1.0198559761047 1.1563317775726 0.00086327269673347 -1.7650865629548e-05
0.21122989058495 -0.81146764755249 -1.3313329219818 -1.0002918243408 1.1488473415375 0.00079222396016121 -3.1557927286485e-05
0.20352706313133 -0.79131531715393 -1.3702683448792 -0.98144507408142 1.1407015323639 0.00071306899189949 -1.2747664186463e-05
0.19542703032494 -0.77172684669495 -1.40798163414 -0.96343040466309 1.1327583789825 0.00085993483662605 2.7438334200269e-06
0.18708476424217 -0.75276303291321 -1.4444100856781 -0.94624996185303 1.1245172023773 0.00096483901143074 2.5403323888895e-05
0.17848166823387 -0.73404741287231 -1.4801445007324 -0.92900657653809 1.1158034801483 0.00095482543110847 -1.5996427464415e-05
0.16950568556786 -0.71599960327148 -1.514571428299 -0.91298961639404 1.1072447299957 0.00096436217427254 8.0565860116621e-06
0.16036614775658 -0.69805407524109 -1.5484216213226 -0.89674305915833 1.0977599620819 0.00091047957539558 1.1277414159849e-05
0.15084704756737 -0.68067121505737 -1.581294298172 -0.88133645057678 1.0879271030426 0.0010850019752979 1.405471380167e-06
0.14088925719261 -0.66388893127441 -1.6131107807159 -0.86672329902649 1.078469991684 0.0011698789894581 4.3316853407305e-05
0.13059338927269 -0.64717888832092 -1.6442792415619 -0.85197997093201 1.068195104599 0.0010611601173878 2.9219378120615e-05
0.1199127137661 -0.63087892532349 -1.67462849617 -0.83809661865234 1.0577189922333 0.001155573874712 -8.2872475104523e-06
0.10896977782249 -0.61499261856079 -1.7042675018311 -0.82430934906006 1.0467483997345 0.0011102743446827 3.9646245568292e-05
0.097527116537094 -0.59936380386353 -1.7331321239471 -0.81110453605652 1.0353128910065 0.0011207647621632 9.8127922683489e-05
0.085663884878159 -0.5840539932251 -1.7612910270691 -0.79828906059265 1.0234415531158 0.0012199468910694 -2.1075542463223e-05
0.073396295309067 -0.569016456604 -1.7887754440308 -0.78577041625977 1.0109722614288 0.0012132711708546 0.00014562856813427
0.06065234541893 -0.55440783500671 -1.8155128955841 -0.77365589141846 0.99821591377258 0.0013176985085011 7.7688840974588e-05
0.047372907400131 -0.53999376296997 -1.8415131568909 -0.76197695732117 0.9851667881012 0.0012390203773975 6.1398539401125e-05
0.033596128225327 -0.526034116745 -1.8667635917664 -0.75075221061707 0.97144150733948 0.0011565275490284 3.8500984373968e-05
0.019319146871567 -0.51221752166748 -1.8914723396301 -0.73977088928223 0.95712113380432 0.0011441297829151 2.951612623292e-05
0.0044847428798676 -0.49885010719299 -1.9153714179993 -0.72930979728699 0.94219279289246 0.0012104101479053 -2.7497262635734e-05
-0.010935455560684 -0.48571944236755 -1.9385783672333 -0.7191014289856 0.92691206932068 0.0014288015663624 2.2142241505207e-05
-0.026888757944107 -0.47298455238342 -1.9611032009125 -0.70948004722595 0.91068911552429 0.0013324804604053 2.6650755899027e-05
-0.043500810861588 -0.46053338050842 -1.9828910827637 -0.6999979019165 0.89412140846252 0.0013868398964405 6.4445826865267e-05
-0.060895591974258 -0.44864630699158 -2.0037605762482 -0.69121670722961 0.87721610069275 0.001406867057085 0.00010285543248756
-0.078742653131485 -0.4367618560791 -2.0242195129395 -0.68246746063232 0.85907530784607 0.0013782568275928 3.4165212127846e-05
-0.097351223230362 -0.42538523674011 -2.0437896251678 -0.67423963546753 0.84033465385437 0.0014531202614307 8.1237696576864e-05
-0.11676660180092 -0.41464996337891 -2.06232380867 -0.66683721542358 0.82154965400696 0.0014550276100636 2.0446143025765e-05
-0.13672652840614 -0.40389943122864 -2.0805239677429 -0.65924572944641 0.80107617378235 0.0015260763466358 0.00010456335439812
-0.15753784775734 -0.39368534088135 -2.0977506637573 -0.65210509300232 0.78022742271423 0.0014993734657764 2.6034314942081e-05
