4.0919766775005e-07 1.4794963476561e-07 0.91483938694
4.0397003431281e-07 7.068113063724e-07 0.91483956575394
3.1271147804546e-07 9.6855785614025e-07 0.91483956575394
3.910409418495e-07 1.1603775647018e-06 0.91483944654465
2.0141531820173e-07 1.0242705457131e-06 0.91483944654465
6.5420273642758e-08 1.3211080158726e-06 0.91483944654465
7.8738821018831e-10 1.1320430530759e-06 0.91483968496323
-2.0736499095619e-07 1.1175658300999e-06 0.91483974456787
-1.4757372923668e-07 1.0441563063068e-06 0.91483974456787
1.9348684077158e-07 1.3110187637722e-06 0.91483962535858
3.4729087161622e-08 1.0099452083523e-06 0.91483980417252
-9.6189438636429e-08 1.0607176363919e-06 0.91483986377716
-4.3428224216768e-07 7.4595220667106e-07 0.91483980417252
-4.255379337792e-07 6.2318508753378e-07 0.91483986377716
-5.5900926554386e-07 3.8286279391286e-07 0.91483974456787
-7.8295113326021e-07 4.9211678287975e-07 0.91483986377716
-1.023797722155e-06 7.6901153533981e-07 0.91484004259109
-1.2669187299252e-06 4.9672865998218e-07 0.91484004259109
-1.0906715033343e-06 4.0926951783149e-07 0.91484010219574
-1.3419194146991e-06 7.0017847519921e-07 0.91484040021896
-1.3124771385264e-06 3.4237098134327e-07 0.91484040021896
-1.7674572063697e-06 5.1918379995186e-07 0.91484069824219
-1.8913569874712e-06 4.2599825178513e-07 0.91484123468399
-2.2478673145088e-06 6.1253018657226e-07 0.91484159231186
-1.926309096234e-06 4.1775857084758e-07 0.91484171152115
-1.9560015971365e-06 5.8101596778215e-07 0.91484153270721
-1.7009394923662e-06 5.5980439128689e-07 0.91484159231186
-1.6488925211888e-06 8.3548758311736e-07 0.9148416519165
-1.4596774917663e-06 9.1681619096562e-07 0.91484194993973
-1.6172094774447e-06 1.4627950122303e-06 0.91484224796295
-1.6253786725429e-06 1.5185243000815e-06 0.91484212875366
-2.0315042092989e-06 1.8001904891207e-06 0.91484194993973
-1.6634508028801e-06 1.7475698541602e-06 0.91484200954437
-1.6663271935613e-06 1.5441783034476e-06 0.91484200954437
-1.5482196431549e-06 1.4760295243832e-06 0.91484200954437
-1.4939525954105e-06 1.3580255426859e-06 0.91484212875366
-1.835340526668e-06 1.2918217180413e-06 0.91484218835831
-2.1467708393175e-06 1.5170654705798e-06 0.91484218835831
-2.0887052869512e-06 1.4138676078801e-06 0.91484242677689
-2.2357828584063e-06 9.9366070571705e-07 0.91484248638153
-1.8567496908872e-06 1.4117642876954e-06 0.91484254598618
-2.493462034181e-06 1.7323052361462e-06 0.91484242677689
-2.8219737941981e-06 1.941074970091e-06 0.9148423075676
-2.987135985677e-06 1.8618665080794e-06 0.9148423075676
-3.5165728604625e-06 1.7982263216254e-06 0.91484224796295
-3.8707585190423e-06 1.5438612308571e-06 0.91484218835831
-3.7073948533362e-06 1.8908133370132e-06 0.91484236717224
-3.46449587596e-06 1.8315636225452e-06 0.91484242677689
-3.3037231332855e-06 2.1602445485769e-06 0.91484236717224
-3.233018105675e-06 1.7946974821825e-06 0.91484260559082
-2.9167479169701e-06 1.3657764839081e-06 0.91484242677689
-2.850572400348e-06 1.2908460576e-06 0.91484260559082
-2.5618203380873e-06 1.8806863408827e-06 0.91484248638153
-2.7417868295743e-06 1.9087842701992e-06 0.91484242677689
-2.7300088731863e-06 1.5183167079158e-06 0.91484248638153
-2.3773673092364e-06 1.2829303841499e-06 0.91484236717224
-2.6315956347389e-06 1.1296837101327e-06 0.91484254598618
-2.740216359598e-06 9.2512721039384e-07 0.91484254598618
-2.8939825824637e-06 7.8886097298891e-07 0.91484272480011
-2.9041191282886e-06 7.7653857033511e-07 0.91484242677689
-2.8382848995534e-06 4.4981328528593e-07 0.91484254598618
-2.984735829159e-06 -4.8739352109806e-08 0.91484248638153
-3.1528061299468e-06 -6.5965241446975e-07 0.91484224796295
-3.0868550311425e-06 -4.6539128106815e-07 0.9148423075676
-0.00034743983997032 0.0010699584381655 0.91486173868179
-0.0047383066266775 0.012441698461771 0.91499763727188
-0.0089005706831813 0.024242890998721 0.91514891386032
-0.01288285292685 0.036130379885435 0.91530966758728
-0.019712679088116 0.045902814716101 0.91539347171783
-0.02644713036716 0.05575106292963 0.91545826196671
-0.03365033864975 0.065246425569057 0.91546809673309
-0.040935039520264 0.074639096856117 0.91547840833664
-0.047922194004059 0.084353096783161 0.91550332307816
-0.054905232042074 0.093961104750633 0.91550534963608
-0.061949301511049 0.10361810773611 0.91552048921585
-0.069019205868244 0.11313451826572 0.91551560163498
-0.076100327074528 0.12277616560459 0.91552549600601
-0.083137094974518 0.13241732120514 0.91553592681885
-0.090275086462498 0.14193081855774 0.91557359695435
-0.097333945333958 0.15151964128017 0.91551965475082
-0.10425658524036 0.16120210289955 0.91551226377487
-0.11141175031662 0.17074248194695 0.9155969619751
-0.11852745711803 0.18027110397816 0.91550773382187
-0.12558872997761 0.18989044427872 0.91553723812103
-0.13263909518719 0.19951085746288 0.91558408737183
-0.13967509567738 0.20909774303436 0.91560173034668
-0.14664505422115 0.21873626112938 0.91549092531204
-0.15367658436298 0.22839978337288 0.91551530361176
-0.16074845194817 0.23801571130753 0.91567188501358
-0.16766785085201 0.247702896595 0.9157606959343
-0.17454698681831 0.2573729455471 0.91577106714249
-0.18176825344563 0.26694124937057 0.91584867238998
-0.18894961476326 0.27642628550529 0.91580784320831
