-0.010496724396944 0.047743007540703 1.3023881912231 0.00069286377402022 4.1111234168056e-05 -3.0579283237457 -2.0471154130064e-05
-0.010770896449685 0.04290483891964 1.29665350914 0.00062029476976022 0.00015566340880468 -3.0105285644531 4.8492904170416e-05
-0.0110132843256 0.038126170635223 1.2909353971481 0.0005950863705948 0.00026986279408447 -2.9620981216431 0.00010590347665129
-0.011286154389381 0.033284977078438 1.2851965427399 0.00053357827709988 0.0002054751093965 -2.9139997959137 2.2946282115299e-05
-0.011558249592781 0.028471484780312 1.2794687747955 0.00042878184467554 0.00017681883764453 -2.8660616874695 4.1826748201856e-05
-0.011838387697935 0.023650705814362 1.2737293243408 0.00065427279332653 0.00015763551346026 -2.8181128501892 1.9185592464055e-05
-0.012069381773472 0.018843621015549 1.2679845094681 0.000567193957977 0.00020214478718117 -2.7695615291595 5.9663332649507e-05
-0.012342125177383 0.013998240232468 1.2622426748276 0.00050283846212551 0.00026600819546729 -2.7217633724213 3.6063524021301e-05
-0.012625157833099 0.0091738030314445 1.256515622139 0.00030309092835523 0.00027390519971959 -2.673572063446 2.1820682377438e-05
-0.012882716953754 0.0043541118502617 1.2507590055466 0.00041078549111262 0.00039014004869387 -2.6254992485046 8.4292354586069e-05
-0.01312630623579 -0.00047618895769119 1.2450357675552 0.0003241530212108 0.00031487509841099 -2.577388048172 -5.0648618525884e-06
-0.013388529419899 -0.0052638053894043 1.2393242120743 0.00027902977308258 0.00018898493726738 -2.5289974212646 9.8727752629202e-05
-0.013661891222 -0.010098680853844 1.2335587739944 0.00034035710268654 0.00024084211327136 -2.4810652732849 -3.4975571907125e-05
-0.013932906091213 -0.014940477907658 1.2278238534927 0.00016958238848019 0.0002332193107577 -2.4336493015289 3.9763221138855e-05
-0.01418948918581 -0.019745670258999 1.2221083641052 0.00026048155268654 0.00017848957213573 -2.3852844238281 3.4496490115998e-05
-0.014466933906078 -0.024595655500889 1.2163486480713 0.00011864874977618 0.0001020170020638 -2.3377714157104 2.3928175778565e-06
-0.014727346599102 -0.029406197369099 1.2105940580368 0.00018554431153461 9.6741860033944e-06 -2.2891142368317 7.1450980613008e-05
-0.014982476830482 -0.034202411770821 1.2048593759537 8.2175996794831e-05 -0.00012665826943703 -2.240683555603 2.6544779757387e-05
-0.015259400010109 -0.039016053080559 1.1991122961044 3.3071348298108e-05 -0.00014507507148664 -2.1923961639404 6.5401618485339e-05
-0.015513405203819 -0.043829429894686 1.1934008598328 -7.9728830314707e-05 -0.00030463037546724 -2.1442708969116 3.5049211874139e-05
-0.015764825046062 -0.048649698495865 1.1876797676086 -0.00023048905131873 -0.00046698810183443 -2.096565246582 -5.9378503465268e-06
-0.016023844480515 -0.053477473556995 1.1819511651993 -0.00020756726735272 -0.00071022851625457 -2.0484137535095 -1.076195621863e-05
-0.016304671764374 -0.058298505842686 1.1761907339096 -0.0002913971839007 -0.00076659099431708 -2.0003740787506 -9.6552785180393e-06
-0.016556933522224 -0.063115060329437 1.1704611778259 -0.00027966173365712 -0.00081355241127312 -1.9523051977158 1.2245420748513e-06
-0.016817353665829 -0.06789081543684 1.1647926568985 -0.00041922109085135 -0.00079799379454926 -1.9044204950333 0.00014293356798589
-0.017099231481552 -0.072792783379555 1.1589604616165 1.1102736607427e-05 -0.00073799432720989 -1.8568360805511 2.9457551136147e-05
-0.01736830547452 -0.077575489878654 1.1532518863678 0.00018452269432601 2.7091839001514e-05 -1.8082627058029 6.449125794461e-05
-0.017614457756281 -0.082430958747864 1.1474632024765 0.00017607228073757 0.0010957447811961 -1.7605875730515 1.0900496818067e-05
-0.017877619713545 -0.087222255766392 1.1417655944824 0.00055569049436599 0.0027361402753741 -1.7124007940292 6.0822516388725e-05
-0.018149824813008 -0.092059917747974 1.1360456943512 0.00066790060373023 0.0045033097267151 -1.6648989915848 0.00010349505464546
-0.018403828144073 -0.096914321184158 1.1303263902664 0.00066404626704752 0.0060341358184814 -1.6176482439041 7.4589333962649e-06
-0.018667370080948 -0.10169534385204 1.1245467662811 0.00058422394795343 0.0067656440660357 -1.5694078207016 3.5487646528054e-05
-0.018946338444948 -0.10649702697992 1.1188259124756 0.00041450769640505 0.006533173378557 -1.5207530260086 1.6581559975748e-05
-0.019206680357456 -0.11135905981064 1.1130517721176 0.00025892051053233 0.0057001784443855 -1.4729236364365 4.7675279347459e-05
-0.019470151513815 -0.11619307845831 1.1073169708252 -3.7888951283094e-06 0.0047026271931827 -1.4247713088989 -7.4582062552508e-06
-0.019730888307095 -0.12097115069628 1.1016325950623 -0.0002545164024923 0.0038571325130761 -1.3767482042313 6.9419744249899e-05
-0.019994542002678 -0.12579825520515 1.0958832502365 -0.00022642545809504 0.0031832021195441 -1.3287147283554 1.4419766557694e-05
-0.020273976027966 -0.13062047958374 1.0900831222534 -0.00018587379599921 0.0029002213850617 -1.2804359197617 8.0995996540878e-05
-0.020532324910164 -0.13542541861534 1.0844337940216 -0.00048774792230688 0.0027229548431933 -1.2324800491333 0.00013646380102728
-0.020788222551346 -0.14026530086994 1.078647851944 -0.00054271135013551 0.0026292277034372 -1.1850361824036 5.5704407714074e-05
-0.021041795611382 -0.14509078860283 1.0729013681412 -0.00058317231014371 0.0025787863414735 -1.1372725963593 6.2721551330469e-06
-0.021287478506565 -0.14991112053394 1.0671927928925 -0.00055223063100129 0.0024950599763542 -1.0894378423691 -1.1771815024986e-06
-0.021572902798653 -0.15471647679806 1.061373591423 -0.00072115508373827 0.0022730468772352 -1.0409095287323 3.6935893149348e-05
-0.021844796836376 -0.1595274657011 1.0556757450104 -0.00083958503091708 0.0023547946475446 -0.99271529912949 -1.266005801881e-05
-0.022119253873825 -0.16436921060085 1.0498806238174 -0.00092990044504404 0.0023592950310558 -0.94483941793442 2.5073470169445e-05
-0.022371791303158 -0.16916278004646 1.0441817045212 -0.0011314942967147 0.0023673654068261 -0.89721566438675 8.5465246229433e-05
-0.022635340690613 -0.17398238182068 1.0385316610336 -0.0015386679442599 0.0023733521811664 -0.84926450252533 2.2080608687247e-05
-0.022871725261211 -0.17883837223053 1.0326552391052 -0.0018113568658009 0.0024442197754979 -0.80154120922089 4.6060155000305e-05
-0.023150131106377 -0.1836265027523 1.026970744133 -0.0019366175401956 0.0027218470349908 -0.75347137451172 7.7885015343782e-05
-0.023415893316269 -0.18846380710602 1.0211756229401 -0.0024766691494733 0.0028429832309484 -0.7055960893631 9.9371776741464e-05
-0.023686811327934 -0.19328147172928 1.0153971910477 -0.0031175257172436 0.0033155954442918 -0.65756613016129 6.4008228946477e-05
-0.02394100278616 -0.19808611273766 1.0096980333328 -0.0048718648031354 0.0038864579983056 -0.61066776514053 8.7970780441537e-05
-0.02421397715807 -0.20292909443378 1.0039030313492 -0.0075899912044406 0.0055397157557309 -0.56327587366104 2.2483984139399e-05
-0.024464413523674 -0.20773516595364 0.99830365180969 -0.015683688223362 0.0094683738425374 -0.5187686085701 6.4558182202745e-05
-0.024732686579227 -0.21252746880054 0.99236559867859 -0.040239162743092 0.021081134676933 -0.47993525862694 8.1341586337658e-06
-0.024988859891891 -0.21727441251278 0.98677635192871 -0.085738226771355 0.041007801890373 -0.44652715325356 -4.150399036007e-06
-0.02522262185812 -0.22204656898975 0.98115944862366 -0.1343194693327 0.058477286249399 -0.40758967399597 3.998165630037e-05
-0.025510683655739 -0.22683280706406 0.97521424293518 -0.1824808716774 0.070431753993034 -0.36207836866379 2.6902052923106e-05
-0.025740772485733 -0.23162223398685 0.96946942806244 -0.23009292781353 0.07572828233242 -0.30970826745033 8.2921149441972e-05
-0.026017099618912 -0.23640377819538 0.96385586261749 -0.27654528617859 0.073821060359478 -0.25022742152214 4.3244981497992e-05
-0.026273220777512 -0.24120463430882 0.95807808637619 -0.31959670782089 0.062970973551273 -0.18365274369717 2.6282808903488e-05
-0.026539459824562 -0.24599352478981 0.95232653617859 -0.35680377483368 0.043580126017332 -0.11107048392296 7.2063437528413e-07
-0.026062324643135 -0.24273884296417 0.94966381788254 -0.32542395591736 0.027091117575765 -0.079745508730412 0.00010140338417841
-0.025066003203392 -0.23320263624191 0.94972628355026 -0.24097768962383 0.021344799548388 -0.086660236120224 7.8165176091716e-05
-0.024050403386354 -0.22366717457771 0.94962894916534 -0.14902690052986 0.014300595037639 -0.094436571002007 9.337152732769e-05
-0.023010943084955 -0.21416717767715 0.94958955049515 -0.047592207789421 0.0051241046749055 -0.10314114391804 -4.3191967051825e-06
-0.022012397646904 -0.20471359789371 0.94982385635376 0.054581355303526 -0.006109663285315 -0.11147946864367 -9.3720245786244e-06
-0.020970072597265 -0.1950651705265 0.9496710896492 0.017535062506795 -0.0022758299019188 -0.10795713216066 -1.6636511645629e-05
-0.019914459437132 -0.1854215413332 0.94970703125 0.0064897956326604 -0.00076340395025909 -0.10783303529024 4.5416309149005e-06
-0.018904164433479 -0.17581890523434 0.94970548152924 0.004445203114301 -0.00048497488023713 -0.10726279765368 0.00014277963782661
-0.017844226211309 -0.16622623801231 0.94971215724945 0.0036296765320003 -0.00054593593813479 -0.10751529037952 -1.0493181434867e-05
-0.016808450222015 -0.15661872923374 0.94982302188873 0.002970838919282 -0.00047151077887975 -0.10753848403692 -2.660438269686e-07
-0.015827864408493 -0.14701469242573 0.94984602928162 0.0024966660421342 -0.00025683487183414 -0.10692466795444 -8.2691612988128e-06
-0.014787930995226 -0.13743841648102 0.94974040985107 0.0022801978047937 -0.00027432286879048 -0.10682320594788 1.7035701603163e-05
-0.01375194080174 -0.12782657146454 0.94978451728821 0.0021150554530323 -0.00040523748612031 -0.10719542950392 2.520849739085e-05
-0.012721106410027 -0.11822684109211 0.94980239868164 0.001975325634703 -0.00026620627613738 -0.10709835588932 -8.6330328485928e-06
-0.011671934276819 -0.10862001776695 0.94986480474472 0.0016117686172947 -0.00021628606191371 -0.10714577138424 2.2603548131883e-05
-0.010632943361998 -0.099028497934341 0.94982182979584 0.0017635183176026 -0.00015685689868405 -0.10735104978085 5.3357420256361e-05
-0.0096080992370844 -0.08944071829319 0.94983601570129 0.0015441247960553 -0.0002419954398647 -0.10725941509008 6.0557871620404e-05
-0.0085857212543488 -0.079840287566185 0.94986212253571 0.0014034080086276 -0.00015342759434134 -0.10740875452757 6.7127126385458e-05
-0.0075728353112936 -0.070241391658783 0.94986611604691 0.0013238749234006 -0.00019318822887726 -0.10751935094595 0.0001139279193012
-0.0065395273268223 -0.060646876692772 0.94989717006683 0.0011642539175227 -0.000173306762008 -0.10648426413536 -2.8725049560308e-05
-0.0055154971778393 -0.0510333776474 0.94993078708649 0.0012069119838998 -0.00025984409148805 -0.10714061558247 8.2875711086672e-05
-0.0044715795665979 -0.04144375026226 0.94989889860153 0.0017521443078294 -0.00013950886204839 -0.10647620260715 5.4731921409257e-05
-0.0034604351967573 -0.031846076250076 0.94990509748459 0.0019953665323555 -0.00019208976300433 -0.10681965947151 -1.804204543987e-06
-0.0023927874863148 -0.022247910499573 0.94992911815643 0.0016928031109273 -0.00015220644127112 -0.10712231695652 3.2335199648514e-05
-0.0013570059090853 -0.012627139687538 0.94988626241684 0.0018689286662266 -0.00027543512987904 -0.10723485797644 1.5934683688101e-05
-0.00031489413231611 -0.0030407458543777 0.94993829727173 0.0017406485276297 -0.00019419458112679 -0.10739230364561 -1.7639315046836e-05
0.00068454071879387 0.0065540969371796 0.94993770122528 0.0016699228435755 -0.00033009919570759 -0.10689697414637 -7.5091325015819e-06
0.0017177136614919 0.016140818595886 0.94994509220123 0.0017163917655125 -0.00029388954862952 -0.10656765848398 3.4022945328616e-05
0.0027504218742251 0.025743134319782 0.94995826482773 0.0015609470428899 -0.00017327893874608 -0.10723338276148 0.0001043788579409
0.0038178944960237 0.035363271832466 0.94992291927338 0.0013874766882509 -0.00015757088840473 -0.10764475166798 -9.5716286523384e-06
0.0048372922465205 0.04495145380497 0.94993036985397 0.0015614909352735 -0.00018355911015533 -0.10740324854851 2.6042591798614e-06
0.005843561142683 0.054548874497414 0.94994246959686 0.0015824338188395 -0.00035293420660309 -0.10723076760769 8.7416548922192e-05
0.006889283657074 0.064150393009186 0.9499459862709 0.0015616201562807 -0.00021513461251743 -0.10686208307743 2.010593743762e-05
0.0079321786761284 0.073749981820583 0.94992804527283 0.0014396758051589 -0.00024628822575323 -0.10724719613791 1.1682336662489e-05
0.0089502725750208 0.083349384367466 0.94994866847992 0.0014291898114607 -0.00019407876243349 -0.10635650157928 -5.144922852196e-06
0.0099679064005613 0.092933818697929 0.94999939203262 0.0013586989371106 -6.3454957853537e-05 -0.10696612298489 9.2833623057231e-05
0.011013390496373 0.10254446417093 0.94997465610504 0.0012790154432878 -0.00021890795323998 -0.10699429363012 0.00010935527097899
0.012048054486513 0.11214270442724 0.94996821880341 0.0011858906364068 -0.0001024819794111 -0.10724818706512 4.9729096645024e-05
0.013053454458714 0.12173797190189 0.94998395442963 0.0012159544276074 -0.0001337137655355 -0.10682798177004 0.00013749118079431
0.014118246734142 0.13134832680225 0.94997119903564 0.0011495478684083 -0.00013175162894186 -0.10730373114347 -2.202000177931e-05
0.015139227733016 0.14093372225761 0.94998854398727 0.0010679754195735 -0.00016233714995906 -0.10739151388407 5.7653964177007e-05
0.016189457848668 0.15054731070995 0.94997996091843 0.0012107664952055 -0.00011552295472939 -0.10730778425932 2.7416121156421e-05
0.017203126102686 0.16013802587986 0.94999504089355 0.0011060042306781 -3.4351702197455e-05 -0.10670330375433 -2.6206456823274e-05
0.018222814425826 0.16973666846752 0.9499773979187 0.0010237423703074 -0.00019569529104047 -0.10654643177986 2.2356898625731e-05
0.019286874681711 0.17934636771679 0.94998395442963 0.0010788242798299 -0.00016273235087283 -0.10726548731327 -3.4058386518154e-05
0.0202970020473 0.1889290958643 0.94998699426651 0.0010298161068931 -0.00018662988441065 -0.10685620456934 8.0199468357023e-05
0.021325699985027 0.19852301478386 0.949991106987 0.0010165077401325 -0.00016699558182154 -0.10691258311272 4.283614907763e-05
0.022381708025932 0.20812094211578 0.94998854398727 0.00092147925170138 -0.00016986220725812 -0.10687553882599 5.7120167184621e-05
0.023399159312248 0.21773175895214 0.94999045133591 0.0010373232653365 -0.00012317724758759 -0.10699728876352 0.00011486733274069
0.024441421031952 0.22734116017818 0.9499859213829 0.00092132436111569 -0.00023555223015137 -0.10734349489212 9.4494920631405e-05
0.025468219071627 0.2369360178709 0.94999134540558 0.00090896734036505 -0.00018632003047969 -0.10719174146652 2.8464837669162e-05
0.026493106037378 0.24653521180153 0.94997578859329 0.0008747890824452 -0.000362634396879 -0.10686247050762 -6.9224984144967e-06
