-0.035672571510077 0.20103308558464 -1.7295978069305 -1.6136803627014 -1.6896770000458 5.7179262512363e-05 -2.0471154130064e-05
-0.054865743964911 0.18283316493034 -1.7298076152802 -1.5952162742615 -1.7568109035492 -0.00010017699969467 4.8492904170416e-05
-0.073193222284317 0.16366764903069 -1.7288200855255 -1.5769765377045 -1.8234043121338 -0.0001960212684935 0.00010590347665129
-0.090399891138077 0.14353129267693 -1.726687669754 -1.5589714050293 -1.8886651992798 -0.00016335792315658 2.2946282115299e-05
-0.10666289925575 0.12264630198479 -1.7233839035034 -1.5413644313812 -1.9531760215759 -0.00020484277047217 4.1826748201856e-05
-0.12175241112709 0.10095259547234 -1.7189886569977 -1.5240998268127 -2.016190290451 -0.00019220658577979 1.9185592464055e-05
-0.13586488366127 0.078531235456467 -1.7134113311768 -1.5072629451752 -2.0785746574402 -0.00019578286446631 5.9663332649507e-05
-0.14891543984413 0.055427998304367 -1.7066986560822 -1.4908719062805 -2.1395864486694 -0.00029734917916358 3.6063524021301e-05
-0.16103473305702 0.031678646802902 -1.6987552642822 -1.4750111103058 -2.1999771595001 -0.00026325532235205 2.1820682377438e-05
-0.17201629281044 0.00749871134758 -1.6898093223572 -1.4597625732422 -2.258939743042 -0.00027851411141455 8.4292354586069e-05
-0.18209663033485 -0.017282038927078 -1.6795923709869 -1.4451818466187 -2.3171951770782 -0.00031833001412451 -5.0648618525884e-06
-0.19119802117348 -0.042454034090042 -1.6683392524719 -1.4312407970428 -2.3743641376495 -0.00035552331246436 9.8727752629202e-05
-0.19936290383339 -0.068091183900833 -1.6559886932373 -1.4179985523224 -2.4304583072662 -0.00032619782723486 -3.4975571907125e-05
-0.20670500397682 -0.094126492738724 -1.6424918174744 -1.4052903652191 -2.4860589504242 -0.00030569382943213 3.9763221138855e-05
-0.21310272812843 -0.12037017941475 -1.6280038356781 -1.3935267925262 -2.5402400493622 -0.00016645737923682 3.4496490115998e-05
-0.21875730156898 -0.14700582623482 -1.6124024391174 -1.3823955059052 -2.5939922332764 -0.00014547654427588 2.3928175778565e-06
-0.22359362244606 -0.17388632893562 -1.5957338809967 -1.3720498085022 -2.647100687027 7.7921664342284e-05 7.1450980613008e-05
-0.22767820954323 -0.20089104771614 -1.5781486034393 -1.3623714447021 -2.699295759201 0.00029631308279932 2.6544779757387e-05
-0.23104110360146 -0.22812727093697 -1.559513092041 -1.353444814682 -2.7505812644958 0.00066824606619775 6.5401618485339e-05
-0.23370161652565 -0.25534012913704 -1.540066242218 -1.3451056480408 -2.8013002872467 0.0011703555937856 3.5049211874139e-05
-0.23570576310158 -0.28268864750862 -1.5196342468262 -1.3373653888702 -2.8512027263641 0.0019886081572622 -5.9378503465268e-06
-0.23709097504616 -0.31012204289436 -1.4983677864075 -1.3299851417542 -2.9008231163025 0.0031969135161489 -1.076195621863e-05
-0.23789516091347 -0.33746460080147 -1.4764366149902 -1.3229298591614 -2.9495067596436 0.00475187972188 -9.6552785180393e-06
-0.2381252348423 -0.36474445462227 -1.4537537097931 -1.3159213066101 -2.9977750778198 0.0071775503456593 1.2245420748513e-06
-0.23782387375832 -0.39178469777107 -1.4304389953613 -1.3089218139648 -3.0455214977264 0.010271269828081 0.00014293356798589
-0.23702374100685 -0.41911032795906 -1.4064242839813 -1.3016760349274 -3.0926716327667 0.014565665274858 2.9457551136147e-05
-0.23573651909828 -0.44577410817146 -1.3819918632507 -1.2942492961884 -3.1393089294434 0.019667822867632 6.449125794461e-05
-0.23398867249489 -0.47259119153023 -1.3567745685577 -1.2870774269104 -3.1857364177704 0.025206763297319 1.0900496818067e-05
-0.2318197786808 -0.4993214905262 -1.3305578231812 -1.2814652919769 -3.2316737174988 0.030292231589556 6.0822516388725e-05
-0.22925463318825 -0.52656388282776 -1.302942276001 -1.2787978649139 -3.2767918109894 0.033290106803179 0.00010349505464546
-0.22631040215492 -0.55440044403076 -1.2735612392426 -1.2803950309753 -3.3214647769928 0.033137042075396 7.4589333962649e-06
-0.22300663590431 -0.58334755897522 -1.2421395778656 -1.2864017486572 -3.366334438324 0.029616076499224 3.5487646528054e-05
-0.2193583548069 -0.61295127868652 -1.2090158462524 -1.295608997345 -3.4109373092651 0.023916441947222 1.6581559975748e-05
-0.21539822220802 -0.64281439781189 -1.1750311851501 -1.30601978302 -3.4546916484833 0.017675120383501 4.7675279347459e-05
-0.21113839745522 -0.67244124412537 -1.1404309272766 -1.3159077167511 -3.4985547065735 0.012718874961138 -7.4582062552508e-06
-0.20658126473427 -0.70174860954285 -1.1055378913879 -1.3248357772827 -3.5421464443207 0.009273249655962 6.9419744249899e-05
-0.20179191231728 -0.73100686073303 -1.0702874660492 -1.333151102066 -3.5850927829742 0.007022101432085 1.4419766557694e-05
-0.19672814011574 -0.76032280921936 -1.0341041088104 -1.3413164615631 -3.628485918045 0.0058004446327686 8.0995996540878e-05
-0.19145861268044 -0.78932619094849 -0.9973030090332 -1.3497042655945 -3.671222448349 0.0050684995949268 0.00013646380102728
-0.18598166108131 -0.81871366500854 -0.95966863632202 -1.3586237430573 -3.713529586792 0.0043675489723682 5.5704407714074e-05
-0.18030133843422 -0.84826827049255 -0.92085981369019 -1.3683505058289 -3.7557990550995 0.0039245672523975 6.2721551330469e-06
-0.17443934082985 -0.87800049781799 -0.88093161582947 -1.378741979599 -3.7979652881622 0.0036813803017139 -1.1771815024986e-06
-0.16843882203102 -0.90830159187317 -0.83979368209839 -1.3899943828583 -3.8397829532623 0.003261286765337 3.6935893149348e-05
-0.16224923729897 -0.9388484954834 -0.79720211029053 -1.4020946025848 -3.881781578064 0.0031888075172901 -1.266005801881e-05
-0.15594759583473 -0.96992349624634 -0.75304222106934 -1.4152297973633 -3.9233863353729 0.0029408521950245 2.5073470169445e-05
-0.14952602982521 -1.0016605854034 -0.70713686943054 -1.4294593334198 -3.9647648334503 0.0028569288551807 8.5465246229433e-05
-0.1429571211338 -1.0341413021088 -0.65886878967285 -1.4449956417084 -4.0062608718872 0.0028516836464405 2.2080608687247e-05
-0.13631787896156 -1.0678911209106 -0.60824751853943 -1.4618017673492 -4.0474462509155 0.0028559751808643 4.6060155000305e-05
-0.12960425019264 -1.1026210784912 -0.55447125434875 -1.4806020259857 -4.0884428024292 0.0028793402016163 7.7885015343782e-05
-0.12278214097023 -1.1393709182739 -0.49626469612122 -1.5014607906342 -4.1297092437744 0.0030862875282764 9.9371776741464e-05
-0.11590757966042 -1.1785299777985 -0.43273615837097 -1.5250413417816 -4.1705474853516 0.0033547468483448 6.4008228946477e-05
-0.10908022522926 -1.2210912704468 -0.36132478713989 -1.5522272586823 -4.2110109329224 0.0038988180458546 8.7970780441537e-05
-0.10224691033363 -1.2690825462341 -0.27762746810913 -1.5843732357025 -4.2510747909546 0.0053841657936573 2.2483984139399e-05
-0.095658451318741 -1.325199842453 -0.17442679405212 -1.6218910217285 -4.2893705368042 0.0086271353065968 6.4558182202745e-05
-0.089933067560196 -1.3851382732391 -0.057465553283691 -1.65007853508 -4.3222894668579 0.018772799521685 8.1341586337658e-06
-0.084966093301773 -1.4123685359955 -0.00036787986755371 -1.6272361278534 -4.350802898407 0.036006648093462 -4.150399036007e-06
-0.079228073358536 -1.4139249324799 0.003403902053833 -1.5763201713562 -4.3838000297546 0.050401885062456 3.998165630037e-05
-0.072596222162247 -1.4143757820129 0.0024168491363525 -1.525600194931 -4.422336101532 0.059550482779741 2.6902052923106e-05
-0.06498709321022 -1.4152522087097 0.0016400814056396 -1.478134393692 -4.4666428565979 0.062804892659187 8.2921149441972e-05
-0.056413561105728 -1.4168546199799 0.0012195110321045 -1.4343333244324 -4.5167412757874 0.059482768177986 4.3244981497992e-05
-0.046731382608414 -1.4192609786987 0.00089240074157715 -1.3944358825684 -4.5734820365906 0.048865988850594 2.6282808903488e-05
-0.036168962717056 -1.4225509166718 0.00055241584777832 -1.3592083454132 -4.6354842185974 0.031052783131599 7.2063437528413e-07
-0.031070619821548 -1.4280941486359 -0.0019655227661133 -1.384533405304 -4.6621522903442 0.0172268897295 0.00010140338417841
-0.031124502420425 -1.4372563362122 -0.0031294822692871 -1.459050655365 -4.6560621261597 0.014049723744392 7.8165176091716e-05
-0.031376034021378 -1.4481406211853 -0.0055875778198242 -1.5380923748016 -4.6488556861877 0.0098402053117752 9.337152732769e-05
-0.03170457482338 -1.4583919048309 -0.014327764511108 -1.6210362911224 -4.6412925720215 0.0036761313676834 -4.3191967051825e-06
-0.032204777002335 -1.4316811561584 -0.10185861587524 -1.663138628006 -4.6328382492065 -0.0042536705732346 -9.3720245786244e-06
-0.030773550271988 -1.2972061634064 -0.36753940582275 -1.4947261810303 -4.6346483230591 -0.0016828030347824 -1.6636511645629e-05
-0.029704004526138 -1.2354264259338 -0.48987793922424 -1.4229822158813 -4.6343588829041 -0.00055365264415741 4.5416309149005e-06
-0.028721243143082 -1.1902287006378 -0.58112907409668 -1.3749544620514 -4.6335296630859 -0.00031618773937225 0.00014277963782661
-0.027667433023453 -1.1512780189514 -0.65949106216431 -1.3345646858215 -4.6328778266907 -0.00034622848033905 -1.0493181434867e-05
-0.026681810617447 -1.1162161827087 -0.72957992553711 -1.298755645752 -4.6317400932312 -0.00028400123119354 -2.660438269686e-07
-0.025670439004898 -1.0842707157135 -0.79370594024658 -1.2661962509155 -4.63068151474 -0.0002315491437912 -8.2691612988128e-06
-0.024579912424088 -1.0546522140503 -0.85310983657837 -1.2362594604492 -4.6298742294312 -0.00018410384654999 1.7035701603163e-05
-0.023493677377701 -1.0266885757446 -0.90887236595154 -1.20827460289 -4.6287560462952 -0.00021366775035858 2.520849739085e-05
-0.022350937128067 -1.0000741481781 -0.96165347099304 -1.1818916797638 -4.6277151107788 -0.00021104514598846 -8.6330328485928e-06
-0.021213442087173 -0.97461485862732 -1.0118989944458 -1.1568310260773 -4.6265153884888 -0.00011567771434784 2.2603548131883e-05
-0.020072132349014 -0.95050120353699 -1.0598363876343 -1.1330876350403 -4.6251177787781 -0.00012736022472382 5.3357420256361e-05
-0.01885262131691 -0.927006483078 -1.1059587001801 -1.1102800369263 -4.6238679885864 -0.0001557320356369 6.0557871620404e-05
-0.017619043588638 -0.9042866230011 -1.1505393981934 -1.0881807804108 -4.6225023269653 -9.7319483757019e-05 6.7127126385458e-05
-0.016347080469131 -0.88238215446472 -1.1934907436371 -1.0671029090881 -4.6212167739868 -0.00013570487499237 0.0001139279193012
-0.014950662851334 -0.86096549034119 -1.235196352005 -1.0466980934143 -4.6202425956726 -0.00014667212963104 -2.8725049560308e-05
-0.01357164978981 -0.84008836746216 -1.2756612300873 -1.0270729064941 -4.6189045906067 -0.00015072524547577 8.2875711086672e-05
-0.012198835611343 -0.82008409500122 -1.3148648738861 -1.0084543228149 -4.6173806190491 -0.00017337501049042 5.4731921409257e-05
-0.010781675577164 -0.80030131340027 -1.3531858921051 -0.99014592170715 -4.6159448623657 -0.00016312301158905 -1.804204543987e-06
-0.0092519819736481 -0.78073000907898 -1.390823841095 -0.97185087203979 -4.6144914627075 -0.0001244992017746 3.2335199648514e-05
-0.0077718794345856 -0.76169514656067 -1.4274888038635 -0.95440268516541 -4.6126866340637 -0.00018100440502167 1.5934683688101e-05
-0.0061465799808502 -0.74282789230347 -1.4634552001953 -0.93713808059692 -4.6112775802612 -0.00021891295909882 -1.7639315046836e-05
-0.0044704973697662 -0.7243435382843 -1.4987466335297 -0.92027950286865 -4.6097917556763 -0.0002930611371994 -7.5091325015819e-06
-0.0027946531772614 -0.70610618591309 -1.5333590507507 -0.90385746955872 -4.6079931259155 -0.00025539100170135 3.4022945328616e-05
-0.0010634958744049 -0.68809604644775 -1.5673584938049 -0.88777709007263 -4.6061978340149 -0.00022463500499725 0.0001043788579409
0.00074467062950134 -0.67038106918335 -1.6008348464966 -0.87199759483337 -4.6042609214783 -0.00016407668590546 -9.5716286523384e-06
0.0026291310787201 -0.65285897254944 -1.6337282657623 -0.85673069953918 -4.6024122238159 -0.00013212859630585 2.6042591798614e-06
0.0045879781246185 -0.6354615688324 -1.6661524772644 -0.84163928031921 -4.6007256507874 -0.00017313659191132 8.7416548922192e-05
0.0066026151180267 -0.61821269989014 -1.6981618404388 -0.82677268981934 -4.5986647605896 -0.00019530951976776 2.010593743762e-05
0.0086916387081146 -0.60123324394226 -1.7296507358551 -0.81229758262634 -4.5965466499329 -0.00021891295909882 1.1682336662489e-05
0.010893195867538 -0.58428311347961 -1.7607796192169 -0.79807591438293 -4.5944285392761 -0.0001547783613205 -5.144922852196e-06
0.013079971075058 -0.56739735603333 -1.7915832996368 -0.78387904167175 -4.5919089317322 -0.00023822486400604 9.2833623057231e-05
0.015375465154648 -0.55077171325684 -1.821920633316 -0.77029919624329 -4.5894451141357 -0.00022511184215546 0.00010935527097899
0.017737716436386 -0.53416204452515 -1.8519525527954 -0.75678873062134 -4.5867133140564 -0.00026921927928925 4.9729096645024e-05
0.020313113927841 -0.51763916015625 -1.8816359043121 -0.74362468719482 -4.5843133926392 -0.00024347007274628 0.00013749118079431
0.022979110479355 -0.50117015838623 -1.9110379219055 -0.7306022644043 -4.5819683074951 -0.00019507110118866 -2.202000177931e-05
0.025749057531357 -0.48477292060852 -1.9400994777679 -0.71792697906494 -4.5792922973633 -0.00018410384654999 5.7653964177007e-05
0.02862486243248 -0.46843361854553 -1.9689364433289 -0.70551323890686 -4.5762205123901 -0.00022654235363007 2.7416121156421e-05
0.031644195318222 -0.45204997062683 -1.9975159168243 -0.69321417808533 -4.5734348297119 -0.00017742812633514 -2.6206456823274e-05
0.034785121679306 -0.4357442855835 -2.0258090496063 -0.68118357658386 -4.5705137252808 -0.00015334784984589 2.2356898625731e-05
0.038007110357285 -0.41937160491943 -2.053929567337 -0.66941165924072 -4.5668420791626 -0.0002012699842453 -3.4058386518154e-05
0.041464179754257 -0.40304374694824 -2.0817453861237 -0.6579270362854 -4.5635743141174 -0.00021247565746307 8.0199468357023e-05
0.045040935277939 -0.38668966293335 -2.1093790531158 -0.6467068195343 -4.5599093437195 -0.00021414458751678 4.283614907763e-05
0.048844665288925 -0.3702187538147 -2.1368544101715 -0.63559865951538 -4.5560178756714 -0.00019244849681854 5.7120167184621e-05
0.052831500768661 -0.35370135307312 -2.164124250412 -0.62482452392578 -4.5521402359009 -0.00019101798534393 0.00011486733274069
0.057007163763046 -0.33710837364197 -2.1912217140198 -0.61434507369995 -4.5478315353394 -0.00019697844982147 9.4494920631405e-05
0.061446040868759 -0.32039093971252 -2.2181432247162 -0.60406422615051 -4.5434503555298 -0.0001709908246994 2.8464837669162e-05
0.06619867682457 -0.30355048179626 -2.2449178695679 -0.59407567977905 -4.5390300750732 -0.00021080672740936 -6.9224984144967e-06
