-1.0182294118977e-07 3.4458213349353e-07 0.91483896970749
5.0502148241094e-08 1.7426737031201e-07 0.9148388504982
2.075019978065e-08 5.0094651982135e-08 0.9148388504982
6.7648691981503e-08 -8.9571081218764e-08 0.91483896970749
3.0191699806892e-07 -2.7895617904505e-07 0.91483908891678
5.3718508752354e-07 -8.9983086581924e-07 0.91483908891678
5.0444447197151e-07 -7.7367764106384e-07 0.91483926773071
5.7821051768769e-07 -1.3967601262266e-06 0.91483932733536
6.8493744720399e-07 -1.2168102330179e-06 0.91483944654465
6.0564794068796e-08 -1.2408835345923e-06 0.91483932733536
4.1095773894995e-08 -1.4073808642934e-06 0.91483914852142
-2.5251856072828e-07 -1.5275821851901e-06 0.91483891010284
-3.1190106142276e-07 -1.3594267329609e-06 0.91483908891678
-4.7344769882329e-07 -1.4362844922289e-06 0.91483914852142
-6.8809765707556e-07 -1.3054550436209e-06 0.91483920812607
-5.9087210502184e-07 -8.938630458033e-07 0.91483914852142
-6.9277228931242e-07 -1.2329890068941e-06 0.91483932733536
-2.5748926191227e-07 -1.2085216667401e-06 0.91483920812607
1.3792118558342e-09 -1.1708212923622e-06 0.91483920812607
-1.265053839461e-08 -1.0731682777987e-06 0.91483914852142
4.0730903094754e-08 -1.3748200444752e-06 0.91483908891678
2.1973853847612e-07 -1.3068914768155e-06 0.91483902931213
1.6948027337094e-07 -1.3603826118924e-06 0.91483914852142
-5.3967916358033e-08 -1.5939207287374e-06 0.91483920812607
5.5377498142661e-09 -1.8310321365789e-06 0.91483920812607
-2.8958169195903e-07 -2.0038530692545e-06 0.91483938694
-3.4064257192767e-07 -1.7041936644091e-06 0.91483944654465
-5.7876724213202e-07 -1.7415551383237e-06 0.91483944654465
-5.0211588131788e-07 -1.7664782490101e-06 0.91483956575394
-4.2680403566919e-07 -1.5807721638339e-06 0.91483974456787
-4.7585632501068e-07 -1.7149927771243e-06 0.91483968496323
-1.0199977396042e-06 -1.5201865153358e-06 0.91483962535858
-7.9107439887594e-07 -1.0638428875609e-06 0.91483956575394
-7.1344425123243e-07 -6.924395279384e-07 0.91483950614929
-7.9714050116308e-07 -7.5326101978135e-07 0.91483944654465
-1.1267730997133e-06 -1.2310027841522e-06 0.91483962535858
-1.3339711131266e-06 -1.1945566029681e-06 0.91483944654465
-1.4957500980017e-06 -1.0059898158943e-06 0.91483938694
-1.9564249669202e-06 -1.024463244903e-06 0.91483950614929
-2.0136537841609e-06 -1.2150777592979e-06 0.91483950614929
-1.9682915990415e-06 -1.2549924122141e-06 0.91483956575394
-1.9548258478608e-06 -1.2836823088946e-06 0.91483956575394
-2.0955430954928e-06 -1.0370090421929e-06 0.91483926773071
-2.2791025457991e-06 -1.4122692846286e-06 0.91483908891678
-2.6622785753716e-06 -1.2585601325554e-06 0.91483891010284
-2.3613949906576e-06 -1.1679184126479e-06 0.91483873128891
-2.3791367311787e-06 -1.5508148862864e-06 0.91483879089355
-2.5813844786171e-06 -1.3837340020473e-06 0.91483908891678
-2.4665253022249e-06 -1.8845674958357e-06 0.91483926773071
-2.5522811029077e-06 -1.8152912844016e-06 0.91483932733536
-2.5554861622368e-06 -1.6019573649828e-06 0.91483938694
-3.3883507057908e-06 -1.2099247896913e-06 0.91483938694
-3.4268398394488e-06 -1.1539342494871e-06 0.91483962535858
-3.6125845781498e-06 -1.5095855587788e-06 0.91483962535858
-3.3646215342742e-06 -1.6806727671792e-06 0.91483962535858
-3.140263743262e-06 -1.5138302842388e-06 0.91483998298645
-2.7635658170766e-06 -9.9949863852089e-07 0.91483974456787
-2.9411462492135e-06 -9.4550296125817e-07 0.91483992338181
-3.1801346267457e-06 -9.8647785762296e-07 0.91483992338181
-3.3293499654974e-06 -7.9520202689309e-07 0.91484004259109
-3.136005034321e-06 -1.1276492841716e-06 0.91484016180038
-3.5257410218037e-06 -1.1751587862818e-06 0.91484028100967
-3.0829894512863e-06 -1.3275031278681e-06 0.91484028100967
-2.5233216547349e-06 -1.2222515124449e-06 0.91484040021896
-2.0407610463735e-06 -1.439993184249e-06 0.91484045982361
-1.6006617897801e-06 -1.082383278117e-06 0.91484045982361
-1.4932431895431e-06 -1.5125784784686e-06 0.91484040021896
-1.1521249234647e-06 -1.5484662299059e-06 0.91484063863754
-5.4911402003199e-07 -1.5808415128049e-06 0.91484069824219
-6.5709298269212e-07 -1.9636750039354e-06 0.91484099626541
-5.7851713108903e-07 -1.8979942524311e-06 0.91484105587006
-6.3807920014369e-07 -1.8492715980756e-06 0.91484087705612
-6.1830581898903e-07 -1.9155672816851e-06 0.91484087705612
-8.1444676425235e-07 -2.0114885046496e-06 0.9148411154747
-6.625081709899e-07 -1.8743953660305e-06 0.91484135389328
-1.1114725566586e-06 -1.9700441953319e-06 0.91484135389328
-9.5809252798063e-07 -2.2977296794124e-06 0.91484153270721
-8.9115371793014e-07 -2.4129856228683e-06 0.91484171152115
-8.9683948090169e-07 -2.6848081233766e-06 0.91484177112579
0.00040291892946698 0.008952253498137 0.91486167907715
0.000797787331976 0.018619786947966 0.91491597890854
0.0012392116477713 0.028289418667555 0.91499698162079
0.0016041012713686 0.037973064929247 0.91516160964966
0.0020811327267438 0.047653667628765 0.91528534889221
0.0024926934856921 0.057318612933159 0.91525423526764
0.0028860988095403 0.066969245672226 0.91515654325485
0.0033028067555279 0.076682016253471 0.91478538513184
0.0037197780329734 0.086300402879715 0.91487711668015
0.0040291505865753 0.095971249043941 0.91494923830032
0.0044657839462161 0.10561726242304 0.91504698991776
0.0048879729583859 0.11530258506536 0.91522550582886
0.0052808201871812 0.12499011307955 0.91531848907471
0.0056627248413861 0.13466250896454 0.91531729698181
0.0060232952237129 0.14432527124882 0.91521090269089
0.0064745964482427 0.15399053692818 0.91516971588135
0.0070118065923452 0.16367727518082 0.9151200056076
0.0075463354587555 0.1733458340168 0.91507917642593
0.0079581961035728 0.18293915688992 0.91504460573196
0.0084751648828387 0.19283507764339 0.91520518064499
0.009280857630074 0.20269867777824 0.9153972864151
0.010066179558635 0.21248143911362 0.91550254821777
0.010718604549766 0.22243264317513 0.91560792922974
0.011435085907578 0.23225642740726 0.91568517684937
0.012130688875914 0.24214985966682 0.91571098566055
0.012765444815159 0.25203427672386 0.91575503349304
0.013307334855199 0.26193165779114 0.91574090719223
0.0138830980286 0.27195698022842 0.91576033830643
0.014403611421585 0.28188651800156 0.91576075553894
0.014947093091905 0.29181912541389 0.91577076911926
0.015597864054143 0.30169239640236 0.91577088832855
0.01617550291121 0.31159952282906 0.91576027870178
0.016750153154135 0.32152226567268 0.91571819782257
0.017290305346251 0.33137431740761 0.9156881570816
0.017783600836992 0.34132182598114 0.91565662622452
