-0.022591471672058 0.052237644791603 1.2939021587372 0.0012973813572899 0.00026639655698091 -3.0595049858093 0.00011104010627605
-0.029386755079031 0.049860671162605 1.283561706543 0.0012221158249304 0.00019627492292784 -3.0113806724548 1.8172342606704e-05
-0.036169040948153 0.047456085681915 1.2731980085373 0.0012975273421034 0.0004174403147772 -2.9628851413727 8.8306231191382e-05
-0.042951010167599 0.045093089342117 1.2628695964813 0.0011585177853703 0.0003495414275676 -2.9142155647278 7.8567332820967e-05
-0.049769178032875 0.042683064937592 1.2525324821472 0.001197109464556 0.00050444423686713 -2.8664586544037 0.00013855210272595
-0.056573957204819 0.040293902158737 1.2421567440033 0.0012242696247995 0.00056121591478586 -2.8182866573334 0.00010320909495931
-0.063352085649967 0.037912651896477 1.2318209409714 0.001047084107995 0.00065211090259254 -2.769829750061 1.7448093785788e-05
-0.070135667920113 0.035518229007721 1.221483707428 0.0010636146180332 0.0007719915593043 -2.7213480472565 8.2895276136696e-06
-0.076949372887611 0.033123664557934 1.2111442089081 0.0011096505913883 0.00072662602178752 -2.6738958358765 9.6551884780638e-05
-0.083753556013107 0.03072963654995 1.2007776498795 0.0011751193087548 0.00071077462052926 -2.6258330345154 4.7606921725674e-05
-0.090530768036842 0.028331033885479 1.1904314756393 0.0010849569225684 0.00084098754450679 -2.5775690078735 2.8372856831993e-05
-0.097333014011383 0.02595991641283 1.1800707578659 0.00094206939684227 0.00095217034686357 -2.5291018486023 3.1084524380276e-05
-0.10415214300156 0.023557707667351 1.1697374582291 0.00084236974362284 0.00082104362081736 -2.4818742275238 4.9535949074198e-05
-0.11093592643738 0.021165825426579 1.1593718528748 0.00093942024977878 0.00091124593745917 -2.4334273338318 -2.6839539714274e-05
-0.11773735284805 0.018775433301926 1.1490120887756 0.00081085140118375 0.00092469231458381 -2.3851680755615 3.2838932384038e-05
-0.12452299892902 0.016394350677729 1.1386721134186 0.00080624828115106 0.00075673911487684 -2.3370251655579 2.9698232538067e-05
-0.13132290542126 0.014008950442076 1.1283229589462 0.00065719208214432 0.0007882495992817 -2.2887272834778 1.7894471966429e-05
-0.13810268044472 0.01159306243062 1.1179748773575 0.0005067105521448 0.00065042776986957 -2.2411441802979 2.1367077351897e-05
-0.14489722251892 0.0091929957270622 1.1076188087463 0.00036171215469949 0.00034169491846114 -2.1928601264954 -1.5407257478728e-06
-0.15169128775597 0.0068291127681732 1.0972728729248 0.00014219152217265 0.00034273674828 -2.1450834274292 -8.0062782217283e-06
-0.15850238502026 0.0044454485177994 1.0869270563126 0.00019769641221501 -6.0290818510111e-05 -2.0966272354126 2.2631997126155e-05
-0.16528856754303 0.002066096290946 1.0765852928162 6.9817717303522e-05 5.4835163609823e-06 -2.048403263092 3.3185092433996e-06
-0.17207562923431 -0.00035881064832211 1.0662039518356 0.00025620750966482 0.00038316444261 -2.0005283355713 1.5983334378689e-05
-0.17887499928474 -0.0027322564274073 1.0558710098267 0.00050321232993156 0.0010363543406129 -1.9526343345642 2.9238552087918e-05
-0.18566456437111 -0.0051303347572684 1.0455441474915 0.00072029686998576 0.0017120034899563 -1.9048887491226 -3.4193267310911e-06
-0.19246374070644 -0.0075441766530275 1.0351662635803 0.00089860719162971 0.0022548255510628 -1.8570466041565 4.4601714762393e-05
-0.19926558434963 -0.0098971482366323 1.0247802734375 0.00091299955965951 0.0025906458031386 -1.8086524009705 3.6556211853167e-05
-0.20604003965855 -0.012303359806538 1.0144339799881 0.00089221697999164 0.0026510164607316 -1.7604925632477 -5.4625406846753e-06
-0.21283134818077 -0.014690270647407 1.0041333436966 0.00068337947595865 0.0025146536063403 -1.7131006717682 7.0877154939808e-05
-0.21963331103325 -0.017102930694818 0.99377256631851 0.00037990161217749 0.0023617635015398 -1.6645990610123 4.7546349378536e-05
-0.22642293572426 -0.019477685913444 0.98337435722351 0.00052834278903902 0.0022986466065049 -1.6168826818466 9.6507341368124e-05
-0.2332244515419 -0.021859955042601 0.9729700088501 0.00059699517441913 0.0021576839499176 -1.5685698986053 6.5737553995859e-06
-0.23999865353107 -0.024252315983176 0.96269643306732 0.00043311843182892 0.002126042265445 -1.520733833313 0.00010107031266671
-0.24680724740028 -0.02664178609848 0.9523703455925 0.00019394006812945 0.0020344909280539 -1.4724860191345 2.0393401428009e-05
-0.24121350049973 -0.026446003466845 0.94981396198273 0.00026709758094512 -0.0020206607878208 -1.4606051445007 3.6100827855989e-06
-0.23162527382374 -0.025408329442143 0.94981324672699 0.00024075784313027 -0.0024394043721259 -1.4606461524963 -5.0238695621374e-06
-0.22202327847481 -0.024353757500648 0.94981735944748 4.1326733480673e-05 -0.0023135270457715 -1.4609826803207 -1.748690920067e-05
-0.21242779493332 -0.023274216800928 0.94980752468109 0.00024839793331921 -0.0023440683726221 -1.460706114769 5.3027251851745e-05
-0.20281459391117 -0.022235751152039 0.94986909627914 3.9886559534352e-05 -0.0023395256139338 -1.4612791538239 0.00013724635937251
-0.19321069121361 -0.021175056695938 0.94985002279282 0.00010789548105095 -0.0021507544443011 -1.461207151413 0.00010822862532223
-0.18362346291542 -0.020129904150963 0.94981282949448 0.00030172980041243 -0.0021596704609692 -1.4608254432678 0.000135147900437
-0.17401963472366 -0.019074333831668 0.9498074054718 0.00013773361570202 -0.0021492573432624 -1.4609296321869 8.2271457358729e-05
-0.1644327044487 -0.018001947551966 0.94993245601654 3.6118628486292e-05 -0.0020486649591476 -1.4607821702957 -2.198633410444e-06
-0.15482810139656 -0.016975771635771 0.94984924793243 0.00026866220287047 -0.0022237207740545 -1.4609069824219 7.6477765105665e-05
-0.14522841572762 -0.015927836298943 0.94988167285919 5.3643252613256e-05 -0.0020861916709691 -1.4610763788223 -1.1078148418164e-05
-0.13564151525497 -0.014855602756143 0.94985973834991 8.2194637798239e-05 -0.0021081895101815 -1.4606904983521 5.1699389587156e-05
-0.12602017819881 -0.013813032768667 0.94988596439362 0.00015185344091151 -0.0020075149368495 -1.4613599777222 -2.1388785171439e-05
-0.11641424894333 -0.012755325995386 0.94989681243896 0.00025614531477913 -0.0019997744821012 -1.4611839056015 3.9452501368942e-05
-0.10683476179838 -0.011713036336005 0.94987624883652 0.00012022328883177 -0.0020784593652934 -1.4608957767487 8.7843691289891e-05
-0.097216531634331 -0.01066911034286 0.94987386465073 0.00022077637549955 -0.0019351597875357 -1.4609565734863 1.6125328329508e-05
-0.087669149041176 -0.0095717450603843 0.94991660118103 0.00018305263074581 -0.0019822481554002 -1.460725069046 7.1491194830742e-05
-0.078048460185528 -0.008548186160624 0.94994229078293 0.00023518956732005 -0.0019827629439533 -1.461346745491 8.6864629338379e-06
-0.068461269140244 -0.0074927685782313 0.94992482662201 8.2618847955018e-05 -0.0020790027920157 -1.4607652425766 1.3717423826165e-05
-0.058855041861534 -0.006470775231719 0.94994223117828 7.1121767177829e-06 -0.0020601362921298 -1.4608446359634 9.6536328783259e-05
-0.049263395369053 -0.0053748032078147 0.94995194673538 0.00025658690719865 -0.0019527922850102 -1.4608799219131 0.0001037267720676
-0.039677906781435 -0.0043034525588155 0.94995385408401 8.5205720097292e-05 -0.0020653640385717 -1.4601678848267 9.9853841675213e-06
-0.030059395357966 -0.0032830340787768 0.94995051622391 6.7523935285863e-05 -0.0020522405393422 -1.4612835645676 7.0177549787331e-05
-0.020448258146644 -0.0022367276251316 0.94994676113129 0.00017165440658573 -0.0020450796000659 -1.4611170291901 5.5192573199747e-05
-0.010852945968509 -0.0011774953454733 0.94996219873428 0.00017343161744066 -0.0021030635107309 -1.4606620073318 5.9410816902528e-05
-0.0012462362647057 -0.00012330152094364 0.94994646310806 0.00020181144645903 -0.002035170327872 -1.4610874652863 -7.9280562204076e-06
0.008337739855051 0.00093537848442793 0.94991898536682 0.00028074785950594 -0.0020835164468735 -1.46111536026 8.6811887740623e-05
0.017940448597074 0.0019821347668767 0.94995003938675 0.00016408300143667 -0.0021183381322771 -1.4610531330109 1.219693672283e-06
0.02754051797092 0.0030325325205922 0.94996583461761 0.00013851617404725 -0.0021656870376319 -1.4614584445953 6.2347637140192e-05
0.037118598818779 0.0041034435853362 0.94998019933701 0.00012104221968912 -0.0022813105024397 -1.4608799219131 7.8483084507752e-05
0.046736013144255 0.0051214951090515 0.9499728679657 0.00030586539651267 -0.0021710295695812 -1.4611613750458 4.2127092456212e-05
0.056329123675823 0.0061788521707058 0.94996398687363 9.2347720055841e-05 -0.0021605521906167 -1.4612514972687 8.8398621301167e-05
0.065929770469666 0.0072658490389585 0.94998103380203 0.00021759100491181 -0.0021849011536688 -1.4607830047607 3.2163352443604e-05
0.075531296432018 0.0082614775747061 0.94995647668839 0.00024010823108256 -0.0021907384507358 -1.4610166549683 3.463561006356e-05
0.085102453827858 0.0093420520424843 0.94997644424438 0.00011979760165559 -0.0022308765910566 -1.4610002040863 4.4529035221785e-05
0.094712771475315 0.010358990170062 0.95001822710037 0.00012929552758578 -0.0023525189608335 -1.4611535072327 1.0437574928801e-05
0.10431370139122 0.011450368911028 0.94998443126678 0.00031152972951531 -0.0020905046258122 -1.4611986875534 1.7094999975598e-06
0.11391555517912 0.012494741007686 0.94998395442963 0.00026876211632043 -0.0018465899629518 -1.4611867666245 9.5477931608912e-05
0.12352414429188 0.013526963070035 0.94995987415314 0.00027393345953897 -0.0017178339185193 -1.4610720872879 0.00011332530993968
0.13312809169292 0.014606770128012 0.94996649026871 0.00051648705266416 -0.0014745269436389 -1.4601814746857 4.8278790927725e-05
0.14271454513073 0.015660047531128 0.94995552301407 0.00048579796566628 -0.0010557266650721 -1.4603558778763 5.0090104195988e-05
0.15232318639755 0.016700061038136 0.94997990131378 0.00024077370471787 -0.00075926684075966 -1.4602806568146 5.9462036006153e-05
0.16190855205059 0.017780307680368 0.94995594024658 0.00033191058901139 -0.00011137070396217 -1.4602742195129 -4.9091377150035e-06
0.17150054872036 0.018825873732567 0.9499619603157 0.00014909521269146 0.00062280538259074 -1.4591729640961 -5.2821593271801e-05
0.18113498389721 0.019888252019882 0.94997066259384 8.0407851783093e-05 0.001384488074109 -1.4599716663361 -1.1421549970692e-05
0.19072332978249 0.020928595215082 0.94995176792145 -6.9530848122668e-05 0.0022080368362367 -1.4608378410339 2.7153999326401e-05
0.20031282305717 0.021972419694066 0.94994896650314 -0.00018408546748105 0.0029837412294 -1.4614211320877 1.046372926794e-05
0.20992888510227 0.023010496050119 0.94993829727173 -0.00046603649388999 0.0037162073422223 -1.4610372781754 -1.3963981473353e-06
0.2195361405611 0.024081582203507 0.94994050264359 -0.00042524375021458 0.0042522670701146 -1.4612150192261 9.8229451396037e-05
0.22910322248936 0.02511939406395 0.9499437212944 -0.00051917624659836 0.0044371788389981 -1.4608318805695 6.2593484472018e-05
0.23871043324471 0.026193937286735 0.94995552301407 -0.00050682591972873 0.0043554035946727 -1.4608612060547 8.2093531091232e-05
