-0.075315147638321 0.20032307505608 -1.750504732132 -1.5926384925842 -1.7280280590057 -0.00021819419634994 0.00011104010627605
-0.11519637703896 0.17983385920525 -1.76060962677 -1.562047958374 -1.8161075115204 -0.00030569382943213 1.8172342606704e-05
-0.15317788720131 0.15718314051628 -1.7684984207153 -1.5315735340118 -1.9022674560547 -0.00048522301949561 8.8306231191382e-05
-0.18927040696144 0.13261124491692 -1.7741796970367 -1.501318693161 -1.9865555763245 -0.00056318589486182 7.8567332820967e-05
-0.22336283326149 0.10622975230217 -1.7776579856873 -1.4714419841766 -2.0691266059875 -0.0006971771363169 0.00013855210272595
-0.25535812973976 0.078142136335373 -1.7790174484253 -1.4421305656433 -2.1491615772247 -0.00086049386300147 0.00010320909495931
-0.28533330559731 0.048573464155197 -1.7781755924225 -1.4134714603424 -2.2274816036224 -0.001122277462855 1.7448093785788e-05
-0.31332698464394 0.017753094434738 -1.7751758098602 -1.3857047557831 -2.3037946224213 -0.0012431556824595 8.2895276136696e-06
-0.33937492966652 -0.014245539903641 -1.7701375484467 -1.3589379787445 -2.3778698444366 -0.0013561660889536 9.6551884780638e-05
-0.36359062790871 -0.04740098118782 -1.7630155086517 -1.3331427574158 -2.4502954483032 -0.0015795642975718 4.7606921725674e-05
-0.38595429062843 -0.081245690584183 -1.7539582252502 -1.3085310459137 -2.5206124782562 -0.0018001014832407 2.8372856831993e-05
-0.40666285157204 -0.11589482426643 -1.7429132461548 -1.2850720882416 -2.5894994735718 -0.0020747596863657 3.1084524380276e-05
-0.4257895052433 -0.15117099881172 -1.7299115657806 -1.2630655765533 -2.6568377017975 -0.0023906643036753 4.9535949074198e-05
-0.44332876801491 -0.18697169423103 -1.7150900363922 -1.2424855232239 -2.7224144935608 -0.0027888233307749 -2.6839539714274e-05
-0.45941224694252 -0.22313192486763 -1.6985030174255 -1.2232685089111 -2.7865240573883 -0.0030930454377085 3.2838932384038e-05
-0.47415748238564 -0.2595594227314 -1.680201292038 -1.20543384552 -2.849326133728 -0.0034435207489878 2.9698232538067e-05
-0.48761430382729 -0.29624775052071 -1.6602301597595 -1.1890294551849 -2.9109330177307 -0.0038245136383921 1.7894471966429e-05
-0.49983897805214 -0.33295610547066 -1.6387763023376 -1.173935174942 -2.9710185527802 -0.0039790086448193 2.1367077351897e-05
-0.51100122928619 -0.36990669369698 -1.6156973838806 -1.1600122451782 -3.0305268764496 -0.0038905553519726 -1.5407257478728e-06
-0.52107751369476 -0.40653637051582 -1.5915307998657 -1.1470532417297 -3.0882639884949 -0.0035272054374218 -8.0062782217283e-06
-0.53018033504486 -0.44331339001656 -1.5658695697784 -1.1346921920776 -3.1457357406616 -0.0021768026053905 2.2631997126155e-05
-0.53834354877472 -0.47968342900276 -1.5392067432404 -1.1227798461914 -3.2021055221558 -2.7935951948166e-05 3.3185092433996e-06
-0.54562628269196 -0.51587796211243 -1.5114822387695 -1.1114661693573 -3.257385969162 0.0028287954628468 1.5983334378689e-05
-0.5521491765976 -0.55182194709778 -1.4826157093048 -1.1013596057892 -3.3115704059601 0.00583191588521 2.9238552087918e-05
-0.55788815021515 -0.58786225318909 -1.4521315097809 -1.0934207439423 -3.3655889034271 0.0081278868019581 -3.4193267310911e-06
-0.56294214725494 -0.62413430213928 -1.4201512336731 -1.0883769989014 -3.4184625148773 0.0088955946266651 4.4601714762393e-05
-0.56737887859344 -0.6607518196106 -1.3864998817444 -1.0860102176666 -3.4708578586578 0.0082971639931202 3.6556211853167e-05
-0.57116138935089 -0.69744038581848 -1.3513774871826 -1.0856075286865 -3.5229878425598 0.0071103163063526 -5.4625406846753e-06
-0.5744401216507 -0.7339825630188 -1.3152997493744 -1.0863900184631 -3.5739886760712 0.0058629103004932 7.0877154939808e-05
-0.57715094089508 -0.77058339118958 -1.2779316902161 -1.0880587100983 -3.6247551441193 0.0048334188759327 4.7546349378536e-05
-0.57940399646759 -0.80711102485657 -1.239649772644 -1.0905590057373 -3.6750292778015 0.0041648931801319 9.6507341368124e-05
-0.58120954036713 -0.84377717971802 -1.2000923156738 -1.0940790176392 -3.7250890731812 0.0036279745399952 6.5737553995859e-06
-0.58260405063629 -0.88010692596436 -1.1596012115479 -1.0984373092651 -3.7741289138794 0.0033614225685596 0.00010107031266671
-0.58361208438873 -0.91667127609253 -1.1176562309265 -1.1040563583374 -3.8231775760651 0.0029813833534718 2.0393401428009e-05
-0.57558524608612 -0.91493821144104 -1.1299679279327 -1.1000738143921 -3.8272097110748 -0.0025773458182812 3.6100827855989e-06
-0.56457364559174 -0.8985800743103 -1.1623132228851 -1.0848383903503 -3.8160288333893 -0.0031977109611034 -5.0238695621374e-06
-0.55333983898163 -0.88238072395325 -1.194000005722 -1.0692179203033 -3.8048877716064 -0.0032051019370556 -1.748690920067e-05
-0.54187667369843 -0.86666655540466 -1.2246043682098 -1.0543174743652 -3.7936682701111 -0.0032015256583691 5.3027251851745e-05
-0.53022825717926 -0.85125279426575 -1.2545070648193 -1.0397555828094 -3.781501531601 -0.0032849721610546 0.00013724635937251
-0.51831471920013 -0.83649134635925 -1.2833933830261 -1.025684595108 -3.7695109844208 -0.0033231191337109 0.00010822862532223
-0.50614297389984 -0.82211399078369 -1.3112835884094 -1.0121762752533 -3.7578294277191 -0.0032709054648876 0.000135147900437
-0.49375784397125 -0.80805158615112 -1.338559627533 -0.99910283088684 -3.7451415061951 -0.0034597329795361 8.2271457358729e-05
-0.48116028308868 -0.79411244392395 -1.3651294708252 -0.98625040054321 -3.7325437068939 -0.0033624581992626 -2.198633410444e-06
-0.46823728084564 -0.78089380264282 -1.390798330307 -0.97400045394897 -3.7198083400726 -0.0034754686057568 7.6477765105665e-05
-0.45514523983002 -0.76778721809387 -1.4159772396088 -0.96192097663879 -3.7064664363861 -0.0035648755729198 -1.1078148418164e-05
-0.44174587726593 -0.75508260726929 -1.4403185844421 -0.95032238960266 -3.693338394165 -0.0035396032035351 5.1699389587156e-05
-0.42813718318939 -0.74259567260742 -1.4642384052277 -0.93900156021118 -3.6793653964996 -0.003600399941206 -2.1388785171439e-05
-0.41422784328461 -0.73040294647217 -1.4873387813568 -0.92807602882385 -3.6655290126801 -0.003624003380537 3.9452501368942e-05
-0.40006506443024 -0.7186644077301 -1.5098996162415 -0.91747164726257 -3.6512994766235 -0.0037949495017529 8.7843691289891e-05
-0.38562309741974 -0.70707035064697 -1.5317988395691 -0.90720081329346 -3.6370210647583 -0.003966610878706 1.6125328329508e-05
-0.37093508243561 -0.69577503204346 -1.5531876087189 -0.89725160598755 -3.6223788261414 -0.0041494779288769 7.1491194830742e-05
-0.35598647594452 -0.68461871147156 -1.574134349823 -0.88739824295044 -3.6070520877838 -0.004123967140913 8.6864629338379e-06
-0.3407210111618 -0.67398405075073 -1.5942296981812 -0.87810969352722 -3.5921318531036 -0.0043290071189404 1.3717423826165e-05
-0.32515251636505 -0.66352462768555 -1.6138432025909 -0.86913418769836 -3.5767416954041 -0.0045810155570507 9.6536328783259e-05
-0.30943596363068 -0.65326380729675 -1.633129119873 -0.86027789115906 -3.5605983734131 -0.0045650415122509 0.0001037267720676
-0.29333651065826 -0.6433572769165 -1.6516108512878 -0.85188984870911 -3.5449297428131 -0.0048823766410351 9.9853841675213e-06
-0.27704226970673 -0.63360548019409 -1.6697249412537 -0.8437659740448 -3.5283234119415 -0.0052001886069775 7.0177549787331e-05
-0.26038944721222 -0.62429738044739 -1.6871862411499 -0.83602023124695 -3.5116446018219 -0.0055454187095165 5.5192573199747e-05
-0.24348509311676 -0.61511659622192 -1.7041363716125 -0.8285219669342 -3.4948623180389 -0.0058515481650829 5.9410816902528e-05
-0.22631251811981 -0.60631918907166 -1.7204678058624 -0.82134509086609 -3.4779224395752 -0.0061958245933056 -7.9280562204076e-06
-0.20890295505524 -0.59775185585022 -1.7364141941071 -0.81450176239014 -3.4601933956146 -0.0066559724509716 8.6811887740623e-05
-0.19120419025421 -0.58936977386475 -1.7518041133881 -0.80796575546265 -3.4424436092377 -0.0072217397391796 1.219693672283e-06
-0.17320573329926 -0.58127379417419 -1.7666614055634 -0.80164313316345 -3.424366235733 -0.0077162198722363 6.2347637140192e-05
-0.15500962734222 -0.57348871231079 -1.7809250354767 -0.79572415351868 -3.4061276912689 -0.0082810334861279 7.8483084507752e-05
-0.13646614551544 -0.56603813171387 -1.7945194244385 -0.79024744033813 -3.3878695964813 -0.0088828019797802 4.2127092456212e-05
-0.11776530742645 -0.55879759788513 -1.8077483177185 -0.7851231098175 -3.3688149452209 -0.0098197869956493 8.8398621301167e-05
-0.098777174949646 -0.55184173583984 -1.8203022480011 -0.78047180175781 -3.3498146533966 -0.01076702401042 3.2163352443604e-05
-0.079558730125427 -0.54537320137024 -1.8321468830109 -0.77621030807495 -3.3309757709503 -0.011844199150801 3.463561006356e-05
-0.060155749320984 -0.53904747962952 -1.8436074256897 -0.77227473258972 -3.3116128444672 -0.013214390724897 4.4529035221785e-05
-0.04046905040741 -0.5330638885498 -1.8543703556061 -0.76883888244629 -3.2920010089874 -0.014382403343916 1.0437574928801e-05
-0.020591378211975 -0.52738308906555 -1.8646187782288 -0.76581883430481 -3.2720992565155 -0.016038220375776 1.7094999975598e-06
-0.00050985813140869 -0.52200531959534 -1.8741853237152 -0.76357746124268 -3.2520360946655 -0.017926018685102 9.5477931608912e-05
0.019728302955627 -0.51708579063416 -1.8830428123474 -0.76184439659119 -3.2319896221161 -0.020107310265303 0.00011332530993968
0.040172696113586 -0.51249694824219 -1.8911235332489 -0.76098918914795 -3.2119112014771 -0.022593777626753 4.8278790927725e-05
0.060683369636536 -0.50817775726318 -1.8987777233124 -0.76039242744446 -3.1913838386536 -0.025404255837202 5.0090104195988e-05
0.081424832344055 -0.50409054756165 -1.9058010578156 -0.76006674766541 -3.1708078384399 -0.028142254799604 5.9462036006153e-05
0.10223066806793 -0.50031208992004 -1.9123425483704 -0.76000189781189 -3.1499922275543 -0.030705254524946 -4.9091377150035e-06
0.12321293354034 -0.49676871299744 -1.9183487892151 -0.75992679595947 -3.1290175914764 -0.033165495842695 -5.2821593271801e-05
0.1442734003067 -0.49341464042664 -1.923900604248 -0.75975704193115 -3.1078042984009 -0.035240691155195 -1.1421549970692e-05
0.1653653383255 -0.49026703834534 -1.9291729927063 -0.7591073513031 -3.0862126350403 -0.03667501732707 2.7153999326401e-05
0.18655073642731 -0.48729205131531 -1.934098482132 -0.75746655464172 -3.0646829605103 -0.037005465477705 1.046372926794e-05
0.20775520801544 -0.48453545570374 -1.9385879039764 -0.75471329689026 -3.0437793731689 -0.036017935723066 -1.3963981473353e-06
0.2290164232254 -0.48187351226807 -1.9429967403412 -0.75067138671875 -3.0224549770355 -0.033733885735273 9.8229451396037e-05
0.25019752979279 -0.47948431968689 -1.9470679759979 -0.74544477462769 -3.0012383460999 -0.030140440911055 6.2593484472018e-05
0.27141726016998 -0.47735834121704 -1.9508156776428 -0.73930978775024 -2.9803385734558 -0.025641720741987 8.2093531091232e-05
