8.3185412336206e-08 -3.4320646591368e-07 0.91483920812607
3.5186505442653e-07 -3.1568478675581e-07 0.91483920812607
4.7613880838071e-07 -3.3302032420579e-07 0.91483914852142
9.3441218496082e-07 -2.4114737584569e-07 0.91483902931213
8.0143041714109e-07 1.993744263018e-07 0.91483896970749
4.7548613224535e-07 5.0772877102645e-07 0.91483891010284
4.761092498029e-07 1.9347044144524e-07 0.91483902931213
3.7611266634485e-07 1.5190020974387e-07 0.91483896970749
5.287383828545e-07 -7.5744075900275e-08 0.91483896970749
3.0877774293003e-07 -3.1815574175198e-07 0.9148388504982
5.3475264394365e-07 -4.6372366568903e-07 0.91483879089355
3.3119863473985e-07 -1.1945249411838e-07 0.91483867168427
5.1878123485949e-07 2.0819337009925e-07 0.91483867168427
5.3006715461379e-07 -1.5678762110838e-07 0.91483873128891
4.1996062805083e-07 -6.4305407931897e-07 0.91483873128891
3.6930953228875e-07 -5.9549262232395e-07 0.91483891010284
3.4256942171851e-08 -3.4157417871938e-07 0.91483902931213
1.2911031888052e-07 -2.7668883717524e-07 0.91483902931213
3.5888629668079e-07 -6.6836162204709e-07 0.91483908891678
5.7563818245399e-07 -9.3521657618112e-07 0.91483914852142
1.2601256003109e-06 -1.3689772231373e-06 0.91483920812607
1.0954357776427e-06 -1.5616290056641e-06 0.91483920812607
6.4045900671772e-07 -1.7983855968851e-06 0.91483920812607
5.3271298838808e-07 -1.8106709376298e-06 0.91483926773071
4.0846188653632e-07 -1.5755434787934e-06 0.91483962535858
3.1482474582845e-07 -1.2755684792864e-06 0.91483974456787
2.7734984087147e-07 -1.1940799140575e-06 0.91483980417252
1.4020030691952e-09 -1.1903943004654e-06 0.91483998298645
-1.4245689783365e-07 -1.2385569334583e-06 0.91484010219574
-2.5969092121159e-07 -1.2754676390614e-06 0.91484022140503
-8.1223254255747e-07 -1.1053764410462e-06 0.91484028100967
-8.2065071183024e-07 -1.0754172308225e-06 0.91484045982361
-8.2864596606669e-07 -8.8492532768214e-07 0.91484069824219
-9.2451023192552e-07 -8.1734089008023e-07 0.91484063863754
-1.1147197938044e-06 -9.703189789434e-07 0.91484069824219
-7.671561661482e-07 -1.0288702014805e-06 0.91484081745148
-8.5020758433529e-07 -9.4213669399323e-07 0.91484081745148
-7.2081536472979e-07 -8.8721208157949e-07 0.91484105587006
-1.0610323215587e-06 -1.2158657227701e-06 0.91484093666077
-5.599493988484e-07 -1.4180983498591e-06 0.91484087705612
-6.4495685592192e-07 -1.2715072443825e-06 0.91484099626541
-4.3798650040117e-07 -1.5231410088745e-06 0.91484099626541
-5.7458777291686e-07 -1.2191507039461e-06 0.91484105587006
-8.0283291481464e-07 -8.578259667047e-07 0.91484117507935
-1.3027928957854e-07 -5.1296052561156e-07 0.91484141349792
3.0359765901267e-07 -5.8879788866761e-07 0.91484135389328
9.3667907208328e-08 -3.0610203793913e-07 0.91484147310257
1.1460252835604e-07 4.0852558669258e-08 0.9148416519165
-4.030589195736e-07 -3.3016468137248e-07 0.91484147310257
-7.6783908298239e-07 -6.6988070557272e-07 0.91484141349792
0.0011913350317627 5.9707432228606e-05 0.91484719514847
0.010774854570627 0.00041546262218617 0.91485565900803
0.020448526367545 0.00082744332030416 0.91488891839981
0.030129704624414 0.001193392672576 0.91495072841644
0.039783120155334 0.0015730258310214 0.91507422924042
0.049445874989033 0.0019997244235128 0.91524767875671
0.059145487844944 0.0024496742989868 0.91527968645096
0.068809524178505 0.0028120263013989 0.9152420759201
0.078491762280464 0.0032199150882661 0.9151691198349
0.088151834905148 0.0036846699658781 0.91509366035461
0.097819916903973 0.0041434923186898 0.91506534814835
0.10745228827 0.0045147961936891 0.91490143537521
0.11715155094862 0.0049369907937944 0.91494500637054
0.12679302692413 0.0053453906439245 0.91503071784973
0.1364656239748 0.0057759997434914 0.91519898176193
0.14615471661091 0.0061731599271297 0.91530412435532
0.15584523975849 0.0065738270059228 0.91531598567963
0.16553497314453 0.0069240778684616 0.91526687145233
0.17518550157547 0.0075136953964829 0.91534751653671
0.18498316407204 0.008200453594327 0.91549682617188
0.19473017752171 0.0090426625683904 0.91566252708435
0.2046179920435 0.0096780424937606 0.91576427221298
0.21470110118389 0.010407316498458 0.91578924655914
0.22456769645214 0.010859009809792 0.91584157943726
0.23457673192024 0.011500871740282 0.91590291261673
0.24442680180073 0.012011295184493 0.91595554351807
0.2543982565403 0.012544549070299 0.91591113805771
0.26440665125847 0.013100392185152 0.91591769456863
0.27432671189308 0.013647510670125 0.91589987277985
0.28436145186424 0.014173195697367 0.91585618257523
0.29423439502716 0.014739507809281 0.91584700345993
0.30424898862839 0.015437861904502 0.91577506065369
0.31403028964996 0.01603234373033 0.91570127010345
0.32386672496796 0.016548965126276 0.91569048166275
0.33386269211769 0.017163155600429 0.915631711483
