-0.012669315561652 0.047407910227776 1.301371216774 0.00067588925594464 0.00014323940558825 -3.0585691928864 6.2929080741014e-05
-0.014085974544287 0.0423723757267 1.2950627803802 0.00067133601987734 0.00015283562242985 -3.0109522342682 6.9643741881009e-05
-0.015514273196459 0.037366345524788 1.2887632846832 0.00067391112679616 0.00027053407393396 -2.9627516269684 2.0463035980356e-05
-0.016902472823858 0.032351657748222 1.2824876308441 0.00065252516651526 0.000187875048141 -2.9141728878021 2.1342193576857e-05
-0.018333751708269 0.027340337634087 1.2761628627777 0.0006892157252878 0.00020367017714307 -2.8658640384674 4.1825605876511e-05
-0.019756071269512 0.022349938750267 1.2698962688446 0.0005727339303121 0.00014691306569148 -2.8178596496582 2.5031649784069e-05
-0.02117894589901 0.017322689294815 1.2635780572891 0.00065776042174548 0.00020954123465344 -2.7698335647583 0.00010133418254554
-0.022620767354965 0.012296140193939 1.2572848796844 0.00060038466472179 0.00029598211403936 -2.7217047214508 -5.3574044613924e-06
-0.024043545126915 0.0073113217949867 1.2510030269623 0.00048953591613099 0.00025045062648132 -2.6735956668854 1.0466333151271e-05
-0.025432460010052 0.002312920987606 1.2447112798691 0.00047899398487061 0.00031266652513295 -2.6250123977661 3.6593679396901e-05
-0.026871435344219 -0.0026951730251312 1.2384165525436 0.00033103293390013 0.00022759108105674 -2.5766472816467 1.429863004887e-05
-0.028291337192059 -0.0077200308442116 1.2321243286133 0.00041114838677458 0.00021341601677705 -2.5290129184723 -7.7740187407471e-06
-0.029707588255405 -0.012724287807941 1.2258265018463 0.00024687877157703 0.00026162611902691 -2.4810864925385 5.8097239161725e-06
-0.031124368309975 -0.017735883593559 1.2195366621017 0.00014134570665192 0.00022143169189803 -2.4329633712769 -3.3660602639429e-05
-0.032564461231232 -0.022749811410904 1.2132325172424 0.00015917122073006 0.00022422985057347 -2.3846554756165 -9.6508629212622e-06
-0.033980116248131 -0.027767844498158 1.2069362401962 0.00012777050142176 9.9185352155473e-05 -2.3370752334595 1.9227252778364e-05
-0.035409212112427 -0.032771572470665 1.2006464004517 0.00010506829130463 -7.135170744732e-05 -2.2887282371521 0.00013886421220377
-0.036833360791206 -0.037763793021441 1.1943744421005 -9.8812452051789e-05 -0.00017801989451982 -2.2406892776489 2.2799400539952e-05
-0.038248494267464 -0.042798731476068 1.1880651712418 -9.934400441125e-05 -0.00024684765958227 -2.1931169033051 -3.0566716304747e-05
-0.039662823081017 -0.047821968793869 1.1817586421967 -0.00012099589366699 -0.00054564489983022 -2.1445860862732 -9.5339119070559e-06
-0.041099764406681 -0.052818775177002 1.1753852367401 -0.00018141230975743 -0.00069074518978596 -2.0965006351471 5.454518031911e-05
-0.042530924081802 -0.057836525142193 1.1691788434982 -0.00036959568387829 -0.00086918252054602 -2.048677444458 1.6893856127354e-06
-0.043954648077488 -0.062849387526512 1.1628301143646 -0.00025506521342322 -0.00094448053278029 -2.0008418560028 3.9154743717518e-05
-0.045375823974609 -0.06786223500967 1.1565512418747 -0.00027078270795755 -0.00089997088070959 -1.9527236223221 3.2904215913732e-05
-0.046778470277786 -0.072866916656494 1.150239109993 -0.00018276911578141 -0.00064126920187846 -1.9044812917709 1.0608843581394e-07
-0.048212558031082 -0.077910512685776 1.1439378261566 0.00010812230902957 4.5997901906958e-05 -1.8568326234818 9.88582833088e-05
-0.049634486436844 -0.082876667380333 1.1376988887787 0.00021284904505592 0.0014197656419128 -1.8088411092758 9.7012794867624e-05
-0.051063131541014 -0.087918065488338 1.1313183307648 0.00077991164289415 0.0031071938574314 -1.7607535123825 8.7244232418016e-05
-0.052494700998068 -0.092924371361732 1.1249839067459 0.0011005761334673 0.0050125108100474 -1.7122138738632 -5.2474806579994e-05
-0.053890526294708 -0.097919344902039 1.1188441514969 0.00097963272128254 0.0066822250373662 -1.6650687456131 9.4073388027027e-05
-0.055315472185612 -0.10294741392136 1.1124727725983 0.00090751197421923 0.0073661347851157 -1.6171727180481 1.5551946489722e-05
-0.056738682091236 -0.10796540975571 1.1061533689499 0.00084736221469939 0.0069002965465188 -1.569460272789 8.4587743913289e-05
-0.058189652860165 -0.11296726763248 1.0998069047928 0.0005931846681051 0.0059158327057958 -1.5211094617844 2.0338515241747e-05
-0.059579037129879 -0.11796994507313 1.0935441255569 0.00019139629148412 0.0048804394900799 -1.4735914468765 0.00012696336489171
-0.061022277921438 -0.12296824902296 1.0872294902802 0.00019210582831874 0.0041816839948297 -1.4244395494461 2.0823454178753e-05
-0.062440179288387 -0.1279728859663 1.0810210704803 -0.00015772125334479 0.0036917203105986 -1.3769105672836 4.0599956264487e-05
-0.063876911997795 -0.13300010561943 1.0746303796768 -0.00023743830388412 0.003360808128491 -1.3284342288971 -1.1921783880098e-05
-0.06527092307806 -0.1379996240139 1.0683504343033 -0.00035626749740914 0.0031819569412619 -1.2808078527451 2.8045109502273e-05
-0.066704474389553 -0.14300702512264 1.0620670318604 -0.00039810498128645 0.0030404501594603 -1.2329587936401 6.3017949287314e-05
-0.068134337663651 -0.14803066849709 1.055800318718 -0.00043414812535048 0.0030120369046926 -1.1847338676453 -1.2966561371286e-05
-0.069540269672871 -0.15304699540138 1.0495225191116 -0.00064253009622917 0.0031422921456397 -1.1371697187424 0.00013121274241712
-0.070968493819237 -0.15804658830166 1.0432034730911 -0.00093083077808842 0.0030325509142131 -1.0893933773041 9.0504427134874e-06
-0.072392523288727 -0.16306629776955 1.0368180274963 -0.001054726075381 0.0031058432068676 -1.0411545038223 3.115868094028e-05
-0.073800131678581 -0.16806364059448 1.030580997467 -0.0013985869009048 0.0032726963981986 -0.99299883842468 -3.257836397097e-06
-0.075222656130791 -0.17309147119522 1.0242710113525 -0.0016480959020555 0.0034465866629034 -0.94604659080505 1.5749508747831e-05
-0.076679274439812 -0.17808306217194 1.0178649425507 -0.0018538758158684 0.0036592003889382 -0.89736926555634 -1.8706989067141e-05
-0.078083083033562 -0.18311381340027 1.0116205215454 -0.0028917072340846 0.0041136401705444 -0.84997940063477 -4.4003794755554e-05
-0.079501047730446 -0.18811205029488 1.0052900314331 -0.0039487327449024 0.0051150014624 -0.80252319574356 -3.2369607652072e-05
-0.080911248922348 -0.19312810897827 0.99902731180191 -0.0064573208801448 0.0068906643427908 -0.75612878799438 4.0072405681713e-05
-0.082333251833916 -0.19811208546162 0.99275141954422 -0.012073431164026 0.010962440632284 -0.71096348762512 -2.3293079721043e-05
-0.083761990070343 -0.20312976837158 0.98639643192291 -0.02923490665853 0.023671388626099 -0.67253935337067 7.7715558290947e-05
-0.085163593292236 -0.2080785036087 0.98007124662399 -0.068093352019787 0.050858404487371 -0.64453595876694 1.1324932529533e-05
-0.086539417505264 -0.21303716301918 0.97392475605011 -0.11365114152431 0.080406449735165 -0.61470466852188 3.6244666262064e-05
-0.087974667549133 -0.2180006057024 0.96767890453339 -0.16071657836437 0.10593587905169 -0.57802093029022 4.686268948717e-05
-0.089372873306274 -0.22297650575638 0.96110415458679 -0.20938016474247 0.12661890685558 -0.53455311059952 2.8059632313671e-05
-0.090788021683693 -0.22794017195702 0.95501750707626 -0.26033651828766 0.14145874977112 -0.48475304245949 5.8516411627352e-06
-0.091173231601715 -0.23005937039852 0.94972050189972 -0.28866663575172 0.13911193609238 -0.43394380807877 -0.0030750609003007
-0.087401896715164 -0.22057309746742 0.94964760541916 -0.21562741696835 0.097844943404198 -0.41563683748245 -0.0090262833982706
-0.083628818392754 -0.2110244333744 0.9497298002243 -0.13246542215347 0.057344347238541 -0.39948934316635 -0.014954232610762
-0.079836055636406 -0.20152816176414 0.94966530799866 -0.036989059299231 0.015632066875696 -0.38311892747879 -0.021317979320884
-0.076061025261879 -0.19207495450974 0.94986921548843 0.055230457335711 -0.02153679355979 -0.36933743953705 -0.027629923075438
-0.072288297116756 -0.18242529034615 0.94971179962158 0.014913420192897 -0.0066116605885327 -0.37437635660172 -0.033820480108261
-0.068464569747448 -0.17278902232647 0.94969004392624 0.0061903824098408 -0.0027516724076122 -0.3758719265461 -0.040252212435007
-0.064651630818844 -0.16317397356033 0.94985008239746 0.0042295693419874 -0.0019097506301478 -0.37675505876541 -0.046733759343624
-0.060851417481899 -0.15357446670532 0.94978702068329 0.0033046233002096 -0.0015906800981611 -0.3767417371273 -0.053164299577475
-0.057038523256779 -0.14396873116493 0.94976800680161 0.0028636308852583 -0.0013816171558574 -0.37682011723518 -0.059554979205132
-0.053249694406986 -0.13437841832638 0.94975370168686 0.0025181288365275 -0.0010852805571631 -0.37675184011459 -0.065977148711681
-0.049432337284088 -0.1247731000185 0.9498530626297 0.0022039397154003 -0.0010055779712275 -0.37683194875717 -0.072251260280609
-0.045644745230675 -0.11516816914082 0.94979852437973 0.0019329045899212 -0.00099794776178896 -0.3767723441124 -0.07849383354187
-0.041835851967335 -0.10557621717453 0.94974052906036 0.0018764779670164 -0.00089809077326208 -0.37692683935165 -0.08482301235199
-0.038016498088837 -0.09597997367382 0.94988369941711 0.001663601375185 -0.00080993236042559 -0.3773777782917 -0.089751042425632
-0.034221924841404 -0.086381435394287 0.94988763332367 0.0017378281336278 -0.00068437174195424 -0.37700405716896 -0.094244621694088
-0.03313972055912 -0.083686828613281 0.98394393920898 -0.001443762681447 0.0010662314016372 -0.37726566195488 -0.095935493707657
-0.033142387866974 -0.083725422620773 1.0318433046341 -0.0016793190734461 0.00089057191507891 -0.37720918655396 -0.095841400325298
-0.033137880265713 -0.083720803260803 1.0799709558487 -0.0021208329126239 0.0013647135347128 -0.37740835547447 -0.096052840352058
-0.033145010471344 -0.083728671073914 1.1279662847519 -0.0017458664951846 0.0014564788434654 -0.37739783525467 -0.09607257694006
-0.033148340880871 -0.083740189671516 1.1760050058365 -0.0030549571383744 0.0013322304002941 -0.37780585885048 -0.09591880440712
-0.033134266734123 -0.083766669034958 1.2239753007889 -0.0032989943865687 0.0020291935652494 -0.3778795003891 -0.095487877726555
