-0.042605068534613 0.19832560420036 -1.7300958633423 -1.6104431152344 -1.696564912796 -0.00014476127398666 6.2929080741014e-05
-0.065279632806778 0.17843529582024 -1.7303142547607 -1.5902984142303 -1.7672996520996 -0.00014690704119857 6.9643741881009e-05
-0.086626201868057 0.157556027174 -1.7292718887329 -1.5704598426819 -1.8363995552063 -0.00015167541278061 2.0463035980356e-05
-0.10690703988075 0.13557526469231 -1.7267978191376 -1.5510234832764 -1.905122756958 -0.00022272416390479 2.1342193576857e-05
-0.12594285607338 0.11274716258049 -1.7231514453888 -1.5318248271942 -1.9724378585815 -0.00019625970162451 4.1825605876511e-05
-0.14373245835304 0.089156597852707 -1.7181820869446 -1.5131359100342 -2.0384600162506 -0.00022677727974951 2.5031649784069e-05
-0.16011944413185 0.064762085676193 -1.7119410037994 -1.495062828064 -2.1025092601776 -0.00029258080758154 0.00010133418254554
-0.17552009224892 0.039602726697922 -1.7043061256409 -1.4775130748749 -2.1662082672119 -0.00029043504036963 -5.3574044613924e-06
-0.18974819779396 0.01388356089592 -1.6954805850983 -1.460529088974 -2.2288091182709 -0.00029091187752783 1.0466333151271e-05
-0.20267000794411 -0.012424260377884 -1.6853921413422 -1.4443151950836 -2.2896008491516 -0.0003157074097544 3.6593679396901e-05
-0.21467700600624 -0.039383679628372 -1.6738796234131 -1.4288749694824 -2.3500897884369 -0.00039653130806983 1.429863004887e-05
-0.22542443871498 -0.066573411226273 -1.661322593689 -1.4141907691956 -2.4085237979889 -0.00034503289498389 -7.7740187407471e-06
-0.23521533608437 -0.094285041093826 -1.6474914550781 -1.4002656936646 -2.4662988185883 -0.00031952210702002 5.8097239161725e-06
-0.24403849244118 -0.12231734395027 -1.6324100494385 -1.3871400356293 -2.5232832431793 -0.00027231522835791 -3.3660602639429e-05
-0.25196185708046 -0.15073493123055 -1.6160936355591 -1.3749685287476 -2.5793714523315 -0.00017027207650244 -9.6508629212622e-06
-0.25890102982521 -0.17935732007027 -1.5987432003021 -1.3635885715485 -2.6341166496277 -4.7248089686036e-05 1.9227252778364e-05
-0.2650651037693 -0.20822861790657 -1.5800950527191 -1.3530340194702 -2.6886050701141 0.00027151755057275 0.00013886421220377
-0.27038970589638 -0.23721459507942 -1.5605232715607 -1.3431749343872 -2.7420270442963 0.00063772848807275 2.2799400539952e-05
-0.27487936615944 -0.26634910702705 -1.5398528575897 -1.3341743946075 -2.7943184375763 0.0012342517729849 -3.0566716304747e-05
-0.27866092324257 -0.29562357068062 -1.5181601047516 -1.3258566856384 -2.8459429740906 0.0019990985747427 -9.5339119070559e-06
-0.28178158402443 -0.32496765255928 -1.4955368041992 -1.3179206848145 -2.8972799777985 0.0032379215117544 5.454518031911e-05
-0.28422394394875 -0.35412409901619 -1.4719729423523 -1.3103992938995 -2.9477660655975 0.0050823278725147 1.6893856127354e-06
-0.28603139519691 -0.38333228230476 -1.4476850032806 -1.3029820919037 -2.9976346492767 0.0076076574623585 3.9154743717518e-05
-0.28724804520607 -0.41237595677376 -1.4226429462433 -1.2954812049866 -3.0467848777771 0.011124331504107 3.2904215913732e-05
-0.28788343071938 -0.44122985005379 -1.3969540596008 -1.2877132892609 -3.0956356525421 0.015796381980181 1.0608843581394e-07
-0.28802648186684 -0.46984723210335 -1.3705959320068 -1.2797880172729 -3.1436426639557 0.021426398307085 9.88582833088e-05
-0.28767076134682 -0.49824884533882 -1.3434658050537 -1.2723386287689 -3.1913759708405 0.027476508170366 9.7012794867624e-05
-0.28681555390358 -0.52703762054443 -1.3151144981384 -1.2667288780212 -3.2383859157562 0.032832343131304 8.7244232418016e-05
-0.28554049134254 -0.55631732940674 -1.2849636077881 -1.2645201683044 -3.285364151001 0.035824496299028 -5.2474806579994e-05
-0.28384199738503 -0.58606767654419 -1.2529308795929 -1.26726603508 -3.330992937088 0.035141665488482 9.4073388027027e-05
-0.28175869584084 -0.61727094650269 -1.2184157371521 -1.274715423584 -3.3771152496338 0.030983168631792 1.5551946489722e-05
-0.27930203080177 -0.6490113735199 -1.1823377609253 -1.2854676246643 -3.4226057529449 0.024626929312944 8.4587743913289e-05
-0.27653160691261 -0.68114328384399 -1.144965171814 -1.2972934246063 -3.4679770469666 0.018112856894732 2.0338515241747e-05
-0.27339044213295 -0.71302151679993 -1.1070232391357 -1.3084285259247 -3.51296210289 0.012934405356646 0.00012696336489171
-0.26997008919716 -0.7447395324707 -1.0686037540436 -1.3185250759125 -3.5575127601624 0.0096265859901905 2.0823454178753e-05
-0.26626601815224 -0.77611684799194 -1.0294766426086 -1.3280203342438 -3.6017122268677 0.0076119489967823 4.0599956264487e-05
-0.26229658722878 -0.80803942680359 -0.98923277854919 -1.337735414505 -3.6459250450134 0.0064808912575245 -1.1921783880098e-05
-0.25807705521584 -0.83970355987549 -0.94809317588806 -1.347927570343 -3.6896336078644 0.0055720396339893 2.8045109502273e-05
-0.25367394089699 -0.87186217308044 -0.90553951263428 -1.3589706420898 -3.7329354286194 0.005097109824419 6.3017949287314e-05
-0.24902501702309 -0.90436124801636 -0.8614399433136 -1.3709011077881 -3.776237487793 0.0046479292213917 -1.2966561371286e-05
-0.24418178200722 -0.93746876716614 -0.81554865837097 -1.3838620185852 -3.8195292949677 0.0043785162270069 0.00013121274241712
-0.2391645014286 -0.97122311592102 -0.76777291297913 -1.398068189621 -3.8625814914703 0.0040013380348682 9.0504427134874e-06
-0.23401227593422 -1.0058438777924 -0.71780705451965 -1.4134793281555 -3.9051473140717 0.0039493627846241 3.115868094028e-05
-0.22865262627602 -1.0413916110992 -0.66506266593933 -1.4305288791656 -3.9478867053986 0.0038573332130909 -3.257836397097e-06
-0.22328296303749 -1.078248500824 -0.60907649993896 -1.4493596553802 -3.9899826049805 0.0039612837135792 1.5749508747831e-05
-0.21769943833351 -1.1172523498535 -0.5487208366394 -1.470507144928 -4.0323786735535 0.0040628500282764 -1.8706989067141e-05
-0.2120455801487 -1.158385515213 -0.4826226234436 -1.494472026825 -4.0744853019714 0.0043007917702198 -4.4003794755554e-05
-0.20635119080544 -1.2028448581696 -0.40911436080933 -1.5219264030457 -4.1161012649536 0.0050379820168018 -3.2369607652072e-05
-0.20064654946327 -1.2527480125427 -0.32350182533264 -1.5544984340668 -4.157105922699 0.0064169950783253 4.0072405681713e-05
-0.1951519548893 -1.3105442523956 -0.21929574012756 -1.5931646823883 -4.1964588165283 0.009728629142046 -2.3293079721043e-05
-0.19045081734657 -1.3765029907227 -0.093302249908447 -1.6295187473297 -4.2303347587585 0.019861895591021 7.7715558290947e-05
-0.18715515732765 -1.41863489151 -0.0077638626098633 -1.6206440925598 -4.2550740242004 0.041647631675005 1.1324932529533e-05
-0.18358889222145 -1.4244191646576 0.0040056705474854 -1.5680887699127 -4.281557559967 0.064263060688972 3.6244666262064e-05
-0.17923465371132 -1.4245216846466 0.0028774738311768 -1.510951757431 -4.3130097389221 0.082337096333504 4.686268948717e-05
-0.17400589585304 -1.4258954524994 0.002122163772583 -1.4561932086945 -4.3499011993408 0.095144465565681 2.8059632313671e-05
-0.16784039139748 -1.4271171092987 0.001420259475708 -1.4040613174438 -4.3923077583313 0.10174436867237 5.8516411627352e-06
-0.16091218590736 -1.4296007156372 -0.0012309551239014 -1.3778424263 -4.4346733093262 0.09562511742115 -0.0030750609003007
-0.15536776185036 -1.4382073879242 -0.003453254699707 -1.4549639225006 -4.4493293762207 0.065918162465096 -0.0090262833982706
-0.15003314614296 -1.4483325481415 -0.0063307285308838 -1.5380611419678 -4.4619164466858 0.038024142384529 -0.014954232610762
-0.14464226365089 -1.4580993652344 -0.016950130462646 -1.625123500824 -4.4736390113831 0.010621264576912 -0.021317979320884
-0.13963094353676 -1.4195165634155 -0.12873387336731 -1.6543750762939 -4.4825096130371 -0.013895556330681 -0.027629923075438
-0.13745132088661 -1.2850797176361 -0.39171957969666 -1.4816355705261 -4.4745230674744 -0.0046344250440598 -0.033820480108261
-0.13448587059975 -1.2239148616791 -0.51347684860229 -1.4112138748169 -4.470648765564 -0.0019257515668869 -0.040252212435007
-0.13136187195778 -1.1773808002472 -0.60663485527039 -1.362279176712 -4.4670543670654 -0.0013154000043869 -0.046733759343624
-0.12808242440224 -1.1376209259033 -0.68684720993042 -1.3209686279297 -4.463728427887 -0.0010917633771896 -0.053164299577475
-0.12471690773964 -1.101850271225 -0.75877904891968 -1.2842707633972 -4.4602384567261 -0.00097803771495819 -0.059554979205132
-0.12128439545631 -1.0691213607788 -0.82453107833862 -1.250949382782 -4.4566683769226 -0.00082974135875702 -0.065977148711681
-0.11770668625832 -1.0382254123688 -0.88567614555359 -1.2201774120331 -4.4531426429749 -0.00077371299266815 -0.072251260280609
-0.11405792832375 -1.0094873905182 -0.94314336776733 -1.191255569458 -4.4494986534119 -0.00074844062328339 -0.07849383354187
-0.11028829216957 -0.98221611976624 -0.99738025665283 -1.1642632484436 -4.4457597732544 -0.00063709914684296 -0.08482301235199
-0.10641470551491 -0.95569038391113 -1.0494019985199 -1.1381025314331 -4.441752910614 -0.00048832595348358 -0.089751042425632
-0.10243359208107 -0.93063020706177 -1.0988121032715 -1.1136064529419 -4.4377956390381 -0.00040726363658905 -0.094244621694088
-0.10132828354836 -0.88485765457153 -1.0909218788147 -1.1645402908325 -4.4363837242126 0.00088067352771759 -0.095935493707657
-0.1013380587101 -0.83963847160339 -1.0452933311462 -1.2552678585052 -4.4363713264465 0.00095649063587189 -0.095841400325298
-0.10130348801613 -0.80448532104492 -0.98187947273254 -1.3533170223236 -4.4365887641907 0.00097890198230743 -0.096052840352058
-0.10135737061501 -0.78193855285645 -0.8981499671936 -1.459481716156 -4.4362859725952 0.0012368708848953 -0.09607257694006
-0.1014076769352 -0.77391409873962 -0.78918051719666 -1.5755589008331 -4.4360485076904 0.0013389140367508 -0.09591880440712
-0.10140743851662 -0.78644466400146 -0.64398097991943 -1.7074732780457 -4.4360709190369 0.001794770359993 -0.095487877726555
