1.1074192229898e-07 2.8142741825832e-07 0.91483879089355
-2.7066349161942e-07 2.4607211912553e-07 0.91483879089355
-5.3929127830088e-10 2.9186520578151e-07 0.91483891010284
3.6027597616339e-07 1.9708289755727e-07 0.91483891010284
1.8251765254718e-07 3.0147742791087e-07 0.91483908891678
6.4289122292394e-07 8.8655035312968e-08 0.91483908891678
8.2369257370374e-07 -4.1835924946554e-08 0.91483902931213
1.2977130836589e-06 -5.0688615971239e-08 0.91483891010284
1.4709390825374e-06 1.0198531796846e-08 0.91483879089355
1.5666950048399e-06 1.544825494193e-07 0.9148388504982
1.4705947251059e-06 -4.653958640688e-08 0.9148388504982
1.6061120504673e-06 -1.8343294527767e-07 0.91483902931213
1.5163782336458e-06 -9.6590547116193e-08 0.91483950614929
1.1120619092253e-06 6.7551759741491e-08 0.91483986377716
1.1144663858431e-06 2.587892140582e-07 0.91483974456787
1.366589913232e-06 4.4779046248777e-08 0.91483974456787
1.3394500228969e-06 1.5521871432611e-07 0.91483974456787
8.9411685166851e-07 -7.8085001575801e-08 0.91483974456787
1.2986370165891e-06 -2.9424933245537e-07 0.91483962535858
1.3174706054997e-06 -3.0065973533056e-07 0.91483956575394
1.3412170574156e-06 3.8857876916154e-08 0.91483950614929
1.4424447272177e-06 7.0648184191668e-08 0.91483950614929
1.338131482953e-06 1.8389646072592e-07 0.91483974456787
1.5866418152655e-06 1.6854328066529e-07 0.91483968496323
1.4719389582751e-06 3.6823746540904e-07 0.91483980417252
1.2729947229673e-06 4.4307850544101e-07 0.91483980417252
1.1601470077949e-06 1.5457821689324e-07 0.91483992338181
1.4194023378877e-06 1.0070841227616e-07 0.91483992338181
1.7678404446997e-06 3.4685947980506e-07 0.91484004259109
1.751786044224e-06 2.1215316792222e-07 0.91484004259109
1.6941767171375e-06 -3.2529182902863e-08 0.91484010219574
1.7916953538588e-06 1.1913096642502e-07 0.91484034061432
2.0213319658069e-06 4.8727946477811e-07 0.91484022140503
1.9286374026706e-06 4.2209046569042e-07 0.91484034061432
1.7299222463407e-06 8.3177422993685e-07 0.91484045982361
1.8892175148721e-06 4.3700882201847e-07 0.9148405790329
1.9543488178897e-06 3.5067284898105e-07 0.91484075784683
2.3106549633667e-06 2.4002960685721e-07 0.91484093666077
2.4379305614275e-06 2.7662292723107e-07 0.91484093666077
2.0835764189542e-06 -1.793775936676e-07 0.91484081745148
2.2339513634506e-06 8.6415425926134e-08 0.91484075784683
2.0283655430831e-06 5.9814743735842e-07 0.91484081745148
2.1047162590548e-06 6.174100235512e-07 0.91484099626541
2.2302638171823e-06 8.6950547029119e-07 0.91484099626541
2.1345965706132e-06 7.505050234613e-07 0.9148411154747
1.963467184396e-06 4.9629676368568e-07 0.91484105587006
1.962301439562e-06 3.1040738690535e-07 0.91484087705612
2.2889073534316e-06 1.9376285820272e-07 0.91484063863754
2.5783654109546e-06 2.5334279030176e-07 0.91484051942825
2.6804634671862e-06 2.0861915572823e-07 0.91484045982361
2.5518484108034e-06 -2.370727258949e-07 0.91484028100967
2.4906569251471e-06 -7.2091893343895e-07 0.91484051942825
2.2906472167961e-06 -7.2764311198625e-07 0.91484040021896
2.2324206838675e-06 -2.6596194402373e-07 0.91484034061432
2.2863553112984e-06 3.0570666353924e-07 0.91484028100967
2.2705964966008e-06 3.033898110516e-07 0.91484022140503
2.0969396246073e-06 1.5846634937589e-07 0.91484034061432
2.0024119748996e-06 9.6280345474042e-08 0.91484040021896
2.1306316284608e-06 1.0757838708741e-07 0.91484022140503
1.9246549527452e-06 1.8711335769694e-07 0.91484034061432
1.9178146430932e-06 8.3806656903107e-07 0.91484069824219
2.242967411803e-06 1.3369732414503e-06 0.91484081745148
2.6457942112756e-06 1.5960393966452e-06 0.91484099626541
2.7268877147435e-06 1.5207198202916e-06 0.91484117507935
2.5196325168508e-06 1.7615391243453e-06 0.91484129428864
2.536494321248e-06 1.7642689726927e-06 0.91484153270721
2.1250243662507e-06 1.5037297771414e-06 0.91484171152115
2.1283549358486e-06 1.6522358237125e-06 0.91484189033508
1.8892699245043e-06 1.4780223409616e-06 0.91484189033508
2.0232680526533e-06 1.5041339338495e-06 0.91484189033508
0.00094859715318307 0.0022575387265533 0.91612309217453
0.0024881830904633 0.0055820629931986 0.91807180643082
0.0029853852465749 0.0078739831224084 0.94935089349747
0.0044197565875947 0.010243834927678 0.99306690692902
0.0043355138041079 0.0098617440089583 1.0397769212723
0.0043687680736184 0.0096358889713883 1.0863718986511
0.0044460278004408 0.0094906371086836 1.1328032016754
0.0045499512925744 0.0097805950790644 1.1794039011002
