-0.012773394584656 0.047368630766869 1.3012809753418 0.00084724137559533 -1.6300691640936e-06 -3.0586702823639 3.6952271329938e-05
-0.014293599873781 0.042383387684822 1.2949641942978 0.0007136152125895 6.6581589635462e-05 -3.0100898742676 -3.0118824724923e-05
-0.015793912112713 0.037371218204498 1.2886384725571 0.00079059740528464 0.00027726916596293 -2.9624254703522 9.5282965048682e-05
-0.017306998372078 0.03233490884304 1.282302737236 0.0007349427905865 0.00010894384467974 -2.9144275188446 8.6194697360042e-05
-0.018788382411003 0.027346834540367 1.2759696245193 0.00061971554532647 0.00023386394605041 -2.8655862808228 3.6973688111175e-05
-0.02026229351759 0.022328987717628 1.269628405571 0.00068487098906189 9.2846297775395e-05 -2.8174164295197 1.4921874026186e-05
-0.021775253117085 0.017321601510048 1.263290643692 0.00051055283984169 0.00036703996011056 -2.7694556713104 -6.5529920902918e-06
-0.023276157677174 0.012300208210945 1.2569530010223 0.00053627829765901 0.00031669271993451 -2.7214052677155 0.00011450979218353
-0.024761892855167 0.0072841048240662 1.2506439685822 0.00046710736933164 0.00026702342438512 -2.6735455989838 6.1468992498703e-05
-0.026254281401634 0.0022640377283096 1.244297504425 0.00046542243217118 0.00024889007909223 -2.6255552768707 -2.3426902771462e-05
-0.02779495716095 -0.0027270242571831 1.237982749939 0.00040132191497833 0.00021401602134574 -2.577965259552 5.9373476688052e-05
-0.029276229441166 -0.007773332297802 1.2316111326218 0.00035523384576663 0.00031065824441612 -2.5293219089508 3.5254044632893e-05
-0.030775539577007 -0.012795940041542 1.2252916097641 0.00038938104989938 0.00031728466274217 -2.4817087650299 7.2864604589995e-05
-0.032263897359371 -0.017779245972633 1.2189915180206 0.00029472741880454 0.00012738328950945 -2.4332110881805 9.6458818006795e-05
-0.033764094114304 -0.022814996540546 1.2126450538635 0.00012246923870407 0.00011987129983027 -2.3853497505188 1.861714736151e-05
-0.035264506936073 -0.027827050536871 1.2062772512436 0.00015623313083779 0.00011724574869731 -2.337158203125 3.3175630960613e-05
-0.036768615245819 -0.032848540693521 1.1999472379684 3.5718079743674e-05 3.8438975025201e-07 -2.2887041568756 -3.8884959394636e-06
-0.038268506526947 -0.037836816161871 1.1936182975769 1.9383252947591e-05 -0.00014114216901362 -2.2404172420502 6.2832232288201e-06
-0.039762824773788 -0.042868707329035 1.1872756481171 -0.00023936953220982 -0.00031163217499852 -2.1928148269653 1.7917303921422e-05
-0.041236594319344 -0.047851230949163 1.1809763908386 -0.00027696130564436 -0.00049851334188133 -2.1443538665771 4.5021617552266e-05
-0.042767651379108 -0.052912179380655 1.1745973825455 -0.00022377047571354 -0.00066991744097322 -2.0971159934998 2.430725726299e-05
-0.044266365468502 -0.057912640273571 1.1682593822479 -0.00034822680754587 -0.00081239710561931 -2.0484132766724 9.8088585218647e-06
-0.045742966234684 -0.062939621508121 1.1619355678558 -0.00047700811410323 -0.00084726989734918 -2.000846862793 2.4982318791444e-05
-0.047246605157852 -0.067935071885586 1.1555753946304 -0.00033230261760764 -0.00083023053593934 -1.9523824453354 9.6258219855372e-05
-0.048745587468147 -0.072938434779644 1.1492526531219 -0.0002019258972723 -0.00057964510051534 -1.9047638177872 5.6863813370001e-05
-0.050257965922356 -0.077983282506466 1.1428916454315 0.00010810831008712 0.0002827686839737 -1.8568586111069 3.3652013371466e-05
-0.05172711238265 -0.082957655191422 1.1366592645645 0.00024036300601438 0.0015388712054119 -1.8090443611145 4.1544088162482e-05
-0.05323738232255 -0.087973169982433 1.1302777528763 0.00070134253473952 0.0034694531932473 -1.7607258558273 2.687041524041e-05
-0.054745201021433 -0.093036010861397 1.1238420009613 0.0012275769840926 0.00521324807778 -1.7132089138031 6.3185012550093e-05
-0.056224852800369 -0.098028436303139 1.1176066398621 0.0011775727616623 0.0066582765430212 -1.6655457019806 4.5381959353108e-05
-0.057738594710827 -0.10303960740566 1.1112946271896 0.00096449162811041 0.0074619227088988 -1.6176383495331 -1.0507283576544e-07
-0.059241808950901 -0.10806895047426 1.1049129962921 0.00080173235619441 0.0068991864100099 -1.5694981813431 8.9044049673248e-05
-0.060735881328583 -0.11304476857185 1.0986217260361 0.00049567519454286 0.0060433764010668 -1.5212370157242 6.4823993852769e-06
-0.062236357480288 -0.11806977540255 1.0922409296036 0.00028144448879175 0.0047738668508828 -1.472252368927 2.0042007236043e-05
-0.063716247677803 -0.12308687716722 1.0858623981476 6.2593790062238e-05 0.0041068256832659 -1.4251695871353 1.4844511497358e-05
-0.065232433378696 -0.12811307609081 1.0795212984085 -6.842795846751e-05 0.0035617556422949 -1.3768265247345 1.1780568456743e-05
-0.066720806062222 -0.13310377299786 1.0732178688049 -0.00025190689484589 0.0032793725840747 -1.3288677930832 2.3929744202178e-05
-0.068227201700211 -0.13811931014061 1.0668928623199 -0.00036271387943998 0.0031585937831551 -1.2809423208237 4.0406430343864e-05
-0.069719657301903 -0.14315985143185 1.0605329275131 -0.00050425814697519 0.0029969548340887 -1.2330648899078 -9.2800382844871e-06
-0.071218974888325 -0.14814981818199 1.0543024539948 -0.00073047610931098 0.0031185992993414 -1.1850241422653 7.6066047768109e-05
-0.072709903120995 -0.15318131446838 1.0477819442749 -0.00078832654980943 0.002932297764346 -1.1370840072632 8.0490521213505e-05
-0.074220567941666 -0.15818360447884 1.0415638685226 -0.00094662007177249 0.003160203108564 -1.0888675451279 7.4995507020503e-05
-0.075708627700806 -0.16319438815117 1.0352174043655 -0.0011981308925897 0.0030614442657679 -1.0415320396423 5.9203877754044e-05
-0.077182672917843 -0.16821718215942 1.0288778543472 -0.0013243703870103 0.0032840583007783 -0.99368578195572 6.9002162490506e-05
-0.078706569969654 -0.17323270440102 1.0225013494492 -0.0017327725654468 0.0035555185750127 -0.94500666856766 -2.8574640964507e-05
-0.08021242916584 -0.17824730277061 1.0161740779877 -0.0022486166562885 0.0037997246254236 -0.89785432815552 0.00010934832243947
-0.081723555922508 -0.18324960768223 1.0097790956497 -0.0029941545799375 0.0042736204341054 -0.84988898038864 6.1340339016169e-05
-0.083229526877403 -0.18824307620525 1.003521323204 -0.004389223176986 0.0054331202991307 -0.80278831720352 3.4448297810741e-05
-0.084689319133759 -0.19326515495777 0.99719548225403 -0.0069952770136297 0.0073036081157625 -0.75618350505829 3.4490523830755e-05
-0.086213409900665 -0.19827750325203 0.99073994159698 -0.013596464879811 0.012488699518144 -0.71180415153503 -2.0780933482456e-05
-0.087691381573677 -0.20328092575073 0.98446589708328 -0.034736327826977 0.027718491852283 -0.67540389299393 -2.3275721105165e-05
-0.089174628257751 -0.2082454264164 0.97815650701523 -0.075735323131084 0.057163085788488 -0.64836883544922 5.2531559049385e-06
-0.090632170438766 -0.21318246424198 0.97181838750839 -0.12107728421688 0.08644200116396 -0.61765176057816 6.8505207309499e-05
-0.092124179005623 -0.21817326545715 0.96546983718872 -0.16842709481716 0.11194103211164 -0.58015215396881 9.351760672871e-05
-0.093620359897614 -0.22312769293785 0.95912146568298 -0.21761707961559 0.13216717541218 -0.5356177687645 -5.4848778745509e-06
-0.095083624124527 -0.22811637818813 0.95266050100327 -0.26859268546104 0.14621458947659 -0.48463770747185 1.275159411307e-05
-0.093548029661179 -0.22508528828621 0.94978678226471 -0.25437504053116 0.12594483792782 -0.44622519612312 -0.0057222535833716
-0.089593157172203 -0.21553882956505 0.94984400272369 -0.1782878190279 0.083235397934914 -0.42775002121925 -0.011700261384249
-0.085629552602768 -0.20600712299347 0.94968891143799 -0.091042526066303 0.040592566132545 -0.41026681661606 -0.017720062285662
-0.081667348742485 -0.19652308523655 0.94963955879211 0.0092344731092453 -0.0030455072410405 -0.39223411679268 -0.024075599387288
-0.077715843915939 -0.18701180815697 0.94965994358063 0.039808008819818 -0.017685286700726 -0.38821840286255 -0.030433628708124
-0.073706477880478 -0.17734612524509 0.94982361793518 0.0085053658112884 -0.0040352717041969 -0.39231500029564 -0.036563273519278
-0.069696195423603 -0.16771200299263 0.94965469837189 0.0053266552276909 -0.002419650554657 -0.39316645264626 -0.042930472642183
-0.065713107585907 -0.1581169962883 0.94988352060318 0.0036180231254548 -0.0017833400052041 -0.3936779499054 -0.049268245697021
-0.061723127961159 -0.14851017296314 0.94978034496307 0.0031286610756069 -0.0015485407784581 -0.39341136813164 -0.055736415088177
-0.057743988931179 -0.13892635703087 0.9497983455658 0.0026324046775699 -0.0012532443506643 -0.39324215054512 -0.062110863626003
-0.053751356899738 -0.12931314110756 0.94981408119202 0.0023881304077804 -0.0011259112507105 -0.39354410767555 -0.068549066781998
-0.049745440483093 -0.11971287429333 0.9498171210289 0.0019270352786407 -0.0010467080865055 -0.39361464977264 -0.074940517544746
-0.045780777931213 -0.1101229339838 0.94987154006958 0.0018066805787385 -0.0008791814907454 -0.39333653450012 -0.081215500831604
-0.041797399520874 -0.10052926838398 0.94995498657227 0.0018061178270727 -0.0011190434452146 -0.39348551630974 -0.087424881756306
-0.037791162729263 -0.090930417180061 0.94992291927338 0.0015902904560789 -0.00086254323832691 -0.3930007815361 -0.091707706451416
-0.034557819366455 -0.083146691322327 0.95794278383255 -0.000923108716961 0.00040001538582146 -0.39388573169708 -0.094750195741653
-0.034528702497482 -0.083125695586205 1.0057500600815 -0.0010722983861342 0.00096458557527512 -0.3941305577755 -0.096539512276649
-0.034526944160461 -0.083170741796494 1.0537145137787 -0.0013028786052018 0.0012096925638616 -0.393713504076 -0.097409166395664
-0.034535557031631 -0.083163872361183 1.1018004417419 -0.0019013691926375 0.0013082453515381 -0.39391621947289 -0.09703604131937
-0.034550055861473 -0.083188369870186 1.149723649025 -0.0017822274239734 0.0014220245648175 -0.3942192196846 -0.096705235540867
-0.034528307616711 -0.083228036761284 1.1977897882462 -0.003340058028698 0.0019149150466546 -0.39491486549377 -0.095846958458424
-0.034544497728348 -0.083271950483322 1.2456420660019 -0.003858142066747 0.0023549890611321 -0.39491632580757 -0.095831595361233
