-0.042989399284124 0.19816634058952 -1.7301416397095 -1.6102938652039 -1.6968064308167 1.0687639587559e-05 3.6952271329938e-05
-0.066022545099258 0.178157299757 -1.7303581237793 -1.5900416374207 -1.7681565284729 -0.00016288108599838 -3.0118824724923e-05
-0.087612301111221 0.15718600153923 -1.7293004989624 -1.5701327323914 -1.8377506732941 -0.00023059196246322 9.5282965048682e-05
-0.10800138115883 0.13516470789909 -1.7269175052643 -1.5504922866821 -1.9061832427979 -0.00022677727974951 8.6194697360042e-05
-0.12726202607155 0.11224314570427 -1.7232201099396 -1.5312559604645 -1.9737367630005 -0.00027565308846533 3.6973688111175e-05
-0.14511671662331 0.088525742292404 -1.7182981967926 -1.5124025344849 -2.0395681858063 -0.0002394134644419 1.4921874026186e-05
-0.16187277436256 0.063979595899582 -1.7119567394257 -1.4941375255585 -2.1047582626343 -0.00031236954964697 -6.5529920902918e-06
-0.17724648118019 0.038789719343185 -1.7044363021851 -1.4765276908875 -2.1677532196045 -0.00034026452340186 0.00011450979218353
-0.19159045815468 0.012897461652756 -1.6954531669617 -1.4595828056335 -2.2306134700775 -0.00040678330697119 6.1468992498703e-05
-0.2046631872654 -0.013503104448318 -1.6853263378143 -1.4433274269104 -2.2914526462555 -0.0003624374512583 -2.3426902771462e-05
-0.21672835946083 -0.040478497743607 -1.6738936901093 -1.4277160167694 -2.3516776561737 -0.00037292786873877 5.9373476688052e-05
-0.22768464684486 -0.068016320466995 -1.6611275672913 -1.412974357605 -2.4107627868652 -0.00033358880318701 3.5254044632893e-05
-0.23754778504372 -0.095766574144363 -1.6472086906433 -1.3991096019745 -2.4684212207794 -0.00038818665780127 7.2864604589995e-05
-0.24651804566383 -0.12388470768929 -1.6320359706879 -1.3860116004944 -2.5256962776184 -0.00029329606331885 9.6458818006795e-05
-0.25447025895119 -0.15235736966133 -1.6157400608063 -1.3736519813538 -2.5815272331238 -0.00014023133553565 1.861714736151e-05
-0.26159444451332 -0.18132808804512 -1.5981066226959 -1.3622334003448 -2.6370921134949 9.0081011876464e-05 3.3175630960613e-05
-0.26782217621803 -0.21028140187263 -1.5794582366943 -1.3516459465027 -2.691365480423 0.00029893568716943 -3.8884959394636e-06
-0.27321615815163 -0.2394190132618 -1.5596935749054 -1.3418371677399 -2.7449021339417 0.0006746833678335 6.2832232288201e-06
-0.27779474854469 -0.26858332753181 -1.5390160083771 -1.3326978683472 -2.7972300052643 0.0012692993041128 1.7917303921422e-05
-0.28165617585182 -0.29789641499519 -1.5171570777893 -1.3243861198425 -2.8492360115051 0.0021223609801382 4.5021617552266e-05
-0.28483739495277 -0.32741263508797 -1.494332075119 -1.3165979385376 -2.9003396034241 0.0033368652220815 2.430725726299e-05
-0.28735342621803 -0.35686305165291 -1.4706075191498 -1.3089911937714 -2.9511275291443 0.0051760263741016 9.8088585218647e-06
-0.28919759392738 -0.38597372174263 -1.4462921619415 -1.3016226291656 -3.0007381439209 0.0076608248054981 2.4982318791444e-05
-0.29048457741737 -0.41518738865852 -1.4211227893829 -1.294065952301 -3.050083398819 0.011292893439531 9.6258219855372e-05
-0.29119697213173 -0.44400051236153 -1.3953924179077 -1.286199092865 -3.098730802536 0.016031701117754 5.6863813370001e-05
-0.29140368103981 -0.47284296154976 -1.3688116073608 -1.2782373428345 -3.1471564769745 0.021809536963701 3.3652013371466e-05
-0.29107442498207 -0.50125455856323 -1.3415639400482 -1.2708067893982 -3.1947605609894 0.027796227484941 4.1544088162482e-05
-0.29029765725136 -0.53012847900391 -1.3128929138184 -1.2652671337128 -3.242392539978 0.033252198249102 2.687041524041e-05
-0.28908768296242 -0.55964326858521 -1.2827410697937 -1.2633910179138 -3.288482427597 0.035922486335039 6.3185012550093e-05
-0.28743758797646 -0.58968710899353 -1.2502994537354 -1.2665133476257 -3.3346660137177 0.035044629126787 4.5381959353108e-05
-0.28542676568031 -0.62086009979248 -1.2155079841614 -1.2744452953339 -3.3807635307312 0.030510384589434 -1.0507283576544e-07
-0.28302636742592 -0.65287160873413 -1.1791017055511 -1.2853820323944 -3.4261174201965 0.024018246680498 8.9044049673248e-05
-0.28028669953346 -0.68506217002869 -1.1414940357208 -1.2971456050873 -3.4717230796814 0.01771255210042 6.4823993852769e-06
-0.27718988060951 -0.71713948249817 -1.103408575058 -1.3081758022308 -3.5166864395142 0.012742955237627 2.0042007236043e-05
-0.27384224534035 -0.74885773658752 -1.0649676322937 -1.318190574646 -3.5609900951385 0.0093664713203907 1.4844511497358e-05
-0.2701818048954 -0.78058791160583 -1.0254273414612 -1.3278932571411 -3.6055240631104 0.0074667520821095 1.1780568456743e-05
-0.26625862717628 -0.81237435340881 -0.98506784439087 -1.3375589847565 -3.6496739387512 0.0062994547188282 2.3929744202178e-05
-0.26211085915565 -0.84440994262695 -0.94343662261963 -1.3480069637299 -3.6936266422272 0.0055284090340137 4.0406430343864e-05
-0.2577408850193 -0.8766131401062 -0.90056085586548 -1.3592207431793 -3.7369229793549 0.0048560686409473 -9.2800382844871e-06
-0.25312677025795 -0.90933060646057 -0.85597014427185 -1.371248960495 -3.7806630134583 0.0045790262520313 7.6066047768109e-05
-0.24836817383766 -0.94289112091064 -0.80988335609436 -1.3843357563019 -3.8234567642212 0.0041746683418751 8.0490521213505e-05
-0.24339428544044 -0.9766788482666 -0.76153206825256 -1.3986883163452 -3.8667125701904 0.0040626116096973 7.4995507020503e-05
-0.23832979798317 -1.0113613605499 -0.7111964225769 -1.4144835472107 -3.9091036319733 0.0038933344185352 5.9203877754044e-05
-0.23303428292274 -1.0474908351898 -0.6575915813446 -1.4318597316742 -3.951877117157 0.0038632936775684 6.9002162490506e-05
-0.22764459252357 -1.0848476886749 -0.60069012641907 -1.451112985611 -3.9944777488708 0.0038303919136524 -2.8574640964507e-05
-0.22215619683266 -1.1240358352661 -0.53929829597473 -1.472708940506 -4.0367827415466 0.0039910860359669 0.00010934832243947
-0.21656861901283 -1.1658771038055 -0.47211313247681 -1.497177362442 -4.0788435935974 0.0044083185493946 6.1340339016169e-05
-0.21094360947609 -1.2112648487091 -0.39645075798035 -1.5255880355835 -4.1204800605774 0.0052303858101368 3.4448297810741e-05
-0.20531693100929 -1.2624990940094 -0.30794501304626 -1.5593183040619 -4.1612591743469 0.0068430490791798 3.4490523830755e-05
-0.19994178414345 -1.3226542472839 -0.19912052154541 -1.5987944602966 -4.2003331184387 0.010894257575274 -2.0780933482456e-05
-0.19557896256447 -1.3879671096802 -0.072442531585693 -1.6312942504883 -4.2323346138 0.023110348731279 -2.3275721105165e-05
-0.19248071312904 -1.4221727848053 -0.0023951530456543 -1.6115503311157 -4.2563457489014 0.046313721686602 5.2531559049385e-06
-0.18884745240211 -1.4256942272186 0.0039358139038086 -1.5564017295837 -4.2835536003113 0.068464711308479 6.8505207309499e-05
-0.18443408608437 -1.4261035919189 0.0027613639831543 -1.4992382526398 -4.3158884048462 0.085957005620003 9.351760672871e-05
-0.17912521958351 -1.4271256923676 0.0019197463989258 -1.4446618556976 -4.3536376953125 0.097958520054817 -5.4848778745509e-06
-0.17288461327553 -1.4291141033173 0.0014333724975586 -1.3927226066589 -4.3969125747681 0.10376019775867 1.275159411307e-05
-0.16628232598305 -1.4331002235413 -0.0024771690368652 -1.4107513427734 -4.4285893440247 0.086040928959846 -0.0057222535833716
-0.16052666306496 -1.4423985481262 -0.0043413639068604 -1.490996837616 -4.4431757926941 0.055783227086067 -0.011700261384249
-0.15481677651405 -1.4532635211945 -0.0089919567108154 -1.5764284133911 -4.4567770957947 0.026903107762337 -0.017720062285662
-0.14908209443092 -1.4567523002625 -0.035762310028076 -1.6592390537262 -4.4692850112915 -0.0016735047101974 -0.024075599387288
-0.14531937241554 -1.3471620082855 -0.27324724197388 -1.5661036968231 -4.4695587158203 -0.011995121836662 -0.030433628708124
-0.14277997612953 -1.2535467147827 -0.45348930358887 -1.4443411827087 -4.4625148773193 -0.0028572529554367 -0.036563273519278
-0.13953843712807 -1.2015888690948 -0.55860018730164 -1.3874516487122 -4.4587683677673 -0.0016451328992844 -0.042930472642183
-0.13620725274086 -1.1581590175629 -0.64538860321045 -1.3422667980194 -4.4551582336426 -0.0013020485639572 -0.049268245697021
-0.1327351629734 -1.1203057765961 -0.72184276580811 -1.3030860424042 -4.4515557289124 -0.001064345240593 -0.055736415088177
-0.12915197014809 -1.0857737064362 -0.7908947467804 -1.2679812908173 -4.4480576515198 -0.00092916190624237 -0.062110863626003
-0.12548413872719 -1.0538282394409 -0.85465717315674 -1.2357676029205 -4.4443454742432 -0.00080113112926483 -0.068549066781998
-0.12169590592384 -1.0239090919495 -0.9143054485321 -1.2057917118073 -4.4404740333557 -0.00078372657299042 -0.074940517544746
-0.1178175508976 -0.99559926986694 -0.97035598754883 -1.1777904033661 -4.4366483688354 -0.00069098174571991 -0.081215500831604
-0.11382833123207 -0.96860241889954 -1.0237104892731 -1.1510980129242 -4.4325976371765 -0.00070576369762421 -0.087424881756306
-0.10965147614479 -0.94278383255005 -1.0746653079987 -1.1254124641418 -4.4287991523743 -0.00039653480052948 -0.091707706451416
-0.10630002617836 -0.91264271736145 -1.1102964878082 -1.1183006763458 -4.4249844551086 0.0002114325761795 -0.094750195741653
-0.10631266236305 -0.86198997497559 -1.0742883682251 -1.2042500972748 -4.4246935844421 0.00090904533863068 -0.096539512276649
-0.10628738999367 -0.82113361358643 -1.0209083557129 -1.2980391979218 -4.424834728241 0.00092478096485138 -0.097409166395664
-0.10632100701332 -0.79116988182068 -0.9489312171936 -1.399181842804 -4.4247469902039 0.0011903792619705 -0.09703604131937
-0.106390863657 -0.77496314048767 -0.85467863082886 -1.5097930431366 -4.4244117736816 0.0013663321733475 -0.096705235540867
-0.10638013482094 -0.77513790130615 -0.73140811920166 -1.6318075656891 -4.4243402481079 0.0016600638628006 -0.095846958458424
-0.10647097229958 -0.8003261089325 -0.56316161155701 -1.7740342617035 -4.4239220619202 0.0020668059587479 -0.095831595361233
