-5.7538162678838e-08 1.806929930126e-07 0.91483938694
6.7707574658016e-08 2.9179258831391e-07 0.91483932733536
3.2038380481936e-07 6.3385272142114e-07 0.91483920812607
8.3627412550413e-07 6.8583756274165e-07 0.91483914852142
7.912659611975e-07 7.3876879014279e-07 0.91483920812607
1.336374452876e-06 7.3374610565224e-07 0.91483932733536
1.4817327382843e-06 1.043033194037e-06 0.91483926773071
1.4499414646707e-06 9.798321798371e-07 0.91483944654465
1.5405851172545e-06 9.6201324595313e-07 0.91483938694
1.4700385690958e-06 1.2999541922909e-06 0.91483944654465
1.8403060266792e-06 1.5592593172187e-06 0.91483932733536
1.5802756934136e-06 1.6177968973352e-06 0.91483938694
1.5695540014349e-06 9.3193358452481e-07 0.91483950614929
1.9486751625664e-06 9.1754179720738e-07 0.91483962535858
1.8446472722644e-06 3.408726172438e-07 0.91483944654465
1.5771297512401e-06 2.1120706605871e-07 0.91483950614929
1.3011203918722e-06 3.2347062983717e-07 0.91483944654465
1.3775318166154e-06 1.1123395893264e-07 0.91483932733536
9.4320887455979e-07 1.163178637853e-07 0.91483920812607
9.3434061909647e-07 1.1272493338765e-07 0.91483926773071
3.414374134536e-07 4.5456840780389e-07 0.91483932733536
7.7959532518435e-07 5.0144774377259e-07 0.91483950614929
1.1338314607201e-06 -2.184264857874e-08 0.91483950614929
1.1557574453036e-06 -1.5865753155708e-08 0.91483962535858
1.8572172848508e-06 -4.0687513092053e-07 0.91483956575394
2.1062985524622e-06 -6.7227415456728e-07 0.91483956575394
2.1542464310187e-06 -7.3159179692084e-07 0.91483968496323
2.1526025193452e-06 -8.2132044099126e-07 0.91483974456787
1.7407638779332e-06 -1.0309765912098e-06 0.91483986377716
1.880320382952e-06 -8.9297373051522e-07 0.91483998298645
1.7095084103858e-06 -9.0192179413862e-07 0.91483998298645
1.3094158930471e-06 -8.2218002717127e-07 0.91483986377716
1.126047550315e-06 -1.0856683729799e-06 0.91483974456787
1.5972456139934e-06 -1.1554141110537e-06 0.91483992338181
1.7720498135532e-06 -1.0141827715415e-06 0.91484016180038
2.1988907974446e-06 -9.7682561772672e-07 0.91484022140503
2.3229827093019e-06 -1.0079397725349e-06 0.91484028100967
2.7632547698886e-06 -9.0207225866834e-07 0.91484022140503
2.9565130716946e-06 -1.0594552577459e-06 0.91484034061432
3.2387224564445e-06 -1.2366426744848e-06 0.9148405790329
3.8639068407065e-06 -1.038879531734e-06 0.91484045982361
3.6950752928533e-06 -8.6407720800707e-07 0.9148405790329
3.7646020700777e-06 -1.0024200491898e-06 0.91484051942825
3.3537619401613e-06 -9.6943244898284e-07 0.91484069824219
3.6618503145291e-06 -1.3181615940994e-06 0.91484069824219
3.5839045722241e-06 -1.7645970729063e-06 0.91484093666077
2.9641739729414e-06 -1.4142390227789e-06 0.91484099626541
3.1742229111842e-06 -1.6133295730469e-06 0.9148411154747
3.4148042686866e-06 -1.2274849723326e-06 0.91484117507935
3.4323661566305e-06 -1.3202140962676e-06 0.91484117507935
3.6604455999623e-06 -1.4638332004324e-06 0.91484117507935
3.5491923426889e-06 -1.2912626061734e-06 0.91484117507935
3.4087051972165e-06 -1.2352076055322e-06 0.91484105587006
3.2542941426073e-06 -1.5348801980508e-06 0.91484099626541
2.9807329156029e-06 -2.0612333173631e-06 0.91484117507935
3.0966857593739e-06 -1.8703075284066e-06 0.91484117507935
3.4612342005857e-06 -1.7380789358867e-06 0.91484135389328
3.6550070490193e-06 -1.9171604890289e-06 0.91484153270721
3.585948206819e-06 -1.896169351312e-06 0.91484171152115
4.1091416278505e-06 -1.7410774262316e-06 0.91484177112579
3.8471530388051e-06 -1.4666354672954e-06 0.91484183073044
3.8048374335631e-06 -1.6027387346185e-06 0.9148416519165
3.7295819765859e-06 -2.0000140921184e-06 0.91484171152115
3.9803649087844e-06 -2.1400501282187e-06 0.91484183073044
3.8646880966553e-06 -1.9003973648068e-06 0.91484194993973
3.5469358863338e-06 -1.9651211005112e-06 0.91484206914902
3.8960083657003e-06 -1.9078545392404e-06 0.91484218835831
3.747545861188e-06 -1.5346533928096e-06 0.91484212875366
3.5760303944699e-06 -1.9123312995362e-06 0.91484200954437
0.00034820512519218 0.00062295753741637 0.91517585515976
0.0020056357607245 0.003953518345952 0.9171986579895
0.0034426720812917 0.0077306563034654 0.92491090297699
0.0032907121349126 0.0076618515886366 0.97083169221878
0.0041904868558049 0.0087266974151134 1.0150529146194
0.00414500804618 0.0088490722700953 1.0614267587662
0.0042907008901238 0.0089906761422753 1.1075805425644
0.0046221613883972 0.0096313832327724 1.1540879011154
0.0045536393299699 0.0092741753906012 1.2001568078995
