-0.017501149326563 0.074458971619606 1.2770885229111 0.0027264894451946 0.00018921092851087 -3.1090393066406 8.4754819908994e-06
-0.021569184958935 0.084056377410889 1.2575052976608 0.0026147323660553 0.00029116982477717 -3.090437412262 4.0587950934423e-05
-0.025616627186537 0.093654334545135 1.2379372119904 0.0026202730368823 0.00030129944207147 -3.0720665454865 6.5231295593549e-05
-0.029672406613827 0.10326306521893 1.2183635234833 0.0026632589288056 0.00035115916398354 -3.0533080101013 9.5156508905347e-05
-0.033727612346411 0.11284764111042 1.1987810134888 0.002618656726554 0.00048132232041098 -3.0346670150757 0.00014099782856647
-0.037769008427858 0.12246824800968 1.179225564003 0.0027181471232325 0.0006267026765272 -3.0159664154053 1.0604458111629e-05
-0.041834857314825 0.13205194473267 1.1596451997757 0.002814857987687 0.0007234446820803 -2.9976496696472 7.0294096076395e-05
-0.045886233448982 0.14165405929089 1.1400709152222 0.0029480706434697 0.00080869876546785 -2.9789657592773 3.3222688216483e-05
-0.049912072718143 0.15126740932465 1.1205013990402 0.0031334073282778 0.00098018010612577 -2.9598016738892 -7.9975188782555e-06
-0.053955748677254 0.1608639806509 1.1009269952774 0.0033528620842844 0.0012279372895136 -2.9415023326874 5.0636031119211e-06
-0.058000683784485 0.17045237123966 1.0813606977463 0.003640191629529 0.0012803013669327 -2.9226353168488 -4.9077816584031e-06
-0.062070675194263 0.18006375432014 1.0617836713791 0.0040515870787203 0.0015251185977831 -2.9044327735901 4.1343402699567e-05
-0.066114403307438 0.1896578669548 1.0422149896622 0.004548700992018 0.0019068152178079 -2.8856642246246 1.6784244962764e-06
-0.070177905261517 0.19924938678741 1.0226408243179 0.005012430716306 0.00217514205724 -2.867018699646 6.6041298850905e-05
-0.074186936020851 0.20885956287384 1.0030664205551 0.0057524172589183 0.0025511847343296 -2.8471083641052 2.8618493161048e-05
-0.078270263969898 0.21845565736294 0.98349219560623 0.0063704429194331 0.0030222497880459 -2.8290548324585 -1.673428050708e-05
-0.082316070795059 0.22805696725845 0.96392321586609 0.0071137864142656 0.0035239059943706 -2.8099825382233 7.5092822953593e-05
-0.084190785884857 0.23205523192883 0.95001196861267 0.0039859712123871 0.0023961148690432 -2.7931072711945 -0.0039822119288146
-0.080708101391792 0.22250451147556 0.94998514652252 0.00048842729302123 0.00023869099095464 -2.7920064926147 -0.010191255249083
-0.077231720089912 0.2128980755806 0.94998240470886 -2.6536425139057e-05 -7.84450021456e-05 -2.7916734218597 -0.016222413629293
-0.073769554495811 0.20330043137074 0.94998514652252 -0.00011027866275981 -0.00018837122479454 -2.792060136795 -0.022433932870626
-0.070247270166874 0.19370631873608 0.94998234510422 -0.00011906084546354 -0.00012234511086717 -2.7920427322388 -0.029205931350589
-0.066804654896259 0.18410156667233 0.94997811317444 -0.00021845077571925 -1.2455746400519e-05 -2.7920451164246 -0.035375140607357
-0.063308641314507 0.17450667917728 0.94997954368591 -0.00024201394990087 -8.9292778284289e-05 -2.7919361591339 -0.041780665516853
-0.059832364320755 0.16489674150944 0.94997578859329 -0.0002299037296325 -0.00016437890008092 -2.7924630641937 -0.048026319593191
-0.056352056562901 0.15530905127525 0.94998133182526 -0.00024601153563708 -0.00026838848134503 -2.7920360565186 -0.054502207785845
-0.052870720624924 0.14571733772755 0.9499808549881 -0.00046164690866135 -0.0001484783279011 -2.7917137145996 -0.060923751443624
-0.049388073384762 0.13610248267651 0.94997417926788 -0.00039367386489175 -0.00022788858041167 -2.7920112609863 -0.06722117960453
-0.045915201306343 0.12651678919792 0.94998019933701 -0.0005439393571578 -0.00026494864141569 -2.7918314933777 -0.073621779680252
-0.042431436479092 0.11692170798779 0.94997072219849 -0.00059943547239527 -0.00029815713060088 -2.7917108535767 -0.07988765090704
-0.038988351821899 0.10731865465641 0.94997781515121 -0.00054515094961971 -0.00037813387461938 -2.7924385070801 -0.086285851895809
-0.035481065511703 0.097713783383369 0.95001882314682 -0.00051200139569119 -0.00043783220462501 -2.7918329238892 -0.091123685240746
-0.032011963427067 0.088134810328484 0.9500230550766 -0.0011443124385551 -0.00021169823594391 -2.791965007782 -0.095673911273479
-0.030704841017723 0.084621846675873 0.97977077960968 -0.0086947176605463 -0.0046930145472288 -2.7935531139374 -0.097822278738022
-0.030710279941559 0.084616854786873 1.0277255773544 -0.0086404224857688 -0.0047093634493649 -2.7934908866882 -0.098627813160419
-0.030711472034454 0.084588661789894 1.0757305622101 -0.0081354631111026 -0.0043908287771046 -2.7930788993835 -0.098472878336906
-0.030700199306011 0.084581047296524 1.1237066984177 -0.0067209945991635 -0.0043802666477859 -2.7933449745178 -0.098401054739952
-0.030708909034729 0.08455853164196 1.1717101335526 -0.0067210760898888 -0.0041496511548758 -2.7936751842499 -0.098482929170132
-0.030702576041222 0.084555447101593 1.21970307827 -0.0064093107357621 -0.0042867884039879 -2.7938711643219 -0.098297208547592
