-0.041609909385443 0.26520726084709 -1.8415966033936 -1.567821264267 -1.6449842453003 -0.00024251290597022 8.4754819908994e-06
-0.066414266824722 0.2796296775341 -1.9017956256866 -1.522038936615 -1.6883733272552 -0.0003619606141001 4.0587950934423e-05
-0.092569023370743 0.29111668467522 -1.9598100185394 -1.4755146503448 -1.7329754829407 -0.00053529092110693 6.5231295593549e-05
-0.12025085091591 0.29941985011101 -2.0157568454742 -1.427906036377 -1.7792644500732 -0.00068430253304541 9.5156508905347e-05
-0.14938631653786 0.30424734950066 -2.0696678161621 -1.3788747787476 -1.8269855976105 -0.0008347446564585 0.00014099782856647
-0.1800185739994 0.30537363886833 -2.1215088367462 -1.3282606601715 -1.8762509822845 -0.0010598117951304 1.0604458111629e-05
-0.21223178505898 0.30224701762199 -2.1712412834167 -1.2755949497223 -1.9272933006287 -0.0012882167939097 7.0294096076395e-05
-0.24574223160744 0.29473873972893 -2.2188947200775 -1.2206499576569 -1.9790704250336 -0.0015831405762583 3.3222688216483e-05
-0.28100815415382 0.28205534815788 -2.264146566391 -1.1630852222443 -2.0332713127136 -0.0019083435181528 -7.9975188782555e-06
-0.31749907135963 0.26404759287834 -2.3070967197418 -1.1025125980377 -2.0883340835571 -0.0023937637452036 5.0636031119211e-06
-0.35545220971107 0.23997685313225 -2.3473408222198 -1.0387442111969 -2.1448166370392 -0.0029066021088511 -4.9077816584031e-06
-0.39473214745522 0.20947787165642 -2.3847484588623 -0.97161173820496 -2.2028527259827 -0.0036361629609019 4.1343402699567e-05
-0.43509855866432 0.17213198542595 -2.419017791748 -0.90088415145874 -2.2618236541748 -0.0045926980674267 1.6784244962764e-06
-0.47656574845314 0.12760016322136 -2.4498372077942 -0.82665657997131 -2.3219857215881 -0.005633395165205 6.6041298850905e-05
-0.51892220973969 0.075734585523605 -2.4767370223999 -0.74944734573364 -2.3834109306335 -0.0072570256888866 2.8618493161048e-05
-0.56205356121063 0.016721695661545 -2.4994385242462 -0.66972160339355 -2.4455373287201 -0.0092065744102001 -1.673428050708e-05
-0.60556781291962 -0.048890858888626 -2.517639875412 -0.58828592300415 -2.5076463222504 -0.011604826897383 7.5092822953593e-05
-0.6274174451828 -0.10171487927437 -2.5270416736603 -0.52102398872375 -2.54700922966 -0.0076206140220165 -0.0039822119288146
-0.59230816364288 -0.1063304245472 -2.5241508483887 -0.51189684867859 -2.5125794410706 -0.00061873719096184 -0.010191255249083
-0.55815374851227 -0.11122062802315 -2.5185015201569 -0.51166176795959 -2.4786069393158 0.00022931769490242 -0.016222413629293
-0.52524816989899 -0.11676743626595 -2.5116193294525 -0.51285004615784 -2.4457700252533 0.00040574744343758 -0.022433932870626
-0.49345648288727 -0.12297156453133 -2.5037858486176 -0.51447319984436 -2.4138221740723 0.00036950781941414 -0.029205931350589
-0.46307933330536 -0.12991288304329 -2.4949486255646 -0.5163300037384 -2.3833365440369 0.00035901740193367 -0.035375140607357
-0.43399512767792 -0.13748267292976 -2.4851703643799 -0.51852536201477 -2.3543787002563 0.00040765479207039 -0.041780665516853
-0.40606510639191 -0.14560797810555 -2.4745855331421 -0.5209846496582 -2.3261303901672 0.00038524344563484 -0.048026319593191
-0.37960088253021 -0.15434816479683 -2.4630501270294 -0.52366757392883 -2.2999088764191 0.00047441199421883 -0.054502207785845
-0.35441958904266 -0.16365984082222 -2.4506261348724 -0.5266056060791 -2.275190114975 0.00051494315266609 -0.060923751443624
-0.33020126819611 -0.17328146100044 -2.4375722408295 -0.53007411956787 -2.2507357597351 0.0004863329231739 -0.06722117960453
-0.30727207660675 -0.18337991833687 -2.4237132072449 -0.53365516662598 -2.2279536724091 0.00057359412312508 -0.073621779680252
-0.28537237644196 -0.1938638985157 -2.4091382026672 -0.53771448135376 -2.2060186862946 0.00064607337117195 -0.07988765090704
-0.26453173160553 -0.20463612675667 -2.3939187526703 -0.54212665557861 -2.1849956512451 0.00067372992634773 -0.086285851895809
-0.24462997913361 -0.21571162343025 -2.377922296524 -0.54724812507629 -2.1649355888367 0.00046487525105476 -0.091123685240746
-0.22581470012665 -0.22704008221626 -2.3613903522491 -0.55245995521545 -2.146106004715 0.00044198706746101 -0.095673911273479
-0.21855676174164 -0.15138986706734 -2.3357818126678 -0.64178395271301 -2.1372992992401 0.0080389566719532 -0.097822278738022
-0.21867263317108 -0.038407355546951 -2.2838201522827 -0.80681896209717 -2.1377708911896 0.0084132738411427 -0.098627813160419
-0.218625664711 0.051972836256027 -2.2163136005402 -0.96590566635132 -2.1375865936279 0.0075053758919239 -0.098472878336906
-0.21860468387604 0.12005659937859 -2.1357052326202 -1.1155292987823 -2.1376054286957 0.0070452280342579 -0.098401054739952
-0.21850860118866 0.1675862967968 -2.0435247421265 -1.2558391094208 -2.1372046470642 0.0069160051643848 -0.098482929170132
-0.21847832202911 0.19683358073235 -1.9407131671906 -1.3883035182953 -2.1370294094086 0.0067677088081837 -0.098297208547592
