6.8609222125815e-07 -3.7936160879326e-07 0.91483896970749
1.0481502386028e-06 -1.8368179155459e-07 0.91483902931213
8.4697836655323e-07 3.1386662158184e-08 0.91483914852142
8.4256322452347e-07 -1.6541183356367e-07 0.91483932733536
7.9355493198818e-07 -2.810342181192e-09 0.91483938694
3.1907265451991e-07 -4.4483392969141e-08 0.91483950614929
4.1693760977068e-07 -1.6984584760849e-07 0.91483944654465
2.1702703634219e-07 -2.8180670597067e-07 0.91483944654465
6.4727949222743e-08 4.3754906187132e-07 0.91483962535858
-6.887109549325e-08 4.5061372588862e-07 0.91483962535858
-1.2858652098657e-07 6.9570774030581e-07 0.91483968496323
-2.512645664865e-07 7.2846592047426e-07 0.91483998298645
-3.8157565995789e-07 4.5734330456071e-07 0.91483986377716
-2.9241917332001e-08 7.2046611876431e-07 0.91483986377716
-1.7816505248902e-07 5.3555856993626e-07 0.91483968496323
-1.8934477452603e-07 1.3692422839995e-07 0.91483992338181
-1.7115969797032e-07 9.411051138386e-08 0.91483992338181
7.1166802229072e-08 -2.0313655113569e-07 0.91483998298645
1.0792830096307e-07 -7.6843576835017e-08 0.91483998298645
2.1129154958999e-07 3.3425672540943e-07 0.91483992338181
3.0030042807994e-07 6.285744689194e-07 0.91483980417252
-3.1382282372761e-07 5.0314076815994e-07 0.91483968496323
-4.807984623767e-07 3.7595825119752e-07 0.91483968496323
-9.9350778270946e-08 9.8461066500022e-07 0.91483974456787
-3.3122401532637e-07 9.7079828265123e-07 0.91483986377716
-7.9288099641417e-07 1.2511061413534e-06 0.91483980417252
-7.7819612442909e-07 1.5322615354307e-06 0.91483980417252
-1.0044088867289e-06 1.3987360034662e-06 0.91483974456787
-8.6748786998214e-07 1.1180273986611e-06 0.91483962535858
-5.9345592262616e-07 9.3530974254463e-07 0.91483956575394
1.9279661501059e-05 -0.00010584981646389 0.91484636068344
0.0013783036265522 -0.0033174611162394 0.91671282052994
0.0023770977277309 -0.0065291384235024 0.91846019029617
0.003636792069301 -0.0093177845701575 0.94729000329971
0.004308061208576 -0.01147922500968 0.99028092622757
0.0038170104380697 -0.011319640092552 1.0361018180847
0.0034880705643445 -0.010893779806793 1.0823005437851
0.0032253360841423 -0.010183456353843 1.1284425258636
0.0031352913938463 -0.010166965425014 1.1750977039337
