0.0077511295676231 0.073733448982239 1.2714246511459 0.0031477734446526 -0.00020693155238405 3.0774681568146 8.0309808254242e-05
0.017338909208775 0.082958847284317 1.2487580776215 0.0031546393875033 -0.00042775401379913 3.0391745567322 1.8225919120596e-05
0.026950072497129 0.092181444168091 1.2260718345642 0.0031038234010339 -0.00081879616482183 3.0007500648499 7.4287701863796e-05
0.036541819572449 0.10138094425201 1.2033783197403 0.0032099869567901 -0.001018361421302 2.9629442691803 9.4077491667122e-05
0.046145424246788 0.11059574782848 1.180685043335 0.0033873873762786 -0.0011611240915954 2.9247703552246 5.3112642490305e-05
0.05574781447649 0.11981153488159 1.1580077409744 0.0036981184966862 -0.0015426040627062 2.886399269104 8.6287931480911e-05
0.065342858433723 0.12903016805649 1.1353200674057 0.0041296971030533 -0.0018949558725581 2.8479776382446 2.2364054530044e-05
0.074951738119125 0.13823649287224 1.1126326322556 0.0047372975386679 -0.0023868307471275 2.8091254234314 5.8276477830077e-06
0.084527105093002 0.14744287729263 1.0899411439896 0.0057309474796057 -0.0030519384890795 2.7703649997711 2.6735864594229e-05
0.094144716858864 0.15665474534035 1.0672580003738 0.0070430682972074 -0.0039062320720404 2.7314536571503 2.8993537853239e-05
0.10374942421913 0.16586115956306 1.0445665121078 0.0082199908792973 -0.0045154890976846 2.6926369667053 0.00011284778156551
0.11334331333637 0.1750870347023 1.021879196167 0.0077908234670758 -0.0042870873585343 2.6534931659698 -4.822822575079e-06
0.12292249500751 0.18430635333061 0.99918860197067 0.0027408732566983 -0.00096283212769777 2.6142649650574 9.7477983217686e-05
0.13256354629993 0.19350409507751 0.9765065908432 -0.0098085878416896 0.0060421270318329 2.5780589580536 5.0406819354976e-05
0.14215126633644 0.20273259282112 0.95381832122803 -0.0235630068928 0.012940028682351 2.5398545265198 1.6111618606374e-05
0.13817837834358 0.1962842643261 0.94999212026596 -0.013582126237452 0.0079365847632289 2.5295777320862 -0.0070293876342475
0.13141901791096 0.18667542934418 0.94999432563782 -0.0064122658222914 0.0039837318472564 2.527934551239 -0.013023774139583
0.12464265525341 0.17708441615105 0.94998973608017 -0.0017729306127876 0.0013271943898872 2.5274422168732 -0.019352842122316
0.11787207424641 0.16748172044754 0.94999814033508 0.0017627113265917 -0.001187416841276 2.5261888504028 -0.025576641783118
0.11113415658474 0.15788322687149 0.94998782873154 0.0044218171387911 -0.0033417935483158 2.5264401435852 -0.031998489052057
0.1043806374073 0.1482906639576 0.94998693466187 0.0055419621057808 -0.0044570043683052 2.5267744064331 -0.038406152278185
0.09762068092823 0.13869050145149 0.94998437166214 0.0051811174489558 -0.0042421296238899 2.5264890193939 -0.044985450804234
0.090862914919853 0.12910157442093 0.94998347759247 0.0035600769333541 -0.0030226714443415 2.5267071723938 -0.051383376121521
0.084096893668175 0.11949975788593 0.94998037815094 0.0016003923956305 -0.0013702556025237 2.526727437973 -0.057925257831812
0.077348500490189 0.10989528894424 0.94998967647552 8.7211839854717e-05 -3.4752025385387e-05 2.5268149375916 -0.064318649470806
0.070600524544716 0.10029645264149 0.94997936487198 -0.00071391632081941 0.00072052254108712 2.5269889831543 -0.070691622793674
0.063835322856903 0.090685769915581 0.94998556375504 -0.0010084881214425 0.0010382127948105 2.5269575119019 -0.076999098062515
0.057071328163147 0.081086173653603 0.94997406005859 -0.001039901166223 0.0010636489605531 2.5271997451782 -0.083297774195671
0.051822379231453 0.073641389608383 0.95816886425018 -0.0048315087333322 0.0037716964725405 2.5279731750488 -0.090868800878525
0.051814928650856 0.073595955967903 1.0059633255005 -0.013825099915266 0.01220294740051 2.5275447368622 -0.090914279222488
0.051795959472656 0.073585644364357 1.0539429187775 -0.013758324086666 0.013617275282741 2.5272903442383 -0.09119974821806
0.051816165447235 0.073572665452957 1.1019328832626 -0.013220480643213 0.012355104088783 2.5271997451782 -0.091474987566471
0.051807001233101 0.073586478829384 1.1499788761139 -0.012401049956679 0.01182255987078 2.5279326438904 -0.091517798602581
0.051800712943077 0.07356208562851 1.197892665863 -0.011301279999316 0.011605440638959 2.5277829170227 -0.091442361474037
0.051804661750793 0.073582321405411 1.2458651065826 -0.011108293198049 0.010869227349758 2.5279459953308 -0.091680206358433
