0.094746440649033 0.29714819788933 -1.8782234191895 -1.5636823177338 -1.41179728508 0.00056524924002588 8.0309808254242e-05
0.15354618430138 0.32889077067375 -1.9571990966797 -1.5164210796356 -1.3147747516632 0.0010463779326528 1.8225919120596e-05
0.2169836461544 0.35708901286125 -2.0331456661224 -1.4688189029694 -1.212993144989 0.0015270297881216 7.4287701863796e-05
0.28484138846397 0.38131806254387 -2.1061441898346 -1.4203386306763 -1.10711145401 0.0020463054534048 9.4077491667122e-05
0.3572162091732 0.40097042918205 -2.1762583255768 -1.3704507350922 -0.99649834632874 0.00269241980277 5.3112642490305e-05
0.43391308188438 0.41525217890739 -2.2435326576233 -1.3183326721191 -0.88141703605652 0.0038139407988638 8.6287931480911e-05
0.51419293880463 0.42299744486809 -2.3078234195709 -1.2632024288177 -0.76268076896667 0.0054056234657764 2.2364054530044e-05
0.59745872020721 0.42267081141472 -2.3688578605652 -1.2042376995087 -0.64083695411682 0.0078403539955616 5.8276477830077e-06
0.68262994289398 0.41245505213737 -2.42622423172 -1.140887260437 -0.51687860488892 0.012202937155962 2.6735864594229e-05
0.76843631267548 0.38989779353142 -2.4791910648346 -1.0731296539307 -0.39229369163513 0.020055014640093 2.8993537853239e-05
0.85342299938202 0.35162064433098 -2.5266711711884 -1.0016493797302 -0.26804518699646 0.034466464072466 0.00011284778156551
0.9361766576767 0.29399630427361 -2.5674555301666 -0.92866516113281 -0.14653849601746 0.059978205710649 -4.822822575079e-06
1.0152896642685 0.2128481566906 -2.6002640724182 -0.8538818359375 -0.028283596038818 0.099238589406013 9.7477983217686e-05
1.0899165868759 0.11155697703362 -2.626736164093 -0.76534223556519 0.083984136581421 0.1386081725359 5.0406819354976e-05
1.1590174436569 0.004700630903244 -2.6505801677704 -0.6367347240448 0.19207119941711 0.14116068184376 1.6111618606374e-05
1.1146577596664 -0.0074281990528107 -2.649094581604 -0.5853009223938 0.15735173225403 0.10035629570484 -0.0070293876342475
1.0496557950974 -0.011849194765091 -2.6382327079773 -0.57344102859497 0.093037843704224 0.081938937306404 -0.013023774139583
0.98644816875458 -0.021546870470047 -2.6242618560791 -0.57009887695312 0.030252695083618 0.074280455708504 -0.019352842122316
0.92537295818329 -0.033201485872269 -2.6087555885315 -0.56858611106873 -0.03061056137085 0.068928435444832 -0.025576641783118
0.86648070812225 -0.045624047517776 -2.5927886962891 -0.5643584728241 -0.089307069778442 0.0611722022295 -0.031998489052057
0.81004559993744 -0.058452636003494 -2.5770525932312 -0.5550229549408 -0.14583539962769 0.048888877034187 -0.038406152278185
0.75608384609222 -0.072150498628616 -2.5613429546356 -0.54155802726746 -0.19981169700623 0.033343985676765 -0.044985450804234
0.70464551448822 -0.087075024843216 -2.5449481010437 -0.52784276008606 -0.25146555900574 0.018140509724617 -0.051383376121521
0.65574967861176 -0.10337284207344 -2.5268285274506 -0.51817965507507 -0.30014562606812 0.0067150145769119 -0.057925257831812
0.60927045345306 -0.12043741345406 -2.5067937374115 -0.51447749137878 -0.34671211242676 7.7918171882629e-05 -0.064318649470806
0.56522691249847 -0.13790801167488 -2.4851155281067 -0.5158371925354 -0.39099264144897 -0.0027227848768234 -0.070691622793674
0.52348744869232 -0.15554359555244 -2.4621360301971 -0.52032327651978 -0.4326548576355 -0.0035090893507004 -0.076999098062515
0.48400914669037 -0.17323759198189 -2.4382860660553 -0.52656316757202 -0.47207069396973 -0.003383681178093 -0.083297774195671
0.45451104640961 -0.16195610165596 -2.4162659645081 -0.54949879646301 -0.5025691986084 -0.012328907847404 -0.090868800878525
0.45445144176483 -0.029387265443802 -2.3765230178833 -0.6963586807251 -0.50251197814941 -0.036593243479729 -0.090914279222488
0.45445096492767 0.078250855207443 -2.3132410049438 -0.86573338508606 -0.50229167938232 -0.038754031062126 -0.09119974821806
0.45446050167084 0.15963265299797 -2.2346839904785 -1.0281765460968 -0.50238585472107 -0.036222979426384 -0.091474987566471
0.45441472530365 0.21712300181389 -2.1439623832703 -1.17902135849 -0.50265455245972 -0.033896014094353 -0.091517798602581
0.45436799526215 0.25356242060661 -2.0428800582886 -1.3187494277954 -0.50289487838745 -0.032191559672356 -0.091442361474037
0.45437562465668 0.27240607142448 -1.9323315620422 -1.4487681388855 -0.50294494628906 -0.031092926859856 -0.091680206358433
