8.5385963188855e-08 -7.0474521862707e-07 0.91483926773071
3.8245701716733e-07 -9.0167452526657e-07 0.91483944654465
4.341038675193e-07 -1.6894371128728e-06 0.91483980417252
4.0425587144455e-07 -1.7189247500937e-06 0.91483992338181
2.7471514840727e-07 -1.3601072623715e-06 0.91484004259109
2.7313060968481e-07 -1.2518188441391e-06 0.91484022140503
3.2247680792352e-07 -1.122801108977e-06 0.91484022140503
3.0270487627604e-07 -1.0193504067502e-06 0.91484004259109
-1.289900097845e-07 -1.071029259947e-06 0.91483986377716
4.0584222915641e-07 -1.2939049156557e-06 0.91484010219574
2.276657795619e-07 -1.0058945463243e-06 0.91484051942825
3.7506595162995e-07 -9.1514056066444e-07 0.91484051942825
2.2639594021712e-07 -9.8776433787862e-07 0.91484063863754
6.3437681774303e-07 -9.1652418632293e-07 0.9148405790329
1.8465182449745e-07 -1.1066317711084e-06 0.9148405790329
-1.5563388799933e-08 -1.0501580618438e-06 0.9148405790329
1.3462927483943e-07 -1.3518623518394e-06 0.9148405790329
2.348108409933e-07 -1.1323006674502e-06 0.91484051942825
-4.8500697857889e-07 -1.1751964166251e-06 0.91484069824219
-2.3762748924128e-07 -1.2001256664007e-06 0.91484087705612
-1.5025536015401e-07 -1.2816442449548e-06 0.91484105587006
-3.75324077595e-07 -1.3264336757857e-06 0.91484087705612
-1.0239441650128e-07 -1.1325315654176e-06 0.91484081745148
-8.2173869486724e-07 -1.8403700323688e-06 0.91484087705612
-5.8677596825873e-07 -2.029711367868e-06 0.91484099626541
-4.6872727921254e-07 -2.0221782506269e-06 0.91484105587006
-4.2416323253747e-07 -1.6921794667724e-06 0.91484105587006
-3.8240824551394e-07 -1.9563976820791e-06 0.91484105587006
-0.00023742397024762 -3.1845978810452e-05 0.92143231630325
-0.00025367026682943 -0.00048833974869922 0.96963375806808
-0.00022587391140405 -0.00032535140053369 1.017090678215
-0.00011131160863442 -0.00034199902438559 1.0644750595093
-8.6221545643639e-05 -0.0003557052987162 1.1114420890808
-0.00018114229897037 -0.00052980799227953 1.1586376428604
2.4251992726931e-05 -0.00046343405847438 1.205974817276
