0.0077585261315107 0.063244253396988 1.2836980819702 0.0023036161437631 -0.00022541797079612 3.0681791305542 1.7513633792987e-05
0.017357409000397 0.06677633523941 1.2677773237228 0.0023024978581816 -0.00027228280669078 3.0250153541565 2.2222249754122e-05
0.026942424476147 0.070311233401299 1.2518471479416 0.0022737900726497 -0.00049517885781825 2.9807360172272 4.5639077143278e-05
0.03654033690691 0.073831379413605 1.2359111309052 0.0024058923590928 -0.00074795598629862 2.9373812675476 5.7896635553334e-05
0.046153746545315 0.077373221516609 1.2199838161469 0.00242700567469 -0.00089367269538343 2.8938264846802 1.9242243070039e-05
0.05574419349432 0.080898329615593 1.2040560245514 0.0027140565216541 -0.001005322788842 2.8501129150391 8.3483137132134e-06
0.065360069274902 0.084419384598732 1.1881327629089 0.0027757785283029 -0.0014132694341242 2.8065989017487 5.4292650020216e-05
0.074945017695427 0.087952986359596 1.1722178459167 0.0030276824254543 -0.0017503470880911 2.762416601181 -1.467706533731e-05
0.08454142510891 0.091493651270866 1.1562876701355 0.0034380545839667 -0.0020919807720929 2.7188215255737 9.9587296062964e-06
0.094133719801903 0.095018714666367 1.1403656005859 0.0038605239242315 -0.0025727525353432 2.6748464107513 2.8667751394096e-05
0.1037432551384 0.098560392856598 1.1244385242462 0.0043608536943793 -0.0031075673177838 2.630847454071 0.00011003672261722
0.11332158744335 0.10208079218864 1.1085047721863 0.0049427137710154 -0.0036768817808479 2.5865259170532 2.084392008328e-06
0.12292404472828 0.10562747716904 1.09257376194 0.0052811093628407 -0.0039550168439746 2.5430777072906 0.00012221970246173
0.13252188265324 0.10915388166904 1.0766475200653 0.0050772158429027 -0.0037795167881995 2.4986894130707 4.8374957259512e-05
0.14213605225086 0.11268708109856 1.0607198476791 0.0034877716097981 -0.0025565074756742 2.4555299282074 6.1424914747477e-05
0.15173961222172 0.11620390415192 1.044802069664 -0.00020517988014035 0.00051602022722363 2.4121246337891 0.00012365999282338
0.16134329140186 0.11972568929195 1.0288635492325 -0.0058871684595942 0.0055433525703847 2.3693988323212 1.503774910816e-05
0.17092321813107 0.12326446175575 1.0129401683807 -0.011494940146804 0.010824103839695 2.3261561393738 -4.1992738260888e-05
0.18052633106709 0.12679828703403 0.99701648950577 -0.013743054121733 0.012844940647483 2.2821402549744 -7.2124457801692e-06
0.19014322757721 0.13031703233719 0.98108464479446 -0.011051127687097 0.010722951032221 2.2381746768951 -5.1238395826658e-05
0.19974365830421 0.13384740054607 0.9651665687561 -0.0067007318139076 0.0064093880355358 2.1935911178589 4.3573700168054e-06
0.20827324688435 0.13686576485634 0.95025449991226 -0.0030644445214421 0.0032452652230859 2.1529860496521 5.4381875088438e-05
0.19905042648315 0.13076211512089 0.94997847080231 -0.00086562643991783 0.0011466039577499 2.1511354446411 0.00010509484127397
0.1894384175539 0.12446738779545 0.9499773979187 -0.00023559491091873 0.00067878095433116 2.1505787372589 2.1250738427625e-05
0.17984227836132 0.11815136671066 0.94998371601105 -0.00015278854698408 0.00035241318983026 2.1507453918457 5.7836954511004e-05
0.1702476143837 0.11183980107307 0.94998556375504 3.4117583709303e-05 0.00024030132044572 2.1507754325867 5.0197126256535e-05
0.16063441336155 0.10554990172386 0.94998371601105 0.00016685007722117 2.3655557015445e-05 2.1506991386414 1.1433225154178e-05
0.15106551349163 0.099223390221596 0.94998550415039 0.00021807900338899 -0.00013053868315183 2.1510424613953 -1.8650338461157e-05
0.14145956933498 0.092929422855377 0.94997137784958 0.00043271749746054 -0.00022819430159871 2.1507892608643 6.5084961534012e-05
0.13184128701687 0.086615726351738 0.94996976852417 0.00052532751578838 -0.00035784530336969 2.1507794857025 2.0458664096168e-07
0.1222739815712 0.080298483371735 0.9499751329422 0.00045636994764209 -0.00036177667789161 2.1513998508453 -1.1499370884849e-05
0.11264898627996 0.074010580778122 0.94997245073318 0.00044733678805642 -0.00046554123400711 2.1506547927856 8.7347150838468e-05
0.10304822772741 0.067734360694885 0.94998389482498 0.00021391654445324 -0.00042766632395796 2.1500804424286 7.6195533438295e-06
0.093470148742199 0.061397105455399 0.94996982812881 0.00023289553064387 -0.00015564095519949 2.1504452228546 2.7742204110837e-05
0.083846352994442 0.055101305246353 0.94997638463974 -0.00017707832739688 0.00030378653900698 2.1505334377289 3.6521807487588e-05
0.074277654290199 0.048804804682732 0.94998985528946 -0.00040253464248963 0.00098284322302788 2.150134563446 8.5797168139834e-05
0.064683079719543 0.042488887906075 0.9499706029892 -0.00091011950280517 0.0015886067412794 2.1513714790344 3.7216694181552e-05
0.055057726800442 0.036189630627632 0.94997727870941 -0.0013566032284871 0.0024690334685147 2.1508555412292 2.1521102098632e-05
0.045465707778931 0.02987664192915 0.94997841119766 -0.0015508447540924 0.0033609895035625 2.1513149738312 2.9675056794076e-05
0.035819202661514 0.023586079478264 0.9499426484108 -0.0020479944068938 0.0029546124860644 2.1509876251221 -4.8783156671561e-05
0.026283599436283 0.017272673547268 0.94997572898865 -0.0019947516266257 0.0036978435236961 2.1510763168335 0.00016515955212526
0.016680710017681 0.010951228439808 0.94995546340942 -0.0019406051142141 0.0035142593551427 2.151401758194 7.5451804150362e-05
0.0070350244641304 0.0046249479055405 0.94992387294769 -0.0016977626364678 0.0030951311346143 2.1514701843262 4.5105352910468e-05
-0.0025254338979721 -0.0016432777047157 0.94999074935913 -0.0014974230434746 0.0032716137357056 2.1514194011688 2.2669601094094e-05
-0.012130632996559 -0.0079533159732819 0.9499603509903 -0.0011706075165421 0.0026788152754307 2.1516928672791 2.0433364625205e-05
-0.021734043955803 -0.014266159385443 0.94994807243347 -0.0011821838561445 0.0024032620713115 2.1513900756836 -1.5740259186714e-05
-0.031331203877926 -0.020565688610077 0.94994115829468 -0.00084704760229215 0.0023700124584138 2.1513528823853 3.1219391530612e-05
-0.040911197662354 -0.026879832148552 0.94993329048157 -0.00083711830666289 0.0019953411538154 2.1514179706573 2.325816967641e-05
-0.05052611976862 -0.033181499689817 0.94975793361664 -0.00091344176325947 -0.0016981934895739 2.1511960029602 0.00013724464224651
-0.060159213840961 -0.039478093385696 0.94993382692337 -0.00087585154687986 0.0019902170170099 2.1512360572815 6.8748122430407e-05
-0.069731205701828 -0.045763798058033 0.94993269443512 -0.00080218660878018 0.0019199338275939 2.1516222953796 1.2724416592391e-05
-0.079307146370411 -0.052087903022766 0.94994419813156 -0.00046903159818612 0.0019896787125617 2.1516444683075 3.7279978641891e-06
-0.088921703398228 -0.058408755809069 0.94991946220398 -0.00067500618752092 0.0016615684144199 2.1518654823303 3.1491828849539e-05
-0.09850986301899 -0.064720675349236 0.94993114471436 -0.00063331675482914 0.001749609480612 2.1518611907959 4.1807346860878e-05
-0.10812792927027 -0.071021467447281 0.94989728927612 -0.00065818772418424 0.0015513172838837 2.1516661643982 8.9770328486338e-05
-0.11771348118782 -0.077320232987404 0.94993901252747 -0.00079475028906018 0.0018386407755315 2.151463508606 4.4912958401255e-05
-0.12731292843819 -0.083634242415428 0.94995766878128 -0.00069443590473384 0.0017028672154993 2.1514501571655 9.1416823124746e-06
-0.13688552379608 -0.089936584234238 0.94991475343704 -0.0006250340375118 0.0014745289226994 2.1520934104919 5.9998772485415e-05
-0.14651373028755 -0.096244096755981 0.94992303848267 -0.00063939049141482 0.001606279052794 2.1518244743347 9.1357425844762e-05
-0.15610112249851 -0.10254661738873 0.9499174952507 -0.00065286381868646 0.0015571244293824 2.1517424583435 1.2983741726202e-05
-0.1656938046217 -0.10885655879974 0.94988763332367 -0.00054128532065079 0.001603627577424 2.1518676280975 5.2572368076653e-06
-0.17529721558094 -0.11515383422375 0.949871301651 -0.00064689532155171 0.0017111195484176 2.1516432762146 9.5608200354036e-05
-0.18487291038036 -0.12144292891026 0.94987547397614 -0.00052228418644518 0.0017759911715984 2.1523928642273 -2.7492298613652e-05
-0.19451260566711 -0.12776343524456 0.94987761974335 -0.00055975001305342 0.0016993334284052 2.1516909599304 2.4725266030146e-06
-0.20410706102848 -0.1340736746788 0.9499044418335 -0.00070960709126666 0.0016413910780102 2.1516609191895 8.9503890194464e-05
