0.095213741064072 0.27142140269279 -1.8292798995972 -1.5860071182251 -1.4021642208099 0.00054617575369775 1.7513633792987e-05
0.15095409750938 0.28906580805779 -1.8822417259216 -1.5507199764252 -1.3028154373169 0.0007969920989126 2.2222249754122e-05
0.20786651968956 0.3032064139843 -1.9325459003448 -1.5147051811218 -1.2024557590485 0.0011207645293325 4.5639077143278e-05
0.26570639014244 0.3134751021862 -1.9801704883575 -1.4775340557098 -1.1009624004364 0.0014540737029165 5.7896635553334e-05
0.32393345236778 0.31966349482536 -2.0250935554504 -1.4391474723816 -0.99899363517761 0.001924711978063 1.9242243070039e-05
0.38179096579552 0.32134911417961 -2.0672180652618 -1.3993237018585 -0.8975784778595 0.0025789325591177 8.3483137132134e-06
0.43899902701378 0.3182472884655 -2.1065287590027 -1.357607126236 -0.79646730422974 0.0034524982329458 5.4292650020216e-05
0.49481043219566 0.31007859110832 -2.1428205966949 -1.3142833709717 -0.69667172431946 0.00473328307271 -1.467706533731e-05
0.54861772060394 0.29659649729729 -2.1760487556458 -1.2691853046417 -0.59910726547241 0.0063941068947315 9.9587296062964e-06
0.60010898113251 0.27758213877678 -2.2059862613678 -1.2226753234863 -0.50382161140442 0.0089232511818409 2.8667751394096e-05
0.64905202388763 0.25285193324089 -2.2323882579803 -1.1753435134888 -0.41095876693726 0.012796122580767 0.00011003672261722
0.69500005245209 0.22226092219353 -2.2549974918365 -1.1279189586639 -0.3209536075592 0.018651206046343 2.084392008328e-06
0.73793637752533 0.18584820628166 -2.2735559940338 -1.0818960666656 -0.23432493209839 0.027666766196489 0.00012221970246173
0.77780044078827 0.14325520396233 -2.2875654697418 -1.0387861728668 -0.15036582946777 0.041110713034868 4.8374957259512e-05
0.81454885005951 0.094936817884445 -2.2971522808075 -0.99953389167786 -0.069979667663574 0.059860903769732 6.1424914747477e-05
0.84830796718597 0.041407078504562 -2.3024907112122 -0.96283578872681 0.0073840618133545 0.082126811146736 0.00012365999282338
0.87926089763641 -0.014822512865067 -2.3051400184631 -0.92244338989258 0.081433057785034 0.10065098106861 1.503774910816e-05
0.90748345851898 -0.070055276155472 -2.3068370819092 -0.86842465400696 0.15325570106506 0.10360260307789 -4.1992738260888e-05
0.93317925930023 -0.12137940526009 -2.3087151050568 -0.79635524749756 0.22287201881409 0.084913924336433 -7.2124457801692e-06
0.95654571056366 -0.17022541165352 -2.3092737197876 -0.71569347381592 0.29027915000916 0.053583815693855 -5.1238395826658e-05
0.97769868373871 -0.22043159604073 -2.3057563304901 -0.64180970191956 0.35533404350281 0.026424124836922 4.3573700168054e-06
0.99434268474579 -0.26996901631355 -2.2980034351349 -0.58466339111328 0.41226029396057 0.010900691151619 5.4381875088438e-05
0.9626430273056 -0.26766183972359 -2.3010928630829 -0.57680439949036 0.38247132301331 0.0037810355424881 0.00010509484127397
0.92952287197113 -0.26641491055489 -2.3025612831116 -0.57486438751221 0.34973073005676 0.0020439177751541 2.1250738427625e-05
0.89601695537567 -0.26605728268623 -2.3029022216797 -0.57397031784058 0.3161313533783 0.0011765509843826 5.7836954511004e-05
0.86216533184052 -0.2664523422718 -2.3021490573883 -0.57369613647461 0.28211188316345 0.00055046379566193 5.0197126256535e-05
0.82803761959076 -0.26759412884712 -2.30029296875 -0.57366347312927 0.24823451042175 -0.00013546645641327 1.1433225154178e-05
0.79370391368866 -0.26941183209419 -2.2974123954773 -0.57398533821106 0.21386933326721 -0.00086955726146698 -1.8650338461157e-05
0.75928056240082 -0.27188661694527 -2.2935712337494 -0.574378490448 0.17939734458923 -0.0018382519483566 6.5084961534012e-05
0.7247828245163 -0.2750041782856 -2.2887027263641 -0.57482981681824 0.14506459236145 -0.003155991435051 2.0458664096168e-07
0.69039905071259 -0.27864292263985 -2.2830586433411 -0.57521176338196 0.11039090156555 -0.0047743767499924 -1.1499370884849e-05
0.6560982465744 -0.28298524022102 -2.2763576507568 -0.57546758651733 0.076357126235962 -0.0068905800580978 8.7347150838468e-05
0.62204873561859 -0.28782108426094 -2.2688939571381 -0.57551550865173 0.042289972305298 -0.0093288868665695 7.6195533438295e-06
0.58824384212494 -0.29333570599556 -2.2604722976685 -0.57549095153809 0.0086996555328369 -0.012329146265984 2.7742204110837e-05
0.5547970533371 -0.2993338406086 -2.2513515949249 -0.57540011405945 -0.025023221969604 -0.015492960810661 3.6521807487588e-05
0.52177703380585 -0.3060157597065 -2.2412285804749 -0.57545113563538 -0.057891130447388 -0.018850848078728 8.5797168139834e-05
0.48915231227875 -0.31325915455818 -2.2303397655487 -0.57631945610046 -0.091220617294312 -0.021715685725212 3.7216694181552e-05
0.45707213878632 -0.3212414085865 -2.2181181907654 -0.57878279685974 -0.12330555915833 -0.023503348231316 2.1521102098632e-05
0.42553985118866 -0.32982566952705 -2.2047355175018 -0.58322095870972 -0.15510749816895 -0.023907229304314 2.9675056794076e-05
0.39465892314911 -0.33912113308907 -2.1899824142456 -0.58986902236938 -0.18580746650696 -0.022671028971672 -4.8783156671561e-05
0.36443316936493 -0.34884455800056 -2.1741323471069 -0.59809064865112 -0.2158145904541 -0.020417973399162 0.00016515955212526
0.33477580547333 -0.35900548100471 -2.1574158668518 -0.60755515098572 -0.24581956863403 -0.01749949157238 7.5451804150362e-05
0.30584704875946 -0.36951592564583 -2.139820098877 -0.61773824691772 -0.27482461929321 -0.014446541666985 4.5105352910468e-05
0.27760541439056 -0.38027003407478 -2.1215169429779 -0.62807154655457 -0.30308222770691 -0.011657759547234 2.2669601094094e-05
0.25006902217865 -0.39139297604561 -2.1026263237 -0.63798999786377 -0.33062386512756 -0.0095067471265793 2.0433364625205e-05
0.22327601909637 -0.4028528034687 -2.0831367969513 -0.64763426780701 -0.35727477073669 -0.0078480690717697 -1.5740259186714e-05
0.19717919826508 -0.41453412175179 -2.0631985664368 -0.65683078765869 -0.38341021537781 -0.0070677250623703 3.1219391530612e-05
0.17178046703339 -0.42652514576912 -2.0425372123718 -0.66648268699646 -0.40893578529358 -0.0059047192335129 2.325816967641e-05
0.14709556102753 -0.43873885273933 -2.0212550163269 -0.67614793777466 -0.43339347839355 -0.0053601711988449 0.00013724464224651
0.12304770946503 -0.45132926106453 -1.9995157718658 -0.68552780151367 -0.45741128921509 -0.0050735920667648 6.8748122430407e-05
0.099796652793884 -0.46420577168465 -1.9769988059998 -0.69573664665222 -0.48079514503479 -0.0045350044965744 1.2724416592391e-05
0.077208876609802 -0.4772632420063 -1.9539122581482 -0.70610284805298 -0.50349020957947 -0.0042243450880051 3.7279978641891e-06
0.055199503898621 -0.49071648716927 -1.930187702179 -0.71674847602844 -0.52562475204468 -0.0036929100751877 3.1491828849539e-05
0.033932566642761 -0.50433683395386 -1.9058656692505 -0.72751379013062 -0.54689407348633 -0.0037329643964767 4.1807346860878e-05
0.0132817029953 -0.51837420463562 -1.8808655738831 -0.73872780799866 -0.56739521026611 -0.0035019367933273 8.9770328486338e-05
-0.0067659616470337 -0.53253769874573 -1.8552851676941 -0.75032997131348 -0.58766889572144 -0.0031588524580002 4.4912958401255e-05
-0.02619469165802 -0.54698491096497 -1.8290975093842 -0.76229166984558 -0.60716915130615 -0.0029798001050949 9.1416823124746e-06
-0.045016646385193 -0.56173086166382 -1.8023252487183 -0.77433824539185 -0.62590980529785 -0.0029499977827072 5.9998772485415e-05
-0.063287377357483 -0.57678818702698 -1.774849653244 -0.78676676750183 -0.64421606063843 -0.0029371231794357 9.1357425844762e-05
-0.080981850624084 -0.59207439422607 -1.7467789649963 -0.79970455169678 -0.66194486618042 -0.0027759522199631 1.2983741726202e-05
-0.098164439201355 -0.60767269134521 -1.7180597782135 -0.81292867660522 -0.67916131019592 -0.0026576966047287 5.2572368076653e-06
-0.11476457118988 -0.62362313270569 -1.6885962486267 -0.8263943195343 -0.69559526443481 -0.0027165859937668 9.5608200354036e-05
-0.13092839717865 -0.63971829414368 -1.6585283279419 -0.84042501449585 -0.71186494827271 -0.0026493519544601 -2.7492298613652e-05
-0.14658915996552 -0.65623664855957 -1.6275949478149 -0.85492753982544 -0.72743391990662 -0.0025525540113449 2.4725266030146e-06
-0.1617785692215 -0.67301726341248 -1.5961198806763 -0.86955666542053 -0.74269866943359 -0.0025332421064377 8.9503890194464e-05
