-2.2782117525821e-07 -4.4742947125087e-07 0.91483914852142
-8.8782002194421e-08 1.8083694897086e-07 0.91483914852142
-4.2857470816671e-07 2.5283648596996e-07 0.91483926773071
2.0585517290783e-07 2.185966820889e-07 0.91483962535858
1.4501705436487e-07 3.7450266887618e-08 0.91483956575394
5.9654541928467e-07 2.2771104113417e-07 0.91483974456787
1.0688809197745e-06 5.760643944086e-07 0.91484016180038
1.2481182238844e-06 7.6096739576315e-07 0.91484028100967
1.297340986639e-06 4.9298427029498e-07 0.91484063863754
1.7350994312437e-06 3.8393790191549e-07 0.91484063863754
1.7165366443805e-06 6.4263680599197e-08 0.91484069824219
1.5303927511923e-06 1.7413489672435e-07 0.91484081745148
1.2881924931207e-06 7.0646166250299e-07 0.91484087705612
9.8110729140899e-07 4.2916644815705e-07 0.91484081745148
3.7630613292094e-07 5.2064478950342e-07 0.91484081745148
6.7600882402985e-07 5.6432020301145e-07 0.91484087705612
1.1404822544137e-06 2.7819791625916e-07 0.91484093666077
1.0585403060759e-06 5.0317174782322e-07 0.91484087705612
8.9027111016549e-07 3.5621130223262e-07 0.91484075784683
1.035827835949e-06 5.4816212013975e-07 0.91484087705612
1.177396256935e-06 6.7506971390685e-07 0.91484093666077
7.1361250775226e-07 1.2411720717864e-06 0.91484081745148
9.400724252373e-07 1.3878387790101e-06 0.91484075784683
8.1543311125643e-07 1.3800959095533e-06 0.91484093666077
7.2676465379118e-07 9.2670040885423e-07 0.91484099626541
6.8587559098887e-07 1.1527173455761e-06 0.91484093666077
1.1250348279646e-06 6.1130134554332e-07 0.91484099626541
1.0753136621133e-06 6.7064087261315e-07 0.91484123468399
1.4407031585506e-06 7.8180056561905e-07 0.91484171152115
1.5898798437775e-06 8.1091985748571e-07 0.91484177112579
1.2993687050766e-06 6.0070357221775e-07 0.91484194993973
7.6425794759416e-07 5.6630398148627e-07 0.91484218835831
2.9549465807577e-07 4.53772486253e-07 0.91484236717224
5.738130539612e-07 4.5025569761492e-07 0.91484254598618
8.4613253648058e-07 2.0318483962001e-07 0.91484272480011
-0.00050035608001053 -0.00012662161316257 0.91484797000885
-0.011758268810809 -0.0036703317891806 0.9150418639183
-0.023262176662683 -0.0071823359467089 0.91522377729416
-0.034699257463217 -0.010780546814203 0.91538119316101
-0.045033022761345 -0.015952967107296 0.91537255048752
-0.054694995284081 -0.022216701880097 0.91549026966095
-0.064285844564438 -0.028525089845061 0.91551601886749
-0.073859125375748 -0.03489039093256 0.91547149419785
-0.08361329883337 -0.041069336235523 0.91553866863251
-0.093072980642319 -0.047422125935555 0.91559821367264
-0.10264556854963 -0.053772248327732 0.91556942462921
-0.11212508380413 -0.060113850980997 0.91560047864914
-0.12185671180487 -0.066342800855637 0.91564393043518
-0.13152028620243 -0.072628736495972 0.91558980941772
-0.14113335311413 -0.078899599611759 0.91565328836441
-0.15059182047844 -0.08527847379446 0.9156396985054
-0.16021002829075 -0.09160977602005 0.91561782360077
-0.16975106298923 -0.097986951470375 0.91562503576279
-0.17935225367546 -0.10428998619318 0.91560089588165
-0.18898983299732 -0.11054733395576 0.91564935445786
-0.19847232103348 -0.11689496040344 0.91544675827026
-0.20810459554195 -0.12315295636654 0.91546553373337
-0.21775564551353 -0.1294622272253 0.91554313898087
-0.22739282250404 -0.13572752475739 0.91547858715057
-0.23685006797314 -0.14217248558998 0.9154594540596
-0.24644407629967 -0.14852367341518 0.91541451215744
-0.25614267587662 -0.15472707152367 0.91534954309464
-0.26565650105476 -0.16112087666988 0.91535353660583
-0.27528345584869 -0.16736620664597 0.91537964344025
-0.28483965992928 -0.173753246665 0.91538107395172
