-0.02619956061244 0.058552533388138 1.2870631217957 0.0019371310481802 0.00028384930919856 -3.0596182346344 8.2101119915023e-05
-0.034995306283236 0.059538438916206 1.2729929685593 0.0019014718709514 0.00042409455636516 -3.0124616622925 -3.3414246445318e-06
-0.043702825903893 0.060566902160645 1.2589340209961 0.0018356703221798 0.00042708934051916 -2.9633274078369 0.0001082150338334
-0.052460715174675 0.06156350672245 1.2448366880417 0.0017584959277883 0.00067246990511194 -2.9150040149689 1.7163351003546e-05
-0.061239555478096 0.062554687261581 1.2307534217834 0.0018606730736792 0.00069332140265033 -2.8671832084656 1.1259649909334e-05
-0.069979287683964 0.063562870025635 1.21666264534 0.0019016760634258 0.0009490973316133 -2.818608045578 3.6365549021866e-05
-0.07875169813633 0.064553707838058 1.2026046514511 0.0019871105905622 0.00096726143965498 -2.7710561752319 6.402273720596e-05
-0.087495133280754 0.065570458769798 1.1885268688202 0.0019579322542995 0.0011728924000636 -2.7226457595825 6.4709172875155e-05
-0.096260488033295 0.066573075950146 1.1744312047958 0.0021042700391263 0.0013425680808723 -2.6741602420807 -1.6536827388336e-05
-0.10498896241188 0.067586041986942 1.1603757143021 0.0020264252088964 0.0015314811607823 -2.6255612373352 8.2013984865625e-06
-0.11379124224186 0.068572200834751 1.1463055610657 0.0021701219957322 0.0015854839002714 -2.5783894062042 -8.1864909589058e-06
-0.12252466380596 0.069589927792549 1.1322176456451 0.0022315876558423 0.0018915147520602 -2.5294818878174 2.2064643417252e-05
-0.13129150867462 0.070583447813988 1.1181508302689 0.0021380574908108 0.0020064353011549 -2.481463432312 1.8071405065712e-05
-0.14003540575504 0.071584053337574 1.104065656662 0.0022625096607953 0.0020569828338921 -2.433336019516 3.3784283004934e-05
-0.14879061281681 0.072579205036163 1.0899748802185 0.0020609030034393 0.002267204457894 -2.3852758407593 -1.4988106158853e-05
-0.15755233168602 0.073602147400379 1.0759303569794 0.0018789808964357 0.0019236464286223 -2.3368723392487 2.1747564460384e-05
-0.16631524264812 0.074611932039261 1.0618520975113 0.0013208562741056 0.0016736135585234 -2.2892789840698 1.7185073375003e-05
-0.17505997419357 0.075618475675583 1.0477665662766 0.00052917614812031 0.00081675412366167 -2.2406568527222 3.1925446819514e-05
-0.18381504714489 0.076611220836639 1.0336651802063 -0.00035957165528089 -0.00069489149609581 -2.1928579807281 2.3273651095224e-05
-0.19256716966629 0.077611312270164 1.019584774971 -0.001536657800898 -0.0022229040041566 -2.1449549198151 -8.6251739048748e-06
-0.20131242275238 0.078593403100967 1.0055346488953 -0.0023889895528555 -0.0034309378825128 -2.0971925258636 2.5370687581017e-05
-0.21007615327835 0.079609617590904 0.99142348766327 -0.0023982205893844 -0.0036639145109802 -2.0481581687927 -6.8063018261455e-06
-0.21883541345596 0.080620788037777 0.97732371091843 -0.0015486483462155 -0.0027951935771853 -2.000440120697 -6.1337268562056e-06
-0.22758901119232 0.081624232232571 0.9632830619812 -0.00075659930007532 -0.001153887831606 -1.9524581432343 3.9937978726812e-05
-0.23531039059162 0.082369849085808 0.95011734962463 0.00018358662782703 -0.00024519753060304 -1.9088605642319 8.825387340039e-05
-0.22605288028717 0.079093337059021 0.94988894462585 -0.00044072064338252 -0.0016010076506063 -1.9068765640259 -5.9307973288014e-07
-0.21646481752396 0.075772374868393 0.94986981153488 -0.00061835470842198 -0.00196389015764 -1.9063293933868 4.2602819121385e-06
-0.20687201619148 0.072403930127621 0.94989198446274 -0.00063819874776527 -0.0021382428240031 -1.9064611196518 4.9180132918991e-05
-0.19725987315178 0.069014400243759 0.94989579916 -0.00076723360689357 -0.0021703853271902 -1.9071120023727 1.575070018589e-05
-0.18765813112259 0.065680965781212 0.94992136955261 -0.00079801515676081 -0.0022832481190562 -1.9063202142715 -5.0448416004656e-06
-0.17807078361511 0.062340196222067 0.94990825653076 -0.00072891556192189 -0.0022678235545754 -1.9062801599503 2.6303963750252e-05
-0.16845437884331 0.058964669704437 0.94991940259933 -0.00084538769442588 -0.0022407495416701 -1.9070135354996 2.4887096969906e-06
-0.15886425971985 0.055606067180634 0.94992196559906 -0.00069901527604088 -0.0024097338318825 -1.9066226482391 1.9728651750484e-05
-0.14926436543465 0.052235707640648 0.94993698596954 -0.00068452325649559 -0.0022688028402627 -1.9071183204651 1.271280234505e-05
-0.13966250419617 0.048875667154789 0.94989800453186 -0.00085774174658582 -0.0022653480991721 -1.9072912931442 5.3392400332086e-06
-0.13007014989853 0.045513164252043 0.94988095760345 -0.00062551209703088 -0.0022538430057466 -1.9072190523148 8.8147964561358e-05
-0.12046986818314 0.04216830804944 0.94989538192749 -0.00058509351219982 -0.0022709309123456 -1.9067198038101 9.8630880529527e-05
-0.11086877435446 0.038812480866909 0.94993853569031 -0.00066460488596931 -0.0021846438758075 -1.9067145586014 1.2633104233828e-05
-0.10127678513527 0.035439033061266 0.94992852210999 -0.00060863158432767 -0.0020872678142041 -1.9071435928345 8.8184846390504e-05
-0.091676451265812 0.032081380486488 0.94990485906601 -0.00047487582196482 -0.0019163247197866 -1.9072118997574 1.090199657483e-05
-0.082116439938545 0.028728753328323 0.94995081424713 -0.00053817988373339 -0.0017589430790395 -1.9071975946426 -7.2366910899291e-06
-0.072504311800003 0.025383438915014 0.94996076822281 -0.00027319500804879 -0.0015205211238936 -1.9064918756485 8.8187531218864e-05
-0.062897071242332 0.022028304636478 0.94994562864304 2.6335781512898e-05 -0.001154464436695 -1.9063066244125 3.6564728361554e-05
-0.053279988467693 0.018636474385858 0.94994229078293 0.00015731732128188 -0.00063868687720969 -1.9062291383743 -4.0142358557205e-06
-0.043707668781281 0.015275987796485 0.9499459862709 0.00024620941258036 -1.2754149793182e-05 -1.906600356102 4.2451083572814e-05
-0.034102596342564 0.011957339942455 0.9499539732933 0.00065116619225591 0.00073349080048501 -1.9057871103287 6.6764558141585e-05
-0.024494908750057 0.0086024319753051 0.94994282722473 0.00075560197001323 0.0016641713446006 -1.9059362411499 1.191131741507e-05
-0.014898359775543 0.0052445288747549 0.94994693994522 0.0011083628050983 0.0024349587038159 -1.9066356420517 5.8628931583371e-05
-0.0053006634116173 0.0018642321228981 0.94992792606354 0.0013383476762101 0.0032158768735826 -1.9070684909821 6.0137052059872e-05
0.0042935460805893 -0.0014997245743871 0.94994801282883 0.0012431363575161 0.0038337667938322 -1.9063329696655 2.3268885342986e-06
0.013903334736824 -0.0048780497163534 0.94993382692337 0.001355942687951 0.0042636441066861 -1.9066591262817 -1.7142439901363e-05
0.023491844534874 -0.0082114329561591 0.94995898008347 0.001484370441176 0.0043126023374498 -1.9066125154495 9.7426571301185e-05
0.0330990254879 -0.011564006097615 0.94993859529495 0.0014529767213389 0.0040154433809221 -1.9068411588669 5.2956675062887e-05
0.042708545923233 -0.014932410791516 0.9499386548996 0.0011116829700768 0.0035684111062437 -1.9070112705231 1.8794992229232e-06
0.052299715578556 -0.018303040415049 0.94995075464249 0.00097323389491066 0.0029224308673292 -1.9069930315018 0.00011747419193853
0.061908729374409 -0.021660875529051 0.94991475343704 0.00080544536467642 0.0021450554486364 -1.9068752527237 -1.8439601262799e-05
0.071491993963718 -0.024994663894176 0.94993716478348 0.00048533841618337 0.0016247080639005 -1.9061273336411 8.0218005678034e-06
0.081092767417431 -0.028345126658678 0.94995540380478 0.00046500971075147 0.0012029469944537 -1.906445980072 4.5681408664677e-05
0.090686641633511 -0.031669929623604 0.94994670152664 0.00028410766390152 0.0007059185882099 -1.9053084850311 6.9883740252408e-06
0.10030099749565 -0.035070516169071 0.94994014501572 0.00030830479227006 0.00025450499379076 -1.9057356119156 1.3117730304657e-05
0.10989952087402 -0.038420349359512 0.94992983341217 0.00013238217798062 -9.0764326159842e-05 -1.9063636064529 2.6500736566959e-05
0.11949978023767 -0.041789386421442 0.94993227720261 6.4415704400744e-05 -0.00038750091334805 -1.9060997962952 4.9371970817447e-05
0.12909173965454 -0.045149609446526 0.94991618394852 -4.7575878852513e-05 -0.00049557839520276 -1.9061031341553 7.8994446084835e-05
0.13869765400887 -0.04850298166275 0.94992434978485 7.7008320658933e-05 -0.00076045357855037 -1.9065510034561 7.5299438321963e-05
0.14829471707344 -0.051890190690756 0.94992685317993 -6.9495516072493e-05 -0.00080017815344036 -1.906504034996 1.134203375841e-05
0.1578876376152 -0.055197566747665 0.94988864660263 4.0366041503148e-05 -0.0009911737870425 -1.9058337211609 4.7403103963006e-05
0.16750277578831 -0.058583162724972 0.94993275403976 -6.0203696193639e-05 -0.0011155507527292 -1.906723856926 8.8267479441129e-05
0.17709366977215 -0.061941962689161 0.94988834857941 -0.00019595996127464 -0.0012005987809971 -1.9064890146255 -1.816750409489e-05
0.18669381737709 -0.065291732549667 0.94994211196899 -0.00044346277718432 -0.001312194741331 -1.9059127569199 1.1655812159006e-05
0.19628337025642 -0.0686060115695 0.94988167285919 -0.00027488364139572 -0.0014352730941027 -1.9048929214478 1.3978103197587e-05
0.20587810873985 -0.072016447782516 0.94992065429688 -0.00022657064255327 -0.0013876857701689 -1.9065872430801 1.6479301621075e-06
0.2154852449894 -0.075386382639408 0.94990986585617 -0.00022466717928182 -0.0013493488077074 -1.9067938327789 4.7645353333792e-05
0.22508224844933 -0.078693941235542 0.94986873865128 -2.1587440642179e-05 -0.0015064250910655 -1.9061444997787 3.1173152819974e-05
0.23468586802483 -0.082077533006668 0.94990885257721 -0.00028798409039155 -0.0015639764023945 -1.9063111543655 7.4866863997158e-07
