-0.08869281411171 0.21125647425652 -1.7762906551361 -1.5783240795135 -1.7412025928497 -0.00041751214303076 8.2101119915023e-05
-0.13665834069252 0.19491717219353 -1.7994003295898 -1.5389542579651 -1.8372135162354 -0.00057105370797217 -3.3414246445318e-06
-0.18314996361732 0.17528197169304 -1.8196005821228 -1.4991495609283 -1.932276725769 -0.00072244950570166 0.0001082150338334
-0.22774234414101 0.15239283442497 -1.8368718624115 -1.4591240882874 -2.0249927043915 -0.00097016640938818 1.7163351003546e-05
-0.27024284005165 0.12660166621208 -1.8512058258057 -1.4192159175873 -2.1153769493103 -0.0013220722321421 1.1259649909334e-05
-0.31073799729347 0.097954720258713 -1.8625755310059 -1.3794069290161 -2.2043309211731 -0.0016472751740366 3.6365549021866e-05
-0.3489536345005 0.066866844892502 -1.870977640152 -1.3402771949768 -2.2905623912811 -0.0020471031311899 6.402273720596e-05
-0.38499107956886 0.033490628004074 -1.8764808177948 -1.301750421524 -2.3748641014099 -0.0025344307068735 6.4709172875155e-05
-0.41877380013466 -0.0020094215869904 -1.8790988922119 -1.2642045021057 -2.456901550293 -0.0031826908234507 -1.6536827388336e-05
-0.45036450028419 -0.039189606904984 -1.878876209259 -1.2277960777283 -2.5369167327881 -0.0037627629935741 8.2013984865625e-06
-0.47977438569069 -0.077814131975174 -1.8759725093842 -1.1929769515991 -2.6140518188477 -0.0047529153525829 -8.1864909589058e-06
-0.50721752643585 -0.11796048283577 -1.8701803684235 -1.159738779068 -2.6900250911713 -0.0058169774711132 2.2064643417252e-05
-0.5326384305954 -0.15909007191658 -1.8617870807648 -1.12850522995 -2.7633676528931 -0.007450383156538 1.8071405065712e-05
-0.55616271495819 -0.20107272267342 -1.850821018219 -1.0994954109192 -2.8349277973175 -0.0095212869346142 3.3784283004934e-05
-0.57799065113068 -0.24395921826363 -1.8371517658234 -1.0728852748871 -2.9051246643066 -0.012196104973555 -1.4988106158853e-05
-0.59810650348663 -0.2873161137104 -1.8210325241089 -1.0490412712097 -2.9734151363373 -0.015609066933393 2.1747564460384e-05
-0.61666405200958 -0.33118203282356 -1.8025209903717 -1.0279459953308 -3.0400199890137 -0.020012896507978 1.7185073375003e-05
-0.63374650478363 -0.37539795041084 -1.7818055152893 -1.0092232227325 -3.1050472259521 -0.024799626320601 3.1925446819514e-05
-0.64946687221527 -0.41975715756416 -1.759162902832 -0.9918167591095 -3.1688768863678 -0.029054444283247 2.3273651095224e-05
-0.66390550136566 -0.46351340413094 -1.735310792923 -0.97368717193604 -3.2314441204071 -0.030878346413374 -8.6251739048748e-06
-0.67713582515717 -0.50626587867737 -1.7108619213104 -0.95292711257935 -3.2924888134003 -0.028383057564497 2.5370687581017e-05
-0.68926131725311 -0.54805946350098 -1.6857433319092 -0.92919230461121 -3.3529727458954 -0.021343987435102 -6.8063018261455e-06
-0.70037686824799 -0.58894228935242 -1.6597728729248 -0.90521836280823 -3.4120056629181 -0.012179654091597 -6.1337268562056e-06
-0.71051967144012 -0.62967205047607 -1.6317811012268 -0.8843982219696 -3.4705245494843 -0.0042574815452099 3.9937978726812e-05
-0.71850168704987 -0.66754794120789 -1.6048412322998 -0.86974954605103 -3.5217669010162 -0.00019482895731926 8.825387340039e-05
-0.70197260379791 -0.65985059738159 -1.620756149292 -0.86601114273071 -3.5075936317444 -0.0045862607657909 -5.9307973288014e-07
-0.68480813503265 -0.65050005912781 -1.6384818553925 -0.85900545120239 -3.4905567169189 -0.0059290342032909 4.2602819121385e-06
-0.6673663854599 -0.64122915267944 -1.6558046340942 -0.85171818733215 -3.4730534553528 -0.006727259606123 4.9180132918991e-05
-0.64964163303375 -0.63217186927795 -1.6727590560913 -0.84447336196899 -3.4546942710876 -0.0073950700461864 1.575070018589e-05
-0.63163077831268 -0.6234712600708 -1.6888880729675 -0.83754920959473 -3.4370679855347 -0.0080099515616894 -5.0448416004656e-06
-0.61336958408356 -0.61513710021973 -1.7043704986572 -0.83105278015137 -3.419075012207 -0.0085778646171093 2.6303963750252e-05
-0.5948520898819 -0.60696864128113 -1.7194881439209 -0.8247709274292 -3.4002115726471 -0.0093427114188671 2.4887096969906e-06
-0.57606995105743 -0.59922170639038 -1.7337923049927 -0.81902718544006 -3.3815088272095 -0.010018866509199 1.9728651750484e-05
-0.55701887607574 -0.59175658226013 -1.7475275993347 -0.81360459327698 -3.3624217510223 -0.01092628762126 1.271280234505e-05
-0.53775537014008 -0.58468341827393 -1.7606143951416 -0.80869483947754 -3.3431484699249 -0.012124817818403 5.3392400332086e-06
-0.5182431936264 -0.57796335220337 -1.7730662822723 -0.80424046516418 -3.3235757350922 -0.01324276253581 8.8147964561358e-05
-0.4985271692276 -0.5714898109436 -1.7848999500275 -0.80024361610413 -3.3037221431732 -0.014632027596235 9.8630880529527e-05
-0.478555560112 -0.56534290313721 -1.7959036827087 -0.79684805870056 -3.2842237949371 -0.01625208184123 1.2633104233828e-05
-0.45841228961945 -0.55959916114807 -1.8063831329346 -0.79407668113708 -3.2638363838196 -0.018135111778975 8.8184846390504e-05
-0.4380704164505 -0.55422067642212 -1.8161780834198 -0.79183125495911 -3.2433595657349 -0.020257275551558 1.090199657483e-05
-0.41756570339203 -0.54911351203918 -1.8253118991852 -0.79008865356445 -3.2227253913879 -0.022651713341475 -7.2366910899291e-06
-0.39680445194244 -0.54456639289856 -1.8334407806396 -0.78917741775513 -3.2026059627533 -0.025245230644941 8.8187531218864e-05
-0.37601244449615 -0.54032278060913 -1.8410065174103 -0.78871536254883 -3.182067155838 -0.028078120201826 3.6564728361554e-05
-0.35499346256256 -0.5362024307251 -1.8481991291046 -0.78846979141235 -3.1606087684631 -0.030944865196943 -4.0142358557205e-06
-0.33397424221039 -0.53252720832825 -1.8545415401459 -0.78841376304626 -3.1399841308594 -0.033558886498213 4.2451083572814e-05
-0.31277668476105 -0.52909302711487 -1.8603925704956 -0.78837251663208 -3.1190903186798 -0.035923283547163 6.6764558141585e-05
-0.2915130853653 -0.52586841583252 -1.8658573627472 -0.78799033164978 -3.0977125167847 -0.037874739617109 1.191131741507e-05
-0.27015769481659 -0.52263903617859 -1.871250629425 -0.78677320480347 -3.0751855373383 -0.038836758583784 5.8628931583371e-05
-0.24881160259247 -0.51983284950256 -1.8759572505951 -0.78445482254028 -3.0541002750397 -0.038388531655073 6.0137052059872e-05
-0.22740232944489 -0.51715517044067 -1.8803761005402 -0.78093504905701 -3.032808303833 -0.036747496575117 2.3268885342986e-06
-0.20597946643829 -0.51466202735901 -1.8845808506012 -0.77611565589905 -3.011433839798 -0.033590357750654 -1.7142439901363e-05
-0.18457424640656 -0.51230096817017 -1.8887057304382 -0.77018642425537 -2.9895439147949 -0.029312890022993 9.7426571301185e-05
-0.16322576999664 -0.51041007041931 -1.8922057151794 -0.76355624198914 -2.9685451984406 -0.02422646805644 5.2956675062887e-05
-0.14189851284027 -0.50883603096008 -1.8952536582947 -0.75672245025635 -2.9470000267029 -0.018899958580732 1.8794992229232e-06
-0.12070500850677 -0.5077383518219 -1.8974168300629 -0.75042104721069 -2.926146030426 -0.013716261833906 0.00011747419193853
-0.099530577659607 -0.50716209411621 -1.8989315032959 -0.74503064155579 -2.9048080444336 -0.0092115812003613 -1.8439601262799e-05
-0.078554272651672 -0.50712585449219 -1.8991847038269 -0.74155569076538 -2.8843266963959 -0.0060937814414501 8.0218005678034e-06
-0.057689547538757 -0.50759315490723 -1.8985304832458 -0.7394700050354 -2.8638501167297 -0.0038154534995556 4.5681408664677e-05
-0.036902070045471 -0.50842380523682 -1.8972985744476 -0.73797082901001 -2.8429203033447 -0.0019448213279247 6.9883740252408e-06
-0.016306281089783 -0.50972270965576 -1.8952159881592 -0.73734951019287 -2.8223960399628 -0.00056175515055656 1.3117730304657e-05
0.0040949583053589 -0.51135039329529 -1.8924565315247 -0.7373628616333 -2.8019120693207 0.00054450705647469 2.6500736566959e-05
0.024339079856873 -0.51339244842529 -1.8889605998993 -0.73808002471924 -2.7813949584961 0.0012960024178028 4.9371970817447e-05
0.044302344322205 -0.5159158706665 -1.8846249580383 -0.73928332328796 -2.7617709636688 0.0018910951912403 7.8994446084835e-05
0.064139246940613 -0.51862359046936 -1.8797867298126 -0.74118041992188 -2.7414522171021 0.0021962709724903 7.5299438321963e-05
0.083663821220398 -0.52184438705444 -1.8740634918213 -0.74341487884521 -2.7219862937927 0.0022921152412891 1.134203375841e-05
0.10290896892548 -0.52548909187317 -1.8677034378052 -0.74603843688965 -2.7031292915344 0.0024985857307911 4.7403103963006e-05
0.12199056148529 -0.52925229072571 -1.8608379364014 -0.74890065193176 -2.6837656497955 0.002608735114336 8.8267479441129e-05
0.14071881771088 -0.53359532356262 -1.853209733963 -0.75212454795837 -2.6651349067688 0.0027498789131641 -1.816750409489e-05
0.15911948680878 -0.53818202018738 -1.8448641300201 -0.75528717041016 -2.6473944187164 0.0028848238289356 1.1655812159006e-05
0.17732989788055 -0.54318332672119 -1.8360691070557 -0.75914287567139 -2.6290581226349 0.0029501505196095 1.3978103197587e-05
0.19524896144867 -0.54825687408447 -1.826625585556 -0.76378130912781 -2.6106677055359 0.0028285570442677 1.6479301621075e-06
0.21286523342133 -0.55388641357422 -1.8165197372437 -0.7682101726532 -2.5930407047272 0.002787072211504 4.7645353333792e-05
0.23017632961273 -0.55977249145508 -1.8058845996857 -0.77303075790405 -2.5755603313446 0.0028924532234669 3.1173152819974e-05
0.24714744091034 -0.56597924232483 -1.7945129871368 -0.77809047698975 -2.5587074756622 0.0027641840279102 7.4866863997158e-07
