-4.2534801991678e-07 4.1724575794433e-07 0.91483902931213
-4.2613751816134e-07 3.6482435916696e-07 0.91483926773071
-1.1684247738231e-06 1.1163383817347e-07 0.91483950614929
-1.2400792002154e-06 5.6241916013278e-08 0.91483926773071
-1.4822309140072e-06 5.146369517206e-07 0.91483932733536
-1.6908378484004e-06 8.2850846183646e-07 0.91483932733536
-2.0453803699638e-06 4.7171425876513e-07 0.91483962535858
-2.1651658244082e-06 2.8335912816146e-07 0.91483962535858
-1.9782341951213e-06 7.3969204095192e-07 0.91483962535858
-2.4477242277499e-06 4.9370413535144e-07 0.91483968496323
-2.8023871436744e-06 4.5235978518576e-07 0.91483956575394
-3.0356948172994e-06 1.7955076714316e-07 0.91483962535858
-3.1851020594331e-06 -8.3374459336483e-08 0.91483938694
-3.4545046219137e-06 -6.3837688912827e-08 0.91483956575394
-3.5327595924173e-06 -2.2307089864171e-07 0.91483962535858
-3.5465961900627e-06 -1.6256818469174e-07 0.91483980417252
-3.8167295315361e-06 -1.676281726759e-07 0.91483998298645
-3.3052151593438e-06 7.4105237501954e-09 0.91484004259109
-3.0596459055232e-06 1.6233276767252e-07 0.91484004259109
-3.6439548694034e-06 2.2039243674499e-07 0.91484022140503
-3.5784030387731e-06 4.0469808482158e-07 0.91484034061432
-3.9452716009691e-06 4.2395464561196e-07 0.91484028100967
-4.2181236494798e-06 6.4491547391299e-07 0.91484022140503
-3.9556684896525e-06 8.0422432802152e-07 0.91484022140503
-3.9186647882161e-06 1.0945266240014e-06 0.91484016180038
-3.7641348171746e-06 8.1985768929371e-07 0.91484028100967
-3.8049711292842e-06 1.0870791129491e-06 0.91484016180038
-3.812634076894e-06 9.3968719738768e-07 0.91484040021896
-2.9965756311867e-06 8.8741762738209e-07 0.91484051942825
-3.0643188893009e-06 1.0290399359292e-06 0.91484034061432
-3.2798513984744e-06 8.5194915300235e-07 0.91484016180038
-2.8725082756864e-06 5.3864073379373e-07 0.91484028100967
-2.6319544303988e-06 6.7195981046098e-07 0.91484022140503
-2.8969329832762e-06 8.7390742464777e-07 0.91484016180038
-3.0787794003118e-06 1.0929227300949e-06 0.91484028100967
-3.3629430618021e-06 9.8921645985683e-07 0.91484028100967
-3.0155806598486e-06 9.8998032171949e-07 0.91484016180038
-2.6956299734593e-06 1.3267554095364e-06 0.91484016180038
-3.2015113902162e-06 1.416119971509e-06 0.91483998298645
-3.2246744012809e-06 1.374076873617e-06 0.91483992338181
0.0023108522873372 -0.00036117481067777 0.91486847400665
0.012457277625799 -0.0019751309882849 0.9149649143219
0.02263998426497 -0.0036557770799845 0.91513103246689
0.032809264957905 -0.0054229074157774 0.91533845663071
0.042947512120008 -0.0071545722894371 0.91539829969406
0.053061634302139 -0.0088954623788595 0.91541647911072
0.063218213617802 -0.010606805793941 0.9154486656189
0.073410555720329 -0.012889237143099 0.91548657417297
0.082988008856773 -0.016215540468693 0.91549998521805
0.092530272901058 -0.019618555903435 0.91557025909424
0.10214060544968 -0.023006027564406 0.91558784246445
0.11173744499683 -0.026338700205088 0.91562384366989
0.12131795287132 -0.029758570715785 0.91566008329391
0.13092975318432 -0.033136926591396 0.91568499803543
0.14063334465027 -0.036375917494297 0.91571795940399
0.15025149285793 -0.039781652390957 0.91572546958923
0.15982575714588 -0.043179553002119 0.91575539112091
0.1694779843092 -0.046460423618555 0.91582643985748
0.17911514639854 -0.049800995737314 0.91586911678314
0.18874824047089 -0.053135361522436 0.91590571403503
0.19832146167755 -0.056561853736639 0.91591227054596
0.20796100795269 -0.059916246682405 0.91592544317245
0.21754066646099 -0.063346639275551 0.91588389873505
0.22718499600887 -0.066649250686169 0.91595858335495
0.23675845563412 -0.070072151720524 0.91597574949265
0.24639482796192 -0.073322623968124 0.9159192442894
0.25597208738327 -0.076717771589756 0.91594696044922
0.26560696959496 -0.080045290291309 0.91591757535934
0.27521419525146 -0.083324082195759 0.91591131687164
0.28480073809624 -0.086736060678959 0.91586667299271
0.29438591003418 -0.09013544023037 0.91587924957275
0.30399858951569 -0.093484312295914 0.91585206985474
0.31355521082878 -0.096855632960796 0.91581290960312
0.32318386435509 -0.10022042691708 0.91581892967224
