-0.0057614296674728 0.047399565577507 1.3009216785431 0.00098485592752695 -0.00022301217541099 3.059338092804 2.9908678698121e-06
-0.0035115927457809 0.042380481958389 1.2943511009216 0.0009605212835595 -6.5280597482342e-05 3.0104553699493 3.8365335058188e-05
-0.0012665018439293 0.037394270300865 1.2878186702728 0.00092254957417026 -0.00014083966379985 2.9627175331116 4.4991571485298e-05
0.0010491274297237 0.032370269298553 1.2812783718109 0.00092225038679317 -0.00016607805446256 2.9142096042633 -1.5944284314173e-05
0.0033355504274368 0.027323052287102 1.2747039794922 0.0010242408607155 -0.0002552296500653 2.8662204742432 9.1365320258774e-05
0.0055642016232014 0.02235734462738 1.2681891918182 0.000923857325688 -0.00024923105956987 2.8178853988647 4.4552605686476e-05
0.0078728795051575 0.017323195934296 1.2616255283356 0.00093991536414251 -0.00039967248449102 2.7702431678772 -3.9268152249861e-06
0.010134175419807 0.012324392795563 1.2551016807556 0.00092193915043026 -0.00043997436296195 2.7213513851166 7.2521506808698e-05
0.012413077056408 0.0073159039020538 1.2485544681549 0.00083957618335262 -0.00043263274710625 2.6740491390228 -3.6516306863632e-05
0.014689266681671 0.0023216605186462 1.2420220375061 0.0008582731243223 -0.00052262237295508 2.6255970001221 2.1771427327621e-06
0.01693706959486 -0.0026993080973625 1.2354667186737 0.00073424784932286 -0.00056925072567537 2.5771496295929 1.752109528752e-05
0.019219733774662 -0.0077203959226608 1.2289077043533 0.00081521883839741 -0.00049304898129776 2.5288796424866 4.5408563892124e-05
0.021501027047634 -0.012733325362206 1.2223678827286 0.00090485345572233 -0.00055747840087861 2.4813628196716 5.8176337915938e-05
0.023778825998306 -0.017755292356014 1.2158041000366 0.00078511022729799 -0.00056163809495047 2.4334189891815 -7.7860322562628e-06
0.026069045066833 -0.022771149873734 1.2092725038528 0.00067812256747857 -0.00071182701503858 2.3851170539856 0.00010182850382989
0.028319239616394 -0.027771010994911 1.2027190923691 0.0007368121878244 -0.0007089720456861 2.3366286754608 1.8170119801653e-05
0.030607864260674 -0.03278473764658 1.1961901187897 0.00054515473311767 -0.00052646617405117 2.2889685630798 -2.25588792091e-05
0.032881230115891 -0.03781321644783 1.1896035671234 0.00059220904950052 -0.00052628200501204 2.2405154705048 4.4550829443324e-06
0.035141348838806 -0.042816292494535 1.1830914020538 0.0004443944490049 -0.00064848008332774 2.1925494670868 8.2209997344762e-05
0.037420392036438 -0.047811169177294 1.1765829324722 0.00042106618639082 -0.00040623388485983 2.1446936130524 6.8353874667082e-05
0.0397043004632 -0.052814580500126 1.17001080513 0.00022999456268735 -0.0002548930933699 2.0965361595154 5.6260993005708e-05
0.041954427957535 -0.057836592197418 1.163457274437 0.00019175060151611 -0.00021566549548879 2.0484352111816 2.5728120817803e-05
0.044252343475819 -0.062853708863258 1.1569253206253 7.0961890742183e-05 -0.0001423952053301 2.0008578300476 4.5085773308529e-05
0.046548970043659 -0.067893072962761 1.1503338813782 0.00029432657174766 4.8331115976907e-05 1.9534047842026 1.3734696949541e-05
0.048800706863403 -0.072870470583439 1.143798828125 0.00017141280113719 -0.00010741002915893 1.9053208827972 4.3992833525408e-05
0.051054902374744 -0.077862188220024 1.1372708082199 0.00039789243601263 -0.00045801335363649 1.8563928604126 9.2383843366406e-06
0.053329408168793 -0.082901552319527 1.1307097673416 0.00041437111212872 -0.00099742866586894 1.8081083297729 5.6193493946921e-05
0.055613752454519 -0.087898150086403 1.1241450309753 0.00057299801846966 -0.0016724072629586 1.760354757309 -1.885920028144e-05
0.057879984378815 -0.092888213694096 1.1176067590714 0.00077228900045156 -0.0025068016257137 1.7121106386185 4.3787467802758e-06
0.060144558548927 -0.097896508872509 1.1111279726028 0.00048875145148486 -0.0030064666643739 1.664271235466 2.0014811525471e-05
0.062419302761555 -0.10296534001827 1.1045327186584 0.00066008325666189 -0.0031281327828765 1.6168886423111 1.7007396309054e-06
0.064698033034801 -0.10795533657074 1.0980442762375 0.00034538708860055 -0.0028881009202451 1.5696535110474 6.8258455030445e-06
0.066975466907024 -0.1129699125886 1.0914112329483 0.00031525839585811 -0.0027047528419644 1.5206979513168 1.0091275726154e-05
0.069237232208252 -0.11795783042908 1.0848877429962 0.00020349268743303 -0.0023571501951665 1.4726781845093 0.00010086298425449
0.071517087519169 -0.12298914790154 1.0783346891403 0.00020560045959428 -0.0022602875251323 1.4247448444366 9.4442861154675e-05
0.073792487382889 -0.12801472842693 1.0717424154282 0.0001639031979721 -0.0021226664539427 1.3765226602554 1.3138050235284e-05
0.076069906353951 -0.1330039948225 1.0651679039001 6.6574284574017e-05 -0.0020842743106186 1.3286825418472 -1.7633927200222e-05
0.078340947628021 -0.13800965249538 1.0587168931961 -7.4356110417284e-05 -0.0018893319647759 1.2808641195297 2.3966313165147e-05
0.080620959401131 -0.14303113520145 1.0521755218506 -0.00017936664517038 -0.002061580773443 1.2332087755203 7.939768693177e-05
0.082892529666424 -0.14802592992783 1.0455603599548 -0.00010477483738214 -0.0018232432194054 1.1848207712173 6.6401960793883e-05
0.085161216557026 -0.15305411815643 1.0390700101852 -0.00040957669261843 -0.0019704564474523 1.1368737220764 1.6806783378343e-06
0.087442196905613 -0.15806862711906 1.0324386358261 -0.00025497711612843 -0.0018329179147258 1.0888308286667 1.6421950931544e-05
0.089694634079933 -0.16302154958248 1.0260171890259 -0.00058566452935338 -0.0018249375279993 1.0402595996857 1.797369986889e-05
0.091982200741768 -0.16808661818504 1.0194019079208 -0.00053582485998049 -0.0018428297480568 0.99310499429703 0.00012123573833378
0.094251736998558 -0.17307332158089 1.0128329992294 -0.00079499027924612 -0.0018779968377203 0.94455707073212 3.3670101402095e-05
0.096524000167847 -0.17809250950813 1.0063840150833 -0.0010571914026514 -0.0019012356642634 0.89712280035019 0.00011339640332153
0.098799839615822 -0.18309900164604 0.99965757131577 -0.00075917167123407 -0.0018732059979811 0.84916400909424 1.3009342183068e-05
0.10106687247753 -0.18810287117958 0.99315267801285 -0.0011657011928037 -0.0018176136072725 0.80102646350861 7.9992547398433e-05
0.10335646569729 -0.19311219453812 0.98658156394958 -0.0013087742263451 -0.001918131718412 0.7530472278595 1.7415619367966e-05
0.10562242567539 -0.19813945889473 0.97999376058578 -0.0016387783689424 -0.0020988725591451 0.7053599357605 1.261688885279e-05
0.10789349675179 -0.20316618680954 0.97342354059219 -0.0019631439354271 -0.0021026465110481 0.65762233734131 9.9428347311914e-05
0.11015474796295 -0.20814195275307 0.96697652339935 -0.0028436940629035 -0.002479791874066 0.6095535159111 6.7661661887541e-05
0.11243319511414 -0.213184684515 0.96036243438721 -0.0035078721120954 -0.0027527129277587 0.56262612342834 4.8828253056854e-05
0.1147293895483 -0.21815580129623 0.95376390218735 -0.0051569757051766 -0.0033654004801065 0.51446741819382 8.6311929408112e-06
0.1141337454319 -0.21757653355598 0.94979566335678 0.0062382654286921 0.0029054949991405 0.48038217425346 3.0320152291097e-05
0.10911083221436 -0.20798256993294 0.94974899291992 0.0066956505179405 0.0037775493692607 0.48017364740372 5.8323807024863e-05
0.10407336056232 -0.19838157296181 0.94982194900513 0.0045595816336572 0.0024508668575436 0.48134461045265 -3.0229068215704e-05
0.099043011665344 -0.18876749277115 0.94969058036804 0.0036021629348397 0.0020015081390738 0.48164469003677 5.2635812608059e-05
0.094006285071373 -0.17917874455452 0.94977194070816 0.0029599873814732 0.0016366424970329 0.48204028606415 3.5548151799958e-07
0.088963687419891 -0.16958373785019 0.94974833726883 0.0026237731799483 0.0014553340151906 0.48230755329132 4.6052036850597e-06
0.083925053477287 -0.15996104478836 0.94975388050079 0.0023566756863147 0.0013134793844074 0.48245167732239 -4.2498004404479e-06
0.078896805644035 -0.15039157867432 0.94975018501282 0.0021737727802247 0.00099821167532355 0.48280218243599 8.7970503955148e-05
0.073856666684151 -0.14079070091248 0.94984591007233 0.0018747601425275 0.0010666691232473 0.48311847448349 7.6008029282093e-05
0.068814426660538 -0.13117381930351 0.94978475570679 0.0018059470457956 0.00086886622011662 0.48220327496529 1.8339887901675e-05
0.063772335648537 -0.12156316637993 0.94980186223984 0.0016556263435632 0.00062217400409281 0.48234465718269 -1.0708837180573e-05
0.058734036982059 -0.11198776960373 0.9498153924942 0.0014299224130809 0.00084885396063328 0.48327416181564 5.1901799452025e-05
0.053729176521301 -0.10236679017544 0.94986075162888 0.0014757083263248 0.00083889241795987 0.48253804445267 9.596387099009e-05
0.048675656318665 -0.092808052897453 0.94983065128326 0.0014024398988113 0.0007195234647952 0.48324057459831 8.077498205239e-05
0.043646953999996 -0.083182737231255 0.9498735666275 0.0013691805070266 0.00061978015583009 0.48289456963539 -2.7829300961457e-05
0.038631796836853 -0.073603093624115 0.94989442825317 0.001128371222876 0.00075896980706602 0.4830347597599 -1.6476204109495e-05
0.033619426190853 -0.06398817896843 0.9499351978302 0.00097523781005293 0.00050918699707836 0.48252692818642 0.0001045798198902
0.028567485511303 -0.054417684674263 0.9499284029007 0.0014857228379697 0.0009708403958939 0.48292636871338 5.9201749536442e-05
0.023532256484032 -0.044785112142563 0.94990861415863 0.0012232769513503 0.00069836800685152 0.48276633024216 6.9725705543533e-05
0.018491603434086 -0.035213738679886 0.94991588592529 0.0012871915241703 0.00086260761599988 0.48278805613518 6.7535467678681e-05
0.013461522758007 -0.025595441460609 0.94991707801819 0.0011864410480484 0.00072306738002226 0.48277553915977 8.603047899669e-05
0.008401907980442 -0.015996381640434 0.94992804527283 0.0015794482314959 0.00083866232307628 0.48304632306099 2.4449047941744e-07
0.0033900588750839 -0.0063919723033905 0.94993627071381 0.0015849021729082 0.00091821025125682 0.48256987333298 -3.1565668905387e-05
-0.0016521587967873 0.0031934306025505 0.94995009899139 0.0015635702293366 0.00099689001217484 0.48259052634239 8.6845408077352e-05
-0.0067113190889359 0.012803979218006 0.94993579387665 0.0016454287106171 0.00093263783492148 0.4825955927372 -1.8883361917688e-05
-0.011753600090742 0.02240713685751 0.94991755485535 0.0015648611588404 0.00094174267724156 0.48282369971275 -8.4860715787727e-07
-0.016780029982328 0.031998440623283 0.94995093345642 0.0012825016165152 0.0009396756067872 0.48265090584755 9.6125950221904e-05
-0.021819688379765 0.041589982807636 0.94996052980423 0.0011681570904329 0.00092914968263358 0.4826503098011 7.5870852924709e-06
-0.026835814118385 0.051175937056541 0.94998276233673 0.0014347159303725 0.00076344033004716 0.48262238502502 2.093469220199e-06
-0.031865548342466 0.060789622366428 0.9499626159668 0.0013217792147771 0.0006595203303732 0.48244324326515 -2.0276846043998e-05
-0.036904063075781 0.070392586290836 0.94998252391815 0.0012624663067982 0.00065792462555692 0.48233303427696 6.3282868723036e-06
-0.041970510035753 0.079995222389698 0.94996988773346 0.0011663235491142 0.00083965063095093 0.48258927464485 -1.7735106666805e-05
-0.046971663832664 0.089597418904305 0.94996845722198 0.0010758795542642 0.00065706518944353 0.48209995031357 0.00012595861335285
-0.05202255398035 0.099205777049065 0.94996780157089 0.0010180536191911 0.00088693934958428 0.48257103562355 -4.8887441153056e-06
-0.057051856070757 0.10881161689758 0.94997346401215 0.0010246895253658 0.00079493987141177 0.48182809352875 -4.633665895426e-09
-0.062107522040606 0.11839017271996 0.94998180866241 0.0010958398925141 0.00083472509868443 0.48280939459801 9.7602191090118e-05
-0.067127488553524 0.12797498703003 0.94997668266296 0.0010824349010363 0.00079767167335376 0.48234272003174 7.1241447585635e-05
-0.072188690304756 0.13788901269436 0.94995445013046 0.0011399385984987 0.00065133348107338 0.48021632432938 -1.2132257324993e-05
-0.077199921011925 0.14718575775623 0.94998466968536 0.0010991583112627 0.00065670389449224 0.48247781395912 0.00010566251148703
-0.082243353128433 0.15679371356964 0.94997239112854 0.00099525589030236 0.00061131047550589 0.48236390948296 1.1822149645013e-05
-0.087295979261398 0.16637367010117 0.94996684789658 0.00091075303498656 0.00050806306535378 0.48254868388176 -2.2286914827419e-05
-0.092331573367119 0.1759726703167 0.94997620582581 0.0010465286904946 0.00076116091804579 0.48314452171326 5.3758521971758e-05
-0.097357556223869 0.18558739125729 0.94997191429138 0.0010904346127063 0.0005541656864807 0.48252546787262 -1.4406450645765e-05
-0.10239396989346 0.1951829791069 0.94999313354492 0.0012877591652796 0.00074145017424598 0.48211792111397 6.0847341956105e-05
-0.10743586719036 0.20477044582367 0.94998079538345 0.00076795363565907 0.00074074190342799 0.48268780112267 6.2211402109824e-05
-0.11246360838413 0.2143719792366 0.94999885559082 0.0011178225977346 0.00070397806121036 0.48232144117355 -1.0961704902002e-05
