0.048433873802423 0.2220353782177 -1.7494943141937 -1.6149933338165 -1.4395473003387 0.00022216491925064 2.9908678698121e-06
0.074782937765121 0.2147168815136 -1.7606480121613 -1.5965995788574 -1.3649840354919 0.00018401794659439 3.8365335058188e-05
0.099938482046127 0.20578095316887 -1.7703909873962 -1.5778481960297 -1.2918367385864 0.00030227354727685 4.4991571485298e-05
0.12419804930687 0.19506260752678 -1.7786645889282 -1.5588684082031 -1.2193403244019 0.00038285902701318 -1.5944284314173e-05
0.14709910750389 0.18248412013054 -1.7854106426239 -1.5396993160248 -1.1482675075531 0.00046678236685693 9.1365320258774e-05
0.16866263747215 0.16847130656242 -1.7906823158264 -1.5204186439514 -1.0785427093506 0.00057120970450342 4.4552605686476e-05
0.18881043791771 0.15276190638542 -1.7944529056549 -1.500935792923 -1.0106530189514 0.00063224486075342 -3.9268152249861e-06
0.20784243941307 0.13546368479729 -1.796558380127 -1.4815397262573 -0.94291973114014 0.00072904280386865 7.2521506808698e-05
0.22529372572899 0.11672827601433 -1.797176361084 -1.4623339176178 -0.87760639190674 0.00079436949454248 -3.6516306863632e-05
0.24147090315819 0.096636265516281 -1.7961826324463 -1.4432249069214 -0.81319665908813 0.00094218901358545 2.1771427327621e-06
0.25625523924828 0.075097054243088 -1.7935750484467 -1.4243977069855 -0.75014734268188 0.0010757034178823 1.752109528752e-05
0.26974210143089 0.052434891462326 -1.7893757820129 -1.4061300754547 -0.68864631652832 0.0011739318724722 4.5408563892124e-05
0.28194531798363 0.028712719678879 -1.7836525440216 -1.3882291316986 -0.6285388469696 0.0012874191161245 5.8176337915938e-05
0.29289254546165 0.0039210021495819 -1.7763440608978 -1.3708140850067 -0.56935119628906 0.0014361923094839 -7.7860322562628e-06
0.30269631743431 -0.021764308214188 -1.7674646377563 -1.3541460037231 -0.51153206825256 0.0016169135924429 0.00010182850382989
0.31137380003929 -0.048306971788406 -1.7570641040802 -1.3381264209747 -0.45469665527344 0.0016903465148062 1.8170119801653e-05
0.31897696852684 -0.075519353151321 -1.7451612949371 -1.3229155540466 -0.39906811714172 0.0018248145934194 -2.25588792091e-05
0.32558926939964 -0.10349729657173 -1.7317225933075 -1.3085720539093 -0.34418439865112 0.0019859855528921 4.4550829443324e-06
0.33120211958885 -0.1318247616291 -1.716961145401 -1.2950091362 -0.29073786735535 0.0020956580992788 8.2209997344762e-05
0.33596286177635 -0.16057804226875 -1.7007563114166 -1.2823119163513 -0.23789286613464 0.0019774024840444 6.8353874667082e-05
0.33987054228783 -0.18990877270699 -1.6832087039948 -1.2703747749329 -0.18579339981079 0.001823860919103 5.6260993005708e-05
0.34292325377464 -0.21943500638008 -1.6644654273987 -1.2591733932495 -0.1349778175354 0.0013656204100698 2.5728120817803e-05
0.34530267119408 -0.24912860989571 -1.6444594860077 -1.2485084533691 -0.084517478942871 0.00056358030997217 4.5085773308529e-05
0.34695348143578 -0.27913883328438 -1.6232583522797 -1.23837018013 -0.034787893295288 -0.00095419236458838 1.3734696949541e-05
0.34793385863304 -0.30892065167427 -1.6011695861816 -1.2285048961639 0.014033317565918 -0.00298384972848 4.3992833525408e-05
0.34833392500877 -0.33883121609688 -1.5778651237488 -1.2192432880402 0.06242847442627 -0.0057242326438427 9.2383843366406e-06
0.34814462065697 -0.36886551976204 -1.5534436702728 -1.2106862068176 0.11037015914917 -0.0085258893668652 5.6193493946921e-05
0.34746465086937 -0.39901784062386 -1.5278227329254 -1.2038812637329 0.1575174331665 -0.010818522423506 -1.885920028144e-05
0.34626016020775 -0.42957165837288 -1.500657081604 -1.199285030365 0.20451736450195 -0.012055438011885 4.3787467802758e-06
0.34458360075951 -0.46035721898079 -1.4720225334167 -1.1974079608917 0.25075006484985 -0.011625807732344 2.0014811525471e-05
0.3424936234951 -0.49167874455452 -1.4419152736664 -1.1976654529572 0.29688882827759 -0.010209839791059 1.7007396309054e-06
0.34002742171288 -0.52294731140137 -1.4108555316925 -1.1993656158447 0.3423285484314 -0.0081873349845409 6.8258455030445e-06
0.33721122145653 -0.55451393127441 -1.3787474632263 -1.201771736145 0.38731527328491 -0.0064881257712841 1.0091275726154e-05
0.33402070403099 -0.58586025238037 -1.3456964492798 -1.204794883728 0.43227910995483 -0.0051563195884228 0.00010086298425449
0.33052787184715 -0.61711430549622 -1.3117451667786 -1.2081518173218 0.47684860229492 -0.0044393949210644 9.4442861154675e-05
0.32676419615746 -0.64851546287537 -1.276864528656 -1.212325334549 0.52110195159912 -0.0037379674613476 1.3138050235284e-05
0.32273730635643 -0.67976546287537 -1.2411940097809 -1.2172179222107 0.56490230560303 -0.0032992772758007 -1.7633927200222e-05
0.31847581267357 -0.71106314659119 -1.204375743866 -1.2229480743408 0.60854148864746 -0.0030033998191357 2.3966313165147e-05
0.31397590041161 -0.74257206916809 -1.1665227413177 -1.2295486927032 0.65207195281982 -0.0027146749198437 7.939768693177e-05
0.30931052565575 -0.77425003051758 -1.1276752948761 -1.2371156215668 0.69529485702515 -0.0023463182151318 6.6401960793883e-05
0.30439576506615 -0.8058762550354 -1.087733745575 -1.2452840805054 0.73860502243042 -0.0023050718009472 1.6806783378343e-06
0.29938945174217 -0.83792757987976 -1.046676158905 -1.2546389102936 0.78125047683716 -0.0020401887595654 1.6421950931544e-05
0.29415234923363 -0.86995768547058 -1.004341840744 -1.264803647995 0.82438230514526 -0.0019526891410351 1.797369986889e-05
0.28884753584862 -0.90255856513977 -0.96073031425476 -1.2758765220642 0.86689758300781 -0.0019658021628857 0.00012123573833378
0.28346022963524 -0.93544793128967 -0.91574907302856 -1.2881586551666 0.90917015075684 -0.0016346387565136 3.3670101402095e-05
0.27789935469627 -0.96866178512573 -0.8690710067749 -1.301421880722 0.95166301727295 -0.0016236715018749 0.00011339640332153
0.27226647734642 -1.0029799938202 -0.82065057754517 -1.3157911300659 0.9940710067749 -0.0016479901969433 1.3009342183068e-05
0.26657351851463 -1.0375757217407 -0.77015423774719 -1.3315951824188 1.0363845825195 -0.0014837197959423 7.9992547398433e-05
0.26080664992332 -1.0731527805328 -0.71721506118774 -1.3487782478333 1.0785779953003 -0.0015540532767773 1.7415619367966e-05
0.25501593947411 -1.1098275184631 -0.66145014762878 -1.3675796985626 1.1206569671631 -0.0015161447227001 1.261688885279e-05
0.24921473860741 -1.1481685638428 -0.60202431678772 -1.3884091377258 1.1625123023987 -0.0016501359641552 9.9428347311914e-05
0.24335727095604 -1.1881039142609 -0.53802704811096 -1.4117116928101 1.2044596672058 -0.0016422681510448 6.7661661887541e-05
0.23759087920189 -1.2310612201691 -0.46771693229675 -1.4381232261658 1.2459635734558 -0.0018856935203075 4.8828253056854e-05
0.23179921507835 -1.2781405448914 -0.38823652267456 -1.4688775539398 1.2875666618347 -0.0020673684775829 8.6311929408112e-06
0.22604283690453 -1.2965495586395 -0.36507153511047 -1.4872524738312 1.3163380622864 0.0017530508339405 3.0320152291097e-05
0.22250565886497 -1.2399024963379 -0.4812433719635 -1.4286415576935 1.3132405281067 0.0023939199745655 5.8323807024863e-05
0.21906194090843 -1.191858291626 -0.5776162147522 -1.3775675296783 1.3087596893311 0.0016786642372608 -3.0229068215704e-05
0.21543321013451 -1.1515219211578 -0.65926885604858 -1.335170507431 1.3049559593201 0.0013138838112354 5.2635812608059e-05
0.21173867583275 -1.1153700351715 -0.73166608810425 -1.2980988025665 1.3006286621094 0.0011207647621632 3.5548151799958e-07
0.20790728926659 -1.0826644897461 -0.79734396934509 -1.2648162841797 1.296480178833 0.0010296888649464 4.6052036850597e-06
0.20398530364037 -1.0521881580353 -0.85823464393616 -1.2340455055237 1.2920928001404 0.00091810896992683 -4.2498004404479e-06
0.19986066222191 -1.023827791214 -0.91486525535583 -1.2055733203888 1.2882161140442 0.00078268721699715 8.7970503955148e-05
0.19564732909203 -0.99670672416687 -0.96837544441223 -1.1787734031677 1.2838354110718 0.00084086135029793 7.6008029282093e-05
0.19125232100487 -0.97124314308167 -1.0190439224243 -1.1535446643829 1.2798433303833 0.00070734694600105 1.8339887901675e-05
0.18686351180077 -0.94658732414246 -1.0675456523895 -1.1294775009155 1.2750935554504 0.00070830062031746 -1.0708837180573e-05
0.18231067061424 -0.92297625541687 -1.1139595508575 -1.1064529418945 1.2702212333679 0.00069637969136238 5.1901799452025e-05
0.17758712172508 -0.9003586769104 -1.1584038734436 -1.0846612453461 1.2655959129333 0.00067110732197762 9.596387099009e-05
0.17269191145897 -0.87851738929749 -1.2012786865234 -1.0635437965393 1.2607350349426 0.00055666640400887 8.077498205239e-05
0.16766080260277 -0.85720992088318 -1.2426993846893 -1.0433557033539 1.2558093070984 0.00062676146626472 -2.7829300961457e-05
0.16251239180565 -0.83647227287292 -1.2829368114471 -1.0236246585846 1.2504320144653 0.00069208815693855 -1.6476204109495e-05
0.15713509917259 -0.81633186340332 -1.3218584060669 -1.0046842098236 1.2452611923218 0.00053854659199715 0.0001045798198902
0.15161523222923 -0.79704856872559 -1.3594059944153 -0.98703241348267 1.2399425506592 0.00073357298970222 5.9201749536442e-05
0.14597091078758 -0.77780508995056 -1.3963577747345 -0.96901845932007 1.2341275215149 0.00052614882588387 6.9725705543533e-05
0.14011344313622 -0.75924277305603 -1.4321014881134 -0.95205736160278 1.227991104126 0.00077410414814949 6.7535467678681e-05
0.13407430052757 -0.74086713790894 -1.4671547412872 -0.93515992164612 1.2220349311829 0.00071259215474129 8.603047899669e-05
0.12771233916283 -0.72314929962158 -1.5011212825775 -0.91937685012817 1.2160067558289 0.00075216963887215 2.4449047941744e-07
0.12123450636864 -0.70558953285217 -1.5344052314758 -0.90366387367249 1.2096590995789 0.00093193724751472 -3.1565668905387e-05
0.11454638838768 -0.68834590911865 -1.5670022964478 -0.88830280303955 1.202862739563 0.0008213110268116 8.6845408077352e-05
0.1076622903347 -0.67144107818604 -1.5989038944244 -0.87336444854736 1.1957235336304 0.00086422637104988 -1.8883361917688e-05
0.10042580962181 -0.65487408638 -1.630078792572 -0.85873031616211 1.1888236999512 0.00091429427266121 -8.4860715787727e-07
0.093007177114487 -0.63843965530396 -1.6606261730194 -0.84447431564331 1.1814413070679 0.00085516646504402 9.6125950221904e-05
0.085324853658676 -0.62231850624084 -1.6906187534332 -0.83052396774292 1.1737284660339 0.00091763213276863 7.5870852924709e-06
0.077398389577866 -0.60644602775574 -1.719984292984 -0.8168511390686 1.1654438972473 0.00085278227925301 2.093469220199e-06
0.069095700979233 -0.59088921546936 -1.7486889362335 -0.80369734764099 1.1575493812561 0.00081272795796394 -2.0276846043998e-05
0.060536950826645 -0.57549500465393 -1.7768921852112 -0.79084706306458 1.1487984657288 0.00076313689351082 6.3282868723036e-06
0.051650613546371 -0.56039643287659 -1.8045160770416 -0.77838182449341 1.1398072242737 0.00090285018086433 -1.7735106666805e-05
0.042400926351547 -0.5454888343811 -1.8315052986145 -0.76623177528381 1.1308584213257 0.00083084776997566 0.00012595861335285
0.032803148031235 -0.53080534934998 -1.8580439090729 -0.75439381599426 1.1214337348938 0.0010211057960987 -4.8887441153056e-06
0.022824853658676 -0.51636028289795 -1.8840026855469 -0.74287700653076 1.1113386154175 0.00086947157979012 -4.633665895426e-09
0.012583822011948 -0.50201058387756 -1.9095847606659 -0.73159146308899 1.1006426811218 0.00095244124531746 9.7602191090118e-05
0.0017553269863129 -0.48810601234436 -1.9343616962433 -0.72079873085022 1.090229511261 0.00092192366719246 7.1241447585635e-05
-0.010003954172134 -0.47404909133911 -1.9592084884644 -0.70985507965088 1.0805373191833 0.00098534300923347 -1.2132257324993e-05
-0.021042734384537 -0.46056461334229 -1.9827692508698 -0.69981122016907 1.067277431488 0.00088663771748543 0.00010566251148703
-0.033212810754776 -0.44720363616943 -2.0061001777649 -0.68985319137573 1.0552568435669 0.00090523436665535 1.1822149645013e-05
-0.045835644006729 -0.43400263786316 -2.0289571285248 -0.68019247055054 1.0425772666931 0.00090428069233894 -2.2286914827419e-05
-0.058898121118546 -0.42102932929993 -2.0513064861298 -0.67086291313171 1.0292329788208 0.0010010786354542 5.3758521971758e-05
-0.072666794061661 -0.40830230712891 -2.0730180740356 -0.66186356544495 1.015805721283 0.0009123869240284 -1.4406450645765e-05
-0.086980730295181 -0.39589500427246 -2.0940952301025 -0.65342497825623 1.0016584396362 0.0011021681129932 6.0847341956105e-05
-0.10178366303444 -0.38344955444336 -2.1149458885193 -0.64453172683716 0.98639059066772 0.00099344924092293 6.2211402109824e-05
-0.11736407876015 -0.37151861190796 -2.1349239349365 -0.63677334785461 0.97095108032227 0.0010211057960987 -1.0961704902002e-05
