8.6751164474208e-08 -1.5085360871581e-07 0.91483896970749
3.141790330119e-07 2.4531804143635e-08 0.91483932733536
-2.3076572119862e-07 1.5150728671642e-08 0.91483950614929
-2.3583264407989e-07 4.7066215813629e-08 0.91483956575394
-3.7466534763553e-07 2.2884348993557e-07 0.91483932733536
-3.5708211498786e-07 7.2129222417061e-07 0.91483938694
-2.1607098688037e-07 8.1484688507771e-07 0.91483938694
7.5952577560656e-08 7.7308237678153e-07 0.91483950614929
-1.3350164351777e-07 5.4530192983293e-07 0.91483938694
3.9051789713085e-07 8.3926704519399e-07 0.91483962535858
2.1519528559111e-07 7.9862928714647e-07 0.91483974456787
1.6030838878578e-07 7.3039183234869e-07 0.91483974456787
-2.4956602828752e-07 5.9382205108705e-07 0.91484010219574
-4.0894136077441e-08 2.4335380999219e-07 0.91484010219574
-3.7874240632618e-08 -2.6442144474004e-08 0.91483998298645
-3.6821913340646e-07 6.5880163901966e-07 0.91484016180038
-1.1157921164795e-07 6.6736862436301e-07 0.91484034061432
-1.9404635054343e-07 6.3404331740458e-07 0.91484028100967
-3.6091103083891e-07 7.6017471428713e-07 0.91484034061432
2.1621538337513e-08 9.4019901553111e-07 0.9148405790329
-1.059088248212e-07 7.4870752087008e-07 0.91484045982361
3.2095130109155e-07 9.363262165607e-07 0.91484040021896
1.396867190806e-07 1.2642570936805e-06 0.9148405790329
-4.8735373070485e-08 1.569315031702e-06 0.91484045982361
1.1073377947923e-07 2.0430009044503e-06 0.91484040021896
5.0693012099146e-07 1.749455236677e-06 0.91484028100967
6.5808274030132e-07 2.0700113054772e-06 0.91484010219574
5.4116088676892e-07 1.9846077066177e-06 0.91483986377716
7.0047599365353e-07 2.090903763019e-06 0.91483986377716
5.3154030865699e-07 2.096215439451e-06 0.91483998298645
9.8022474048776e-07 2.0021093405376e-06 0.91484028100967
8.4233039387982e-07 1.8932496459456e-06 0.91484016180038
8.8720202029435e-07 2.0407449028426e-06 0.91483992338181
1.0362866760261e-06 2.1253244995023e-06 0.91483986377716
8.5838127006355e-07 2.6311470264773e-06 0.91484004259109
6.6245706875634e-07 2.6716472802946e-06 0.91484022140503
3.9615071045773e-07 2.7695227799995e-06 0.91484010219574
3.8923667489144e-07 2.9928276035207e-06 0.91484040021896
5.0721320121738e-07 3.1152239898802e-06 0.91484034061432
-7.9298857258436e-08 3.1229424166668e-06 0.91484034061432
-7.4052572074379e-08 3.0034541396162e-06 0.91484034061432
4.3478749489623e-08 2.6739071472548e-06 0.91484051942825
3.5042546642217e-08 2.2859983346279e-06 0.91484045982361
-4.0724373207013e-08 2.1373862182372e-06 0.91484051942825
7.305433058491e-08 2.3765073819959e-06 0.91484051942825
1.9089868885658e-07 2.468184902682e-06 0.91484075784683
-3.6478300557974e-07 2.2919468847249e-06 0.91484069824219
-8.1685277564247e-07 2.2186611658981e-06 0.91484087705612
-6.0850618410768e-07 2.0394427338033e-06 0.91484081745148
-5.4273562000162e-07 2.0375564417918e-06 0.91484087705612
-5.3387128673421e-07 1.8647225488166e-06 0.91484105587006
-5.9732172985605e-07 1.8886456700784e-06 0.91484129428864
-3.1787374155101e-07 2.3998275082704e-06 0.91484105587006
-7.8324057994905e-07 2.1970702164253e-06 0.9148411154747
-9.4266329142556e-07 2.1803120944242e-06 0.91484093666077
-1.1750934163501e-06 2.1154801288503e-06 0.91484087705612
-1.1935634347537e-06 2.558834694355e-06 0.91484081745148
-1.1828408332804e-06 2.6426369004184e-06 0.91484099626541
-1.2535723499241e-06 2.2781980533182e-06 0.91484099626541
-1.0760079476313e-06 2.2819165224064e-06 0.91484087705612
-9.1053306050526e-07 2.1977853066346e-06 0.91484099626541
-8.6043019109638e-07 1.9097858512396e-06 0.91484123468399
-5.5443399560318e-07 2.2195190467755e-06 0.91484159231186
-6.6668133058556e-07 2.6661678020901e-06 0.91484189033508
-3.5375123275116e-07 2.6255734155711e-06 0.91484177112579
-4.5030282080916e-07 2.6695979613578e-06 0.91484177112579
-1.6286624315853e-07 2.8069378004147e-06 0.91484194993973
-1.5562876853892e-07 2.9117302347004e-06 0.91484212875366
2.4732068482081e-07 2.8903316433571e-06 0.91484218835831
-0.0014767227694392 0.0061166733503342 0.91491937637329
-0.0041182735003531 0.016968376934528 0.91506224870682
-0.0068271551281214 0.027784956619143 0.9152535200119
-0.0095047950744629 0.038668353110552 0.91533756256104
-0.012966978363693 0.049089316278696 0.91533666849136
-0.017863133922219 0.058800365775824 0.91552829742432
-0.022903971374035 0.068391427397728 0.91558015346527
-0.027877796441317 0.078018449246883 0.91559958457947
-0.03275479003787 0.087750524282455 0.91571587324142
-0.038014430552721 0.097228765487671 0.91574645042419
-0.043064389377832 0.10684875398874 0.9156522154808
-0.048141703009605 0.1163295507431 0.91563963890076
-0.05321591347456 0.12597568333149 0.91559451818466
-0.058281768113375 0.13547076284885 0.91535395383835
-0.063032120466232 0.14524930715561 0.91541850566864
-0.068065203726292 0.1548533141613 0.91544073820114
-0.073291562497616 0.16438916325569 0.91551029682159
-0.078200846910477 0.17402182519436 0.91568928956985
-0.083073936402798 0.18376602232456 0.9157053232193
-0.088335737586021 0.19317847490311 0.91571485996246
-0.093364901840687 0.20280846953392 0.9156608581543
-0.098326496779919 0.21239648759365 0.91570341587067
-0.10330536216497 0.22236385941505 0.91562241315842
-0.10859482735395 0.23151841759682 0.9156534075737
-0.11359835416079 0.24114882946014 0.91563433408737
-0.11862806230783 0.25074681639671 0.91563135385513
-0.12373001873493 0.26030099391937 0.91565316915512
-0.12865819036961 0.26998299360275 0.91562360525131
-0.13360661268234 0.27967432141304 0.91567397117615
-0.13869617879391 0.28911876678467 0.915403008461
-0.14390240609646 0.29862853884697 0.91546243429184
