-0.0082823224365711 0.074443534016609 1.2798111438751 0.0025722410064191 2.0609139028238e-05 3.1388010978699 7.8031021985225e-05
-0.0073405392467976 0.084049090743065 1.261751294136 0.0025049506220967 -5.8868958149105e-05 3.1375639438629 5.2149396651657e-05
-0.0063991118222475 0.093648165464401 1.2436890602112 0.0024215243756771 9.1468755272217e-05 3.1354184150696 -4.1610375774326e-05
-0.0054620783776045 0.10325643420219 1.2256311178207 0.0023700485471636 -7.6601481850957e-06 3.134072303772 -1.4792482943449e-05
-0.0045358333736658 0.11286608874798 1.2075712680817 0.0023447033017874 -7.4619594670366e-05 3.1322431564331 -6.4176660998783e-06
-0.0036064703017473 0.12246577441692 1.1895068883896 0.0022697006352246 -3.6054370866623e-06 3.1305899620056 0.0001351703540422
-0.0026544183492661 0.13205268979073 1.1714378595352 0.0023232270032167 -0.0001234607771039 3.1284935474396 -1.216078089783e-06
-0.0017521101981401 0.14166064560413 1.153372168541 0.002417859621346 -9.8431235528551e-05 3.1268825531006 3.7112120480742e-05
-0.00081381481140852 0.15126779675484 1.1353151798248 0.0022780073340982 -2.6818048354471e-05 3.1254267692566 7.9533143434674e-05
0.00013548694550991 0.16087010502815 1.1172530651093 0.0022580262739211 -5.2035829867236e-07 3.1240265369415 4.7233232180588e-05
0.0010695140808821 0.17047061026096 1.0991902351379 0.0024785646237433 -5.8834986703005e-05 3.1222558021545 4.0346196328755e-05
0.0019813030958176 0.18006139993668 1.0811221599579 0.002480074763298 -4.8516805691179e-05 3.1205422878265 -3.4409211366437e-05
0.0029024295508862 0.1896476149559 1.0630612373352 0.0026477247010916 -0.00011026011634385 3.1182372570038 4.8049143515527e-05
0.0038683423772454 0.19926260411739 1.044996380806 0.0027062138542533 -8.7010324932635e-05 3.1175105571747 9.4668954261579e-05
0.0047931000590324 0.20884834229946 1.0269312858582 0.0030289806891233 -0.00023635682009626 3.1156532764435 4.2882264096988e-05
0.0057263635098934 0.21845483779907 1.0088704824448 0.0033641117624938 -0.00019713617803063 3.1145160198212 1.4459285466728e-06
0.0066351825371385 0.22806003689766 0.99080193042755 0.0040479982271791 -0.00028885740903206 3.1132109165192 4.7003242798382e-05
0.0075521236285567 0.23766224086285 0.97274613380432 0.0050421012565494 -0.00049129134276882 3.1117174625397 -2.0420402506716e-05
0.0085395518690348 0.24726396799088 0.95467877388 0.0070690126158297 -0.00054747075773776 3.1111876964569 1.4973225916037e-05
0.0085331816226244 0.24258157610893 0.94999414682388 0.0036486648023129 -0.00031987490365282 3.1008644104004 -0.006411783862859
0.0081896698102355 0.23298324644566 0.94999569654465 0.0028142421506345 -0.00027875631349161 3.1006381511688 -0.012829458341002
0.0078671611845493 0.22337168455124 0.94999450445175 0.0020911456085742 -8.5158972069621e-05 3.1020016670227 -0.019345823675394
0.0075243450701237 0.21378923952579 0.94999188184738 0.0015483846655115 -8.4767911175732e-05 3.1034104824066 -0.025697892531753
0.0071797743439674 0.20417681336403 0.94998663663864 0.0011488823220134 -4.2383733671159e-05 3.1040334701538 -0.032209400087595
0.0068240622058511 0.19458310306072 0.94999015331268 0.0008144683088176 -2.8353442758089e-05 3.1043248176575 -0.038857474923134
0.0065026264637709 0.18498283624649 0.94998437166214 0.00068380695302039 -8.3330560300965e-06 3.1046702861786 -0.045352809131145
0.006159882992506 0.1753848940134 0.94998669624329 0.00056750135263428 -4.6954635763541e-05 3.1046969890594 -0.051919654011726
0.0058305645361543 0.16578149795532 0.94998800754547 0.00031129200942814 -1.3803286492475e-05 3.104620218277 -0.058251570910215
0.0054850885644555 0.15618218481541 0.94998669624329 0.00012320010864642 3.1053346901899e-05 3.1047248840332 -0.064549826085567
0.0051434943452477 0.14659406244755 0.9499808549881 -6.6298634919804e-05 -3.6043074942427e-06 3.1046581268311 -0.070942595601082
0.0048178490251303 0.13699361681938 0.94998347759247 -0.00029903432005085 0.00010734099487308 3.1050815582275 -0.077187605202198
0.0044783018529415 0.12739372253418 0.94997942447662 -0.00053741340525448 3.3179709134856e-05 3.1048638820648 -0.083502538502216
0.0041173975914717 0.11780875921249 0.95000618696213 -0.00094052404165268 -2.1870242562727e-05 3.1049427986145 -0.089227117598057
0.0038107959553599 0.10817268490791 0.95004761219025 -0.0015679692151025 7.5664451287594e-05 3.1049280166626 -0.094345845282078
0.0034620109945536 0.098567724227905 0.95004034042358 -0.0012305086711422 6.7969864176121e-05 3.1047623157501 -0.09950228780508
0.0031794346868992 0.090072602033615 0.95420980453491 -0.0038278705906123 -0.00011341796198394 3.1060426235199 -0.10343875735998
0.0031429892405868 0.089953526854515 1.0015659332275 -0.010064869187772 0.00077540060738102 3.1064977645874 -0.10493332147598
0.0031625991687179 0.089958712458611 1.0495209693909 -0.008373798802495 0.00066858861828223 3.1066806316376 -0.10636575520039
0.0031532011926174 0.08994622528553 1.0975278615952 -0.007264768704772 0.00029518711380661 3.1068091392517 -0.10768063366413
0.0031444747000933 0.089936122298241 1.14555311203 -0.0063687693327665 0.00037692612386309 3.1062936782837 -0.10880511254072
0.0031534656882286 0.089919403195381 1.1935255527496 -0.0054946867749095 0.00052604969823733 3.1065254211426 -0.11046352237463
0.0031382106244564 0.089917317032814 1.2415360212326 -0.0051212934777141 0.00032652012305334 3.1053903102875 -0.11193419247866
