0.0075446106493473 0.27912041544914 -1.8445587158203 -1.5786900520325 -1.5604450702667 0.00012512855755631 7.8031021985225e-05
0.012141797691584 0.30344340205193 -1.9073944091797 -1.5400466918945 -1.554211139679 0.00012894325482193 5.2149396651657e-05
0.017131898552179 0.32658192515373 -1.9689011573792 -1.5016119480133 -1.5474555492401 4.8834612243809e-05 -4.1610375774326e-05
0.022504899650812 0.34854838252068 -2.0292146205902 -1.4631750583649 -1.5402810573578 0.0001089160941774 -1.4792482943449e-05
0.02818975225091 0.36929509043694 -2.0884363651276 -1.4247410297394 -1.5332021713257 0.00014038734661881 -6.4176660998783e-06
0.03463277593255 0.38886877894402 -2.1467878818512 -1.3858790397644 -1.5247437953949 0.00014706306683365 0.0001351703540422
0.041487786918879 0.40708491206169 -2.20427775383 -1.3466136455536 -1.5163135528564 0.00024910620413721 -1.216078089783e-06
0.048983190208673 0.42390105128288 -2.260972738266 -1.3068306446075 -1.5071947574615 0.00025768927298486 3.7112120480742e-05
0.057339284569025 0.43928095698357 -2.3171379566193 -1.2659204006195 -1.4971992969513 0.00018139532767236 7.9533143434674e-05
0.066691964864731 0.4529113471508 -2.3726899623871 -1.2240521907806 -1.4859776496887 0.00023098639212549 4.7233232180588e-05
0.076972097158432 0.46462056040764 -2.4277379512787 -1.1807947158813 -1.4740912914276 0.00030394247733057 4.0346196328755e-05
0.088434785604477 0.47401234507561 -2.4824361801147 -1.135555267334 -1.4611594676971 0.00033112219534814 -3.4409211366437e-05
0.10162171721458 0.48078534007072 -2.5368323326111 -1.0880799293518 -1.4461071491241 0.00044174841605127 4.8049143515527e-05
0.11648139357567 0.48430773615837 -2.5910797119141 -1.0374886989594 -1.4300248622894 0.00051613501273096 9.4668954261579e-05
0.13377866148949 0.48376652598381 -2.6452488899231 -0.9830846786499 -1.4111971855164 0.00062485388480127 4.2882264096988e-05
0.15410384535789 0.47807309031487 -2.6995394229889 -0.92351126670837 -1.3894414901733 0.00080414465628564 1.4459285466728e-06
0.17815646529198 0.46539065241814 -2.7541484832764 -0.85681772232056 -1.3641939163208 0.0010692661162466 4.7003242798382e-05
0.20776852965355 0.44323202967644 -2.8093810081482 -0.7805540561676 -1.3333442211151 0.0015465801116079 -2.0420402506716e-05
0.24503430724144 0.40695378184319 -2.865669965744 -0.69014286994934 -1.2954485416412 0.0022823398467153 1.4973225916037e-05
0.24647626280785 0.34861609339714 -2.8672275543213 -0.62662172317505 -1.283588886261 0.0012352054473013 -0.006411783862859
0.21862658858299 0.28975674510002 -2.8439564704895 -0.59027433395386 -1.3108570575714 0.00092716864310205 -0.012829458341002
0.19382247328758 0.23915907740593 -2.8201990127563 -0.56263494491577 -1.3375141620636 0.00057860068045557 -0.019345823675394
0.17412146925926 0.1956453025341 -2.7964520454407 -0.54232406616211 -1.3584229946136 0.00043745688162744 -0.025697892531753
0.158004373312 0.15721127390862 -2.77268409729 -0.52724242210388 -1.3752570152283 0.00025053671561182 -0.032209400087595
0.14434108138084 0.12269255518913 -2.7488453388214 -0.51623487472534 -1.3894312381744 0.00019379309378564 -0.038857474923134
0.13301286101341 0.091318577528 -2.7249665260315 -0.50862812995911 -1.4008553028107 0.00017805746756494 -0.045352809131145
0.12302550673485 0.062269181013107 -2.7010521888733 -0.50327944755554 -1.4109389781952 0.00011416128836572 -0.051919654011726
0.11434707045555 0.035183399915695 -2.6770553588867 -0.50000596046448 -1.4194922447205 3.5483157262206e-05 -0.058251570910215
0.10633954405785 0.0096416175365448 -2.652951002121 -0.49836015701294 -1.4277303218842 5.5748736485839e-05 -0.064549826085567
0.099468797445297 -0.014489680528641 -2.6288554668427 -0.49812459945679 -1.434427022934 -4.0095532312989e-05 -0.070942595601082
0.093011945486069 -0.037519961595535 -2.6045913696289 -0.49912571907043 -1.4410862922668 -9.0401852503419e-05 -0.077187605202198
0.087360471487045 -0.059592515230179 -2.5803215503693 -0.50102663040161 -1.4465579986572 -0.00010613747872412 -0.083502538502216
0.082063764333725 -0.080868512392044 -2.5558669567108 -0.50406885147095 -1.4518058300018 -0.00014476128853858 -0.089227117598057
0.07729110121727 -0.10136845707893 -2.5311858654022 -0.50826525688171 -1.4566562175751 0.00017972639761865 -0.094345845282078
0.072839826345444 -0.12115600705147 -2.5065786838531 -0.51289319992065 -1.4611856937408 -8.3249295130372e-05 -0.09950228780508
0.068640321493149 -0.12495186924934 -2.4822781085968 -0.52983665466309 -1.4665594100952 -0.00029830285347998 -0.10343875735998
0.068202584981918 0.016668051481247 -2.4356467723846 -0.71200132369995 -1.4677650928497 -0.0014186317566782 -0.10493332147598
0.068184942007065 0.13185283541679 -2.3687875270844 -0.89573955535889 -1.4678208827972 -0.0012057239655405 -0.10636575520039
0.0682393014431 0.21734544634819 -2.2877135276794 -1.0636134147644 -1.4676334857941 -0.0010087902192026 -0.10768063366413
0.068311780691147 0.27659675478935 -2.1949801445007 -1.2162299156189 -1.4674141407013 -0.0008511955384165 -0.10880511254072
0.068348497152328 0.31324979662895 -2.0921595096588 -1.3562948703766 -1.4673218727112 -0.0010533744934946 -0.11046352237463
0.068451017141342 0.33128520846367 -1.9799768924713 -1.4869232177734 -1.4670128822327 -0.00082997628487647 -0.11193419247866
