5.1789657007362e-09 6.5497005152793e-07 0.91483938694
8.0805534707906e-08 9.1587673978211e-07 0.91483956575394
-7.1182533645242e-08 1.121109221458e-06 0.91483974456787
-1.336020858389e-07 1.5643937558707e-06 0.91483980417252
-2.9825801561856e-07 2.0767479327333e-06 0.91483992338181
-1.6166330851775e-07 2.2370443275577e-06 0.91484004259109
-2.8013135988658e-07 2.1200507944741e-06 0.91484016180038
-2.5675691972538e-07 1.6783046703495e-06 0.91484040021896
2.4490782379871e-07 2.0380839487188e-06 0.91484028100967
7.7529239206342e-07 2.1137766452739e-06 0.91484040021896
1.3193285042234e-07 2.8788927011192e-06 0.91484069824219
4.363064576296e-09 3.2826435472089e-06 0.91484087705612
1.4938342118853e-08 3.3171613722516e-06 0.91484087705612
2.2886111139542e-07 3.6165581605019e-06 0.91484099626541
-7.8270687708937e-09 3.7435384001583e-06 0.9148411154747
6.5969544493782e-08 3.2631551221129e-06 0.9148411154747
-7.5136519228636e-08 3.2350171750295e-06 0.91484105587006
1.0440386688515e-07 3.1765850962984e-06 0.91484093666077
-1.3447480462503e-08 3.0296077966341e-06 0.9148411154747
6.0706511817443e-08 2.9490468023141e-06 0.91484087705612
3.0243512583183e-07 3.1549423056276e-06 0.91484081745148
1.626315224712e-07 3.0595642783737e-06 0.91484075784683
6.6341863202979e-07 3.021505790457e-06 0.91484081745148
5.5409543620044e-07 3.4469528600312e-06 0.91484075784683
4.3851073883161e-07 3.3599360449443e-06 0.91484063863754
5.2668525540867e-07 3.0917894946469e-06 0.91484069824219
2.7747790909416e-07 2.5711769922054e-06 0.91484093666077
1.6351290810235e-07 2.4919577299443e-06 0.91484069824219
-1.6763895871463e-07 2.3516324745287e-06 0.91484063863754
1.4837142714441e-07 2.5980775717471e-06 0.91484093666077
3.4694176065386e-07 2.856806077034e-06 0.91484087705612
8.9393221713863e-09 2.7729593057302e-06 0.91484105587006
-0.0001582738768775 -0.0012963231420144 0.91509830951691
-0.00047143155825324 -0.0040381359867752 0.91640555858612
-0.0006243982934393 -0.0065834075212479 0.91769820451736
-0.00026347028324381 -0.0095918010920286 0.92242777347565
-6.3872896134853e-05 -0.0087566068395972 0.96968483924866
0.0001198506433866 -0.0076890815980732 1.0165774822235
0.00026880993391387 -0.006657874211669 1.0636694431305
0.00011796683975263 -0.0060060201212764 1.1108849048615
5.7850909797708e-05 -0.0048237638548017 1.1575739383698
-5.8363923017168e-05 -0.0038470686413348 1.204302072525
