-0.013193774968386 0.07444055378437 1.2791700363159 0.0025744275189936 6.1752056353725e-05 -3.1259183883667 2.2262308903009e-06
-0.014888152480125 0.084049314260483 1.2607392072678 0.0024293265305459 0.00023287427029572 -3.1165819168091 1.8250775610795e-05
-0.016603041440248 0.093665599822998 1.2423369884491 0.0025465211365372 0.00021974623086862 -3.1082739830017 6.2506602262147e-05
-0.018301708623767 0.10326108336449 1.2239111661911 0.0024082807358354 0.00012545654317364 -3.0988299846649 5.8354238717584e-05
-0.020049840211868 0.11285004019737 1.2054916620255 0.002424337901175 0.00024922171724029 -3.0909204483032 3.3543023164384e-05
-0.021774861961603 0.12245056033134 1.1870789527893 0.0025064775254577 0.0002628440852277 -3.0822594165802 1.5862270856815e-06
-0.02347506955266 0.13206180930138 1.1686660051346 0.0024876624811441 0.00025963631924242 -3.0732486248016 2.4873748770915e-05
-0.025154434144497 0.14166995882988 1.1502474546432 0.0024319940712303 0.00042124869651161 -3.0636353492737 1.376769887429e-06
-0.026851873844862 0.15126655995846 1.1318274736404 0.0025751406792551 0.00033300241921097 -3.0549936294556 -1.3928392945672e-06
-0.028605379164219 0.16085554659367 1.1134022474289 0.0026524746790528 0.00046695387572981 -3.0469124317169 1.3925267012382e-05
-0.030295558273792 0.17046758532524 1.0949932336807 0.002786154858768 0.00055371306370944 -3.0377576351166 2.0652887542383e-05
-0.032028373330832 0.18004220724106 1.0765631198883 0.0031481285113841 0.00068611680762842 -3.0298972129822 6.9518819145742e-06
-0.03372099250555 0.18965816497803 1.0581443309784 0.0033045585732907 0.00083080737385899 -3.0208966732025 0.00013779768778477
-0.03543171659112 0.19927352666855 1.0397266149521 0.0037101418711245 0.00099555461201817 -3.0117919445038 4.8623944167048e-05
-0.037157781422138 0.20884655416012 1.0213105678558 0.004257776774466 0.001002220553346 -3.0041611194611 -2.5732259018696e-05
-0.038848865777254 0.21846078336239 1.0028893947601 0.0049611870199442 0.0013206653529778 -2.9951729774475 7.5764008215629e-05
-0.040553417056799 0.22806470096111 0.98447012901306 0.0058277095668018 0.0014441305538639 -2.9860417842865 7.0086010964587e-05
-0.042302884161472 0.23764671385288 0.96605312824249 0.0069593279622495 0.0020228438079357 -2.9782302379608 4.9620506615611e-05
-0.043559491634369 0.24483220279217 0.95011389255524 0.0050814375281334 0.001698914100416 -2.9671108722687 -0.0027153808623552
-0.041892841458321 0.23535199463367 0.94998586177826 0.00032855066820048 9.0959307271987e-05 -2.9635682106018 -0.0091046672314405
-0.04015739262104 0.22578781843185 0.94998520612717 0.00011485208960949 2.3242084353114e-05 -2.9629514217377 -0.015703082084656
-0.038463771343231 0.21617195010185 0.9499843120575 0.00017497189401183 -6.6994965891354e-05 -2.9635636806488 -0.022057119756937
-0.03675439953804 0.20657692849636 0.94999003410339 -3.5158664104529e-06 -8.5407467850018e-05 -2.9637513160706 -0.028249818831682
-0.035061378031969 0.19696554541588 0.94998347759247 1.6230264009209e-05 4.5555329961644e-06 -2.9641389846802 -0.034758467227221
-0.033337470144033 0.18738479912281 0.94998395442963 -0.00010832423140528 1.4530269254465e-06 -2.9633874893188 -0.041045945137739
-0.031643081456423 0.17777849733829 0.94998514652252 -0.00016415574646089 5.5013251767377e-06 -2.9637541770935 -0.047434911131859
-0.029926791787148 0.16817428171635 0.94998276233673 -0.00018343393458053 -6.9910034653731e-05 -2.9637715816498 -0.053880710154772
-0.028223589062691 0.15857870876789 0.94998782873154 -0.00039222664781846 -0.00012185309606139 -2.96377825737 -0.060286618769169
-0.026526909321547 0.14899224042892 0.94997876882553 -0.00035816800664179 -0.00011094890942331 -2.9639356136322 -0.066751293838024
-0.024807684123516 0.13937856256962 0.94997429847717 -0.00040688444278203 -7.8284239862114e-05 -2.9638974666595 -0.073064334690571
-0.023102108389139 0.12978187203407 0.94997376203537 -0.0007424927316606 -0.00014240271411836 -2.9635992050171 -0.079269014298916
-0.021402031183243 0.12017571926117 0.94997096061707 -0.0010313712991774 -0.00012538411829155 -2.9636745452881 -0.085596419870853
-0.019701305776834 0.11056564748287 0.95003461837769 -0.0011639768490568 -0.0002655707357917 -2.9639778137207 -0.090252801775932
-0.017991922795773 0.10093550384045 0.94998407363892 -0.0013362308964133 0.00024108454817906 -2.9642579555511 -0.095432348549366
-0.016312550753355 0.091373860836029 0.9500487446785 -0.0020919442176819 0.00013210032193456 -2.9646863937378 -0.10045590251684
-0.015768267214298 0.088634192943573 0.98412108421326 -0.0095702446997166 -0.002602209104225 -2.9651443958282 -0.10166627913713
-0.015779968351126 0.088627502322197 1.0320925712585 -0.0085896709933877 -0.0022624700795859 -2.965635061264 -0.10254712402821
-0.015767350792885 0.088589012622833 1.0800758600235 -0.0075386795215309 -0.002340015489608 -2.9651668071747 -0.10337326675653
-0.015769276767969 0.088551878929138 1.1280696392059 -0.0070069823414087 -0.0017398770432919 -2.9655265808105 -0.10469870269299
-0.01578127220273 0.088571295142174 1.1760808229446 -0.0067395567893982 -0.0016757867997512 -2.9651634693146 -0.10572910308838
-0.0157630443573 0.088586077094078 1.2240959405899 -0.0059183975681663 -0.0017715522553772 -2.9654457569122 -0.10651972144842
