-0.018547680228949 0.27200362086296 -1.8411786556244 -1.5749580860138 -1.6050219535828 -2.9128263122402e-05 2.2262308903009e-06
-0.029718305915594 0.29156205058098 -1.9018535614014 -1.5337221622467 -1.6249883174896 -0.00011781997454818 1.8250775610795e-05
-0.04163971170783 0.30926987528801 -1.9609096050262 -1.492356300354 -1.6458876132965 -0.00030831643380225 6.2506602262147e-05
-0.054249908775091 0.32496592402458 -2.0185174942017 -1.450427532196 -1.6669976711273 -0.00018410035409033 5.8354238717584e-05
-0.067907005548477 0.33857676386833 -2.0747470855713 -1.4077701568604 -1.6896812915802 -0.00034384080208838 3.3543023164384e-05
-0.082410484552383 0.34986016154289 -2.1296141147614 -1.3642609119415 -1.712771654129 -0.00042561837472022 1.5862270856815e-06
-0.098061472177505 0.35861441493034 -2.1832275390625 -1.3194086551666 -1.7373425960541 -0.00046185799874365 2.4873748770915e-05
-0.11493912339211 0.36444422602654 -2.2355790138245 -1.2728931903839 -1.7632083892822 -0.00062493630684912 1.376769887429e-06
-0.13290229439735 0.36710593104362 -2.2866773605347 -1.2245848178864 -1.7898826599121 -0.00070456811226904 -1.3928392945672e-06
-0.15231719613075 0.36597391963005 -2.3364534378052 -1.1738324165344 -1.8178234100342 -0.00082854577340186 1.3925267012382e-05
-0.17322102189064 0.36063429713249 -2.3848872184753 -1.1202557086945 -1.8475425243378 -0.0010459835175425 2.0652887542383e-05
-0.1956390440464 0.35032603144646 -2.4319190979004 -1.063179731369 -1.8784444332123 -0.0012054855469614 6.9518819145742e-06
-0.21987000107765 0.33424517512321 -2.4773807525635 -1.0019912719727 -1.9113433361053 -0.0014431888703257 0.00013779768778477
-0.24617925286293 0.31136128306389 -2.5210797786713 -0.93584752082825 -1.9465413093567 -0.0018310958985239 4.8623944167048e-05
-0.27431789040565 0.28068062663078 -2.5627708435059 -0.86415410041809 -1.9831371307373 -0.0022674018982798 -2.5732259018696e-05
-0.30444350838661 0.24104496836662 -2.6022408008575 -0.78594493865967 -2.0215923786163 -0.0028839523438364 7.5764008215629e-05
-0.33725300431252 0.19079300761223 -2.6388494968414 -0.70024275779724 -2.0632755756378 -0.0036993438843638 7.0086010964587e-05
-0.3721629679203 0.12914749979973 -2.6722886562347 -0.60672211647034 -2.1063716411591 -0.004940789192915 4.9620506615611e-05
-0.40279403328896 0.062090367078781 -2.6970858573914 -0.51282835006714 -2.1477646827698 -0.0041082315146923 -0.0027153808623552
-0.3743089735508 0.046301811933517 -2.68718791008 -0.50097942352295 -2.123131275177 -0.00013045594096184 -0.0091046672314405
-0.34527459740639 0.033087223768234 -2.675274848938 -0.4994797706604 -2.0942165851593 5.6225806474686e-05 -0.015703082084656
-0.31833925843239 0.019336670637131 -2.6623883247375 -0.49855971336365 -2.0671870708466 -3.0320137739182e-05 -0.022057119756937
-0.29334965348244 0.0051974952220917 -2.6486659049988 -0.49806714057922 -2.041880607605 6.7908316850662e-05 -0.028249818831682
-0.27035775780678 -0.0093922913074493 -2.6340494155884 -0.49807500839233 -2.0186448097229 1.3548880815506e-05 -0.034758467227221
-0.24953332543373 -0.024386197328568 -2.6185078620911 -0.49853420257568 -1.9984922409058 6.5524131059647e-05 -0.041045945137739
-0.22978654503822 -0.039366513490677 -2.6024599075317 -0.49957537651062 -1.9782943725586 0.00010700896382332 -0.047434911131859
-0.21165481209755 -0.054585963487625 -2.5857119560242 -0.50101923942566 -1.9601814746857 0.00012226775288582 -0.053880710154772
-0.1950127184391 -0.069911032915115 -2.5683102607727 -0.50291061401367 -1.9437379837036 0.00024910643696785 -0.060286618769169
-0.17929235100746 -0.085190564393997 -2.5504388809204 -0.5054771900177 -1.9276707172394 0.00020571425557137 -0.066751293838024
-0.16479936242104 -0.10053804516792 -2.5319864749908 -0.50848841667175 -1.9131228923798 0.00021286681294441 -0.073064334690571
-0.15153828263283 -0.11603429913521 -2.5130009651184 -0.51163959503174 -1.9002737998962 0.00027771666646004 -0.079269014298916
-0.13904967904091 -0.13143089413643 -2.4936034679413 -0.51536750793457 -1.8878989219666 0.00034733489155769 -0.085596419870853
-0.12720337510109 -0.14665797352791 -2.4736766815186 -0.52026534080505 -1.8757076263428 0.00026293471455574 -0.090252801775932
-0.11615720391273 -0.16194942593575 -2.453399181366 -0.52524876594543 -1.8644003868103 0.00010557845234871 -0.095432348549366
-0.1058649122715 -0.17705538868904 -2.4327490329742 -0.53084063529968 -1.8540041446686 0.00013561919331551 -0.10045590251684
-0.10247936844826 -0.082631140947342 -2.4004936218262 -0.64773893356323 -1.849452495575 0.003812987357378 -0.10166627913713
-0.10257545113564 0.036508530378342 -2.3431768417358 -0.82523369789124 -1.849755525589 0.0035588331520557 -0.10254712402821
-0.10257092118263 0.12902018427849 -2.2705430984497 -0.99151635169983 -1.8497722148895 0.003296572715044 -0.10337326675653
-0.10250702500343 0.1965579688549 -2.185163974762 -1.1452858448029 -1.8496339321136 0.0030533857643604 -0.10469870269299
-0.10252538323402 0.24204298853874 -2.0887477397919 -1.2876300811768 -1.8495359420776 0.0027205534279346 -0.10572910308838
-0.10238209366798 0.26840159296989 -1.9823844432831 -1.4205672740936 -1.8491997718811 0.0026480741798878 -0.10651972144842
