2.5479209853074e-07 -3.1581768666911e-07 0.91483932733536
7.5683635714086e-07 -1.2279311079055e-07 0.91483944654465
4.1516116766616e-07 2.2177553660185e-07 0.91483944654465
4.1307023934678e-07 6.6628535932978e-07 0.91483956575394
7.2375189574814e-07 9.643940757087e-07 0.91483950614929
8.1483949543326e-07 8.9535529923523e-07 0.91483944654465
1.3059632237855e-06 1.0546990552029e-06 0.91483914852142
1.4946904229873e-06 1.1171185860803e-06 0.91483914852142
1.704760506982e-06 1.417125304215e-06 0.91483920812607
1.5377996760435e-06 1.4610349126087e-06 0.91483920812607
1.1649674434011e-06 1.3914487908551e-06 0.91483914852142
9.8440341389505e-07 1.6726573903725e-06 0.91483896970749
1.0808120123329e-06 1.7184635225931e-06 0.91483926773071
9.3169933279569e-07 1.6606327335467e-06 0.91483938694
3.3980342095674e-07 1.7609987708056e-06 0.91483944654465
4.3603296262518e-07 1.89538820905e-06 0.91483956575394
7.0242083438643e-07 1.5804157555976e-06 0.91483986377716
6.0326294715196e-07 1.7159164826808e-06 0.91484004259109
1.099964720197e-06 1.356870257041e-06 0.91483992338181
8.3864387079302e-07 1.1541638968993e-06 0.91483980417252
8.2493977515696e-07 7.5612177852236e-07 0.91483986377716
1.0558347867118e-06 5.634674380417e-07 0.91483992338181
1.0472679150553e-06 6.3561958540959e-07 0.91483986377716
1.0011661970566e-06 6.3674463035568e-07 0.91483986377716
7.0697126375308e-07 3.1937665312398e-07 0.91483980417252
6.3927853943824e-07 -1.7266485485834e-07 0.91483992338181
5.1846001269951e-07 1.9501571557612e-07 0.91484010219574
6.0478913610496e-07 -8.303503307161e-08 0.91484022140503
3.8799646517873e-07 -3.7295720289876e-07 0.91484045982361
1.1387551523967e-07 -5.7979895018434e-07 0.91484069824219
1.3447176172576e-07 -1.0575156466075e-06 0.91484063863754
1.260573867512e-07 -8.3543375239969e-07 0.9148405790329
0.00066912430338562 -0.0031670380849391 0.9164707660675
0.0010192634072155 -0.0060326959937811 0.91798412799835
0.0013936043251306 -0.0090933442115784 0.91954201459885
0.0020268938969821 -0.010988782159984 0.95344758033752
0.0020866096019745 -0.010413271375 1.0004405975342
0.0020529788453132 -0.0098519874736667 1.0477501153946
0.0020444898400456 -0.0089159235358238 1.0948539972305
0.001792794209905 -0.0081701213493943 1.142063498497
0.0018304113764316 -0.0076781618408859 1.1891688108444
