-0.0038594696670771 0.047657802700996 1.2998822927475 0.0009497077553533 3.4147702535847e-05 3.0586502552032 6.4999476308003e-05
-0.00053515657782555 0.042799413204193 1.2927817106247 0.0010213677305728 -7.8388889960479e-05 3.0109720230103 2.1795276552439e-05
0.0027965642511845 0.037896946072578 1.285653591156 0.0010356496786699 -0.00010418537567602 2.9626007080078 7.9065357567742e-05
0.0060974135994911 0.03303587436676 1.278581738472 0.00094938895199448 -0.00024479947751388 2.9143879413605 4.1074512409978e-05
0.0094401240348816 0.028171971440315 1.2714706659317 0.0010261927964166 -0.00032218924025074 2.8666396141052 1.3913142538513e-05
0.012734476476908 0.02331206202507 1.2643736600876 0.0009035287075676 -0.00029678072314709 2.8178491592407 3.873376044794e-05
0.016063407063484 0.018406063318253 1.2572436332703 0.00099495879840106 -0.00035758939338848 2.769716501236 8.5880979895592e-05
0.019356653094292 0.013557225465775 1.2501690387726 0.00090396514860913 -0.00053489254787564 2.7217903137207 1.0032362297352e-05
0.022708103060722 0.0086796283721924 1.2430438995361 0.0011131084756926 -0.00045872942428105 2.6738629341125 2.070028676826e-05
0.026026234030724 0.0037963688373566 1.2359428405762 0.00098991696722806 -0.00074531493009999 2.6252870559692 7.1084286901169e-05
0.02932633459568 -0.0010857060551643 1.2288386821747 0.00082840520190075 -0.00072111788904294 2.577606678009 5.2069590310566e-05
0.032653704285622 -0.0059313252568245 1.2217435836792 0.00093556940555573 -0.00071167765418068 2.5292842388153 8.2455189840402e-05
0.035961411893368 -0.010787464678288 1.214652299881 0.00097653904231265 -0.00076276814797893 2.4811215400696 6.4599102188367e-05
0.039301440119743 -0.015687175095081 1.2075172662735 0.00084673560922965 -0.00088976172264665 2.4330945014954 2.2808579160483e-05
0.04262113571167 -0.020550861954689 1.2004251480103 0.0008408862631768 -0.00080430245725438 2.3852927684784 1.2248703569639e-05
0.045914381742477 -0.025425732135773 1.1933252811432 0.00070369907189161 -0.00092447135830298 2.3368439674377 -1.1245376299485e-05
0.049254536628723 -0.030318133533001 1.18621301651 0.00085332320304587 -0.00079418485984206 2.2889037132263 -2.7171856345376e-05
0.052560433745384 -0.035176217556 1.1791144609451 0.00073377077933401 -0.00081916607450694 2.2407212257385 4.4994230847806e-05
0.055879294872284 -0.040030524134636 1.1720117330551 0.00057831627782434 -0.00086069328244776 2.1926336288452 2.4042665245361e-06
0.059208944439888 -0.044908709824085 1.1649174690247 0.00060689763631672 -0.00065829424420372 2.1447157859802 -3.0794899430475e-06
0.062524452805519 -0.049774263054132 1.1577948331833 0.00048622157191858 -0.0004201945848763 2.0967574119568 5.3206294978736e-05
0.065841898322105 -0.054668802767992 1.1506718397141 0.00031667880830355 -0.00036669152905233 2.0488913059235 7.799691229593e-05
0.06914696097374 -0.059512604027987 1.1435898542404 5.0943686801475e-05 -0.00020936617511325 2.0000443458557 2.760831375781e-05
0.072467125952244 -0.064412169158459 1.136505484581 4.8301502829418e-05 -0.00014997138350736 1.9520829916 2.0917752408423e-05
0.075776010751724 -0.069272205233574 1.1293803453445 0.00025406808708794 4.0235659980681e-05 1.9042532444 1.4278373328125e-06
0.079124391078949 -0.074157275259495 1.122251868248 0.00018115995044354 -0.00033244723454118 1.8568700551987 -1.4118072613201e-05
0.082436189055443 -0.079017907381058 1.1151540279388 0.00038462958764285 -0.00086785666644573 1.8087794780731 0.0001391546393279
0.085744984447956 -0.083902359008789 1.1080403327942 0.00075759249739349 -0.0014676643768325 1.7605675458908 4.9195088649867e-05
0.089071229100227 -0.088761046528816 1.1009314060211 0.00068226311122999 -0.0019853203557432 1.7125613689423 8.6750205809949e-06
0.092385515570641 -0.093628913164139 1.0938115119934 0.00055639597121626 -0.0022425814531744 1.6649407148361 1.4071239320401e-06
0.095695443451405 -0.098488263785839 1.0867412090302 0.00044443015940487 -0.0022668968886137 1.6170201301575 2.212466642959e-05
0.099000990390778 -0.10336639732122 1.0796554088593 0.00026566133601591 -0.0023435454349965 1.568502664566 1.8821743651642e-05
0.1023296713829 -0.10820898413658 1.0725871324539 9.0991481556557e-05 -0.0021898439154029 1.5206435918808 -2.885749017878e-05
0.10565074533224 -0.1131347566843 1.0654224157333 0.00023181752476376 -0.001966085517779 1.4732924699783 -1.27135490402e-05
0.1089673563838 -0.11799019575119 1.0583171844482 8.8039640104398e-05 -0.0018198551842943 1.4245901107788 1.2986485671718e-05
0.11227837204933 -0.1228609085083 1.0512149333954 0.00015766578144394 -0.0018226044485345 1.3769084215164 5.4480078688357e-05
0.11559499800205 -0.1277246773243 1.0440994501114 4.2996729462175e-05 -0.0017936304211617 1.328345656395 4.0500173781766e-05
0.11891850829124 -0.13261167705059 1.0369702577591 5.9074685850646e-05 -0.0016511182766408 1.2808729410172 -2.4525379558327e-05
0.12224290519953 -0.13748323917389 1.0298439264297 -0.00011981548595941 -0.0018078191205859 1.2326191663742 0.00010016345913755
0.1255598962307 -0.14231769740582 1.0227739810944 -0.00025637494400144 -0.00176207406912 1.1843690872192 1.1008267392754e-05
0.12886872887611 -0.14719469845295 1.0156868696213 -0.00029959771200083 -0.0017076233634725 1.1364767551422 0.00013374182162806
0.13218462467194 -0.15208965539932 1.008584022522 -0.00044560909736902 -0.0016076938482001 1.0889484882355 -6.1081987041689e-06
0.13548827171326 -0.15695616602898 1.0014387369156 -0.00040978580364026 -0.0016548549756408 1.0410043001175 2.2434604034061e-05
0.13883404433727 -0.16182395815849 0.99435687065125 -0.00062587496358901 -0.0015678885392845 0.9927921295166 0.00015564322529826
0.14212837815285 -0.16668909788132 0.98725473880768 -0.00060088734608144 -0.0016461603809148 0.94480293989182 4.3688702135114e-05
0.14544826745987 -0.17156887054443 0.98010671138763 -0.00078396068420261 -0.0016754012322053 0.89678317308426 6.198944447533e-06
0.14878511428833 -0.17644932866096 0.97314417362213 -0.0009641025098972 -0.0018525545019656 0.84887135028839 -2.6389432150609e-06
0.15208512544632 -0.181301176548 0.96587991714478 -0.0011301367776468 -0.0016898505855352 0.80093997716904 1.5308856973206e-06
0.15539927780628 -0.18617138266563 0.95883679389954 -0.0013592675095424 -0.0017528112512082 0.75368428230286 4.2065737943631e-05
0.1587135642767 -0.19104659557343 0.95161855220795 -0.0014890843303874 -0.0018662986112759 0.70551866292953 1.9445189536782e-05
0.15358775854111 -0.18511986732483 0.94981014728546 0.002873508958146 0.0026618076954037 0.6916521191597 -0.0072041600942612
0.14562644064426 -0.17552375793457 0.94977486133575 0.0024320473894477 0.0022414666600525 0.69141721725464 -0.013358797878027
0.13766780495644 -0.16590887308121 0.94978332519531 0.0021348961163312 0.0021288611460477 0.69193798303604 -0.019846001639962
0.12968607246876 -0.15628665685654 0.94984543323517 0.00192279915791 0.0018728607101366 0.6909721493721 -0.025897221639752
0.12173829972744 -0.14669314026833 0.94984912872314 0.0017065794672817 0.0015419713454321 0.69181931018829 -0.032023098319769
0.11376471817493 -0.13709473609924 0.94981837272644 0.0017683467594907 0.0015485583571717 0.6919070482254 -0.038521762937307
0.10580816864967 -0.12751320004463 0.94987893104553 0.0014527959283441 0.0013692716602236 0.69226294755936 -0.04483537748456
0.097842261195183 -0.11790454387665 0.9498028755188 0.0016454125288874 0.0012464759638533 0.69187986850739 -0.051201853901148
0.089883401989937 -0.10829032957554 0.94981414079666 0.001474347896874 0.001076806220226 0.69169008731842 -0.057700529694557
0.081929430365562 -0.098705276846886 0.94979280233383 0.0014059797395021 0.001186138135381 0.69193285703659 -0.063940122723579
0.073956415057182 -0.089099034667015 0.94981724023819 0.0013032930437475 0.0012040155706927 0.69210594892502 -0.070347741246223
0.065982565283775 -0.079496785998344 0.94984883069992 0.0012116990983486 0.0010750808287412 0.69197064638138 -0.076777964830399
0.058033317327499 -0.069907322525978 0.94991236925125 0.0010499140480533 0.0010143661638722 0.69234895706177 -0.08293879032135
0.057485073804855 -0.069253653287888 0.9927214384079 -0.001294371089898 -0.0017879790393636 0.69303739070892 -0.089006245136261
0.05749686062336 -0.069254994392395 1.0408260822296 -0.0012198458425701 -0.001910574734211 0.69324958324432 -0.088570952415466
0.057483822107315 -0.069317400455475 1.0887153148651 -0.0014588506892323 -0.0023889127187431 0.69333845376968 -0.088894434273243
0.057490438222885 -0.069335758686066 1.1367065906525 -0.0014126363676041 -0.0024540473241359 0.69379085302353 -0.088754169642925
0.057506203651428 -0.06931659579277 1.1847621202469 -0.0016617621295154 -0.0024665505625308 0.69365590810776 -0.088343396782875
0.057525858283043 -0.069369927048683 1.232694029808 -0.00074475776636973 -0.0027230377309024 0.69427537918091 -0.088086098432541
