0.054927919059992 0.22418257594109 -1.7537705898285 -1.6129553318024 -1.4331252574921 0.00014110260235611 6.4999476308003e-05
0.084648221731186 0.21787020564079 -1.7670474052429 -1.5933940410614 -1.3554537296295 0.00028081587515771 2.1795276552439e-05
0.11333760619164 0.20949074625969 -1.7787466049194 -1.5733938217163 -1.278475522995 0.0003695075865835 7.9065357567742e-05
0.14075860381126 0.19929739832878 -1.7888827323914 -1.5529389381409 -1.202645778656 0.00039477995596826 4.1074512409978e-05
0.16672858595848 0.18717762827873 -1.7974014282227 -1.5324008464813 -1.1287024021149 0.00050111464224756 1.3913142538513e-05
0.19131001830101 0.1731433570385 -1.8042016029358 -1.5116086006165 -1.0558369159698 0.00066562346182764 3.873376044794e-05
0.21428927779198 0.15719744563103 -1.8093295097351 -1.4906640052795 -0.9848051071167 0.00071759871207178 8.5880979895592e-05
0.23575219511986 0.13972660899162 -1.8127975463867 -1.4697756767273 -0.915207862854 0.00089021376334131 1.0032362297352e-05
0.25574263930321 0.12043711543083 -1.8144936561584 -1.4490034580231 -0.84709095954895 0.001025635516271 2.070028676826e-05
0.27412566542625 0.099713295698166 -1.8145215511322 -1.4283192157745 -0.78076934814453 0.0012249534483999 7.1084286901169e-05
0.29108485579491 0.077444046735764 -1.8127682209015 -1.4079036712646 -0.71536016464233 0.0014023368712515 5.2069590310566e-05
0.30653962492943 0.053987473249435 -1.8093593120575 -1.3879480361938 -0.65182328224182 0.0014962737914175 8.2455189840402e-05
0.32059010863304 0.029344528913498 -1.8042616844177 -1.3685991764069 -0.58980250358582 0.0016049926634878 6.4599102188367e-05
0.33327826857567 0.003418892621994 -1.797420501709 -1.3497729301453 -0.52890563011169 0.0019769256468862 2.2808579160483e-05
0.34461888670921 -0.023372441530228 -1.7889618873596 -1.3316555023193 -0.46966934204102 0.0022120063658804 1.2248703569639e-05
0.3547531068325 -0.051089555025101 -1.7787764072418 -1.3144152164459 -0.41140222549438 0.0025429313536733 -1.1245376299485e-05
0.36372002959251 -0.079559832811356 -1.7670223712921 -1.2979707717896 -0.35430288314819 0.0027327125426382 -2.7171856345376e-05
0.37157449126244 -0.10859325528145 -1.7537567615509 -1.2824912071228 -0.29862833023071 0.0030970161315054 4.4994230847806e-05
0.37840232253075 -0.13830664753914 -1.7388827800751 -1.267879486084 -0.24340891838074 0.0035433357115835 2.4042665245361e-06
0.38424596190453 -0.1684322655201 -1.7225341796875 -1.254410982132 -0.18965196609497 0.0037536208983511 -3.0794899430475e-06
0.38918313384056 -0.19905546307564 -1.704820394516 -1.2417001724243 -0.13674449920654 0.0038046427071095 5.3206294978736e-05
0.39323672652245 -0.22993782162666 -1.68567943573 -1.2298228740692 -0.084534645080566 0.0037908144295216 7.799691229593e-05
0.39650401473045 -0.26097658276558 -1.6652629375458 -1.2186329364777 -0.032926797866821 0.0033478327095509 2.760831375781e-05
0.39903458952904 -0.29205539822578 -1.6437215805054 -1.2079463005066 0.017441749572754 0.002247292548418 2.0917752408423e-05
0.40085372328758 -0.32310155034065 -1.6211764812469 -1.1976780891418 0.067333698272705 0.00025840476155281 1.4278373328125e-06
0.40206775069237 -0.3541798889637 -1.5975432395935 -1.1878011226654 0.1161904335022 -0.0021620206534863 -1.4118072613201e-05
0.40267667174339 -0.3852451145649 -1.5726907253265 -1.1790986061096 0.1647834777832 -0.0046184472739697 0.0001391546393279
0.40268334746361 -0.41656783223152 -1.5464687347412 -1.1719937324524 0.21284914016724 -0.0066178254783154 4.9195088649867e-05
0.40217360854149 -0.44813922047615 -1.5187253952026 -1.1672587394714 0.26070499420166 -0.0074277333915234 8.6750205809949e-06
0.40121325850487 -0.47999003529549 -1.4898068904877 -1.1646506786346 0.30760145187378 -0.007105391472578 1.4071239320401e-06
0.39980658888817 -0.51190686225891 -1.4595499038696 -1.1637902259827 0.35416746139526 -0.0062487535178661 2.212466642959e-05
0.39798697829247 -0.5438346862793 -1.4282648563385 -1.1640577316284 0.40036916732788 -0.0051963739097118 1.8821743651642e-05
0.39579543471336 -0.57575917243958 -1.3959994316101 -1.165177822113 0.44636583328247 -0.0043852739036083 -2.885749017878e-05
0.39328965544701 -0.6077892780304 -1.3629109859467 -1.1670579910278 0.49139070510864 -0.003685038536787 -1.27135490402e-05
0.39042720198631 -0.6397762298584 -1.3286716938019 -1.1698522567749 0.53665447235107 -0.0031965188682079 1.2986485671718e-05
0.38725289702415 -0.67158126831055 -1.2936494350433 -1.1732716560364 0.58157253265381 -0.0029018335044384 5.4480078688357e-05
0.38384303450584 -0.70360636711121 -1.2575073242188 -1.1777539253235 0.62621164321899 -0.0024884156882763 4.0500173781766e-05
0.38017711043358 -0.73553204536438 -1.220602273941 -1.1829867362976 0.67038297653198 -0.0023861341178417 -2.4525379558327e-05
0.37629851698875 -0.76755833625793 -1.1825864315033 -1.1891205310822 0.71452808380127 -0.0021613053977489 0.00010016345913755
0.37219676375389 -0.79954600334167 -1.1436574459076 -1.1961414813995 0.75853776931763 -0.0019803456962109 1.1008267392754e-05
0.3679276406765 -0.83176374435425 -1.1035985946655 -1.2041308879852 0.80227851867676 -0.0018122605979443 0.00013374182162806
0.36352977156639 -0.8640570640564 -1.062641620636 -1.2128739356995 0.84546852111816 -0.0016901902854443 -6.1081987041689e-06
0.35892161726952 -0.89656281471252 -1.0204408168793 -1.2225608825684 0.88889217376709 -0.0016384534537792 2.2434604034061e-05
0.3542443215847 -0.92929673194885 -0.9770233631134 -1.2332396507263 0.93212699890137 -0.0015116147696972 0.00015564322529826
0.34937438368797 -0.96243238449097 -0.93223023414612 -1.2449135780334 0.97547149658203 -0.0013983659446239 4.3688702135114e-05
0.34447106719017 -0.9960241317749 -0.88601732254028 -1.2575118541718 1.018397808075 -0.0014198236167431 6.198944447533e-06
0.33946380019188 -1.0299336910248 -0.83799982070923 -1.2714383602142 1.0614948272705 -0.0013974122703075 -2.6389432150609e-06
0.33439692854881 -1.0648038387299 -0.78843355178833 -1.2862894535065 1.1042799949646 -0.0012665204703808 1.5308856973206e-06
0.32928094267845 -1.1001534461975 -0.73648738861084 -1.3026885986328 1.1471109390259 -0.0013263635337353 4.2065737943631e-05
0.32412824034691 -1.136730670929 -0.68205046653748 -1.3204703330994 1.189799785614 -0.0011995248496532 1.9445189536782e-05
0.31804952025414 -1.1203067302704 -0.72164750099182 -1.303751707077 1.1978659629822 0.0017838068306446 -0.0072041600942612
0.31201657652855 -1.0842866897583 -0.79402565956116 -1.2669720649719 1.1914892196655 0.0017051286995411 -0.013358797878027
0.30575141310692 -1.0511808395386 -0.86031198501587 -1.2334771156311 1.1850728988647 0.0014738626778126 -0.019846001639962
0.29921445250511 -1.0202331542969 -0.92167901992798 -1.2026040554047 1.1789960861206 0.0013775415718555 -0.025897221639752
0.29268559813499 -0.99113082885742 -0.97935032844543 -1.1737139225006 1.1715035438538 0.0013432092964649 -0.032023098319769
0.28581914305687 -0.96389937400818 -1.0335896015167 -1.1466829776764 1.1645994186401 0.0011930055916309 -0.038521762937307
0.27871760725975 -0.93767404556274 -1.0850083827972 -1.121169090271 1.1575546264648 0.0011105127632618 -0.04483537748456
0.27137050032616 -0.91283321380615 -1.1340472698212 -1.0969333648682 1.1502432823181 0.0010232515633106 -0.051201853901148
0.26380833983421 -0.88891553878784 -1.1809895038605 -1.0738654136658 1.1427001953125 0.00092549994587898 -0.057700529694557
0.25601348280907 -0.86591362953186 -1.2260518074036 -1.051689863205 1.1348333358765 0.00091691687703133 -0.063940122723579
0.24796161055565 -0.84357213973999 -1.2694284915924 -1.0305826663971 1.1266078948975 0.0010261125862598 -0.070347741246223
0.23958167433739 -0.82204937934875 -1.311145067215 -1.0103015899658 1.1183490753174 0.00091596320271492 -0.076777964830399
0.23097142577171 -0.80102372169495 -1.351585149765 -0.99062633514404 1.1096572875977 0.00091977789998055 -0.08293879032135
0.23057612776756 -0.74488878250122 -1.3286349773407 -1.0664947032928 1.1079440116882 -0.0013122968375683 -0.089006245136261
0.23059663176537 -0.69312739372253 -1.2847082614899 -1.1615648269653 1.108039855957 -0.0017846040427685 -0.088570952415466
0.2305813729763 -0.65181994438171 -1.2253541946411 -1.2621216773987 1.1078901290894 -0.0016653947532177 -0.088894434273243
0.23064908385277 -0.62118601799011 -1.1498329639435 -1.3682131767273 1.1076631546021 -0.0018201284110546 -0.088754169642925
0.2306395471096 -0.60294222831726 -1.0555791854858 -1.4804587364197 1.1077718734741 -0.0020592622458935 -0.088343396782875
0.23077115416527 -0.5991907119751 -0.93930983543396 -1.6002168655396 1.1072063446045 -0.002433817833662 -0.088086098432541
