-2.0728153060645e-07 -8.9444068862576e-07 0.91483920812607
-3.7808464981026e-07 -7.4987946163674e-07 0.91483938694
-9.054645033757e-08 -7.6029152751289e-07 0.91483938694
-2.6313739454054e-07 -8.0849144978856e-07 0.91483950614929
-2.2165593804857e-07 -5.5636388651692e-07 0.91483962535858
-2.3659717385272e-07 -4.9287751835436e-07 0.91483968496323
1.7028592935731e-07 -7.4750630574272e-07 0.91483974456787
1.8934002810056e-07 -9.2976216592433e-07 0.91483986377716
-4.7301836048064e-07 -5.1673623602255e-07 0.91483986377716
-5.1438246373436e-07 -2.7272042757431e-07 0.91483980417252
-7.3638034336909e-07 2.408463330994e-07 0.91483974456787
-5.5282657740463e-07 -9.1130168300424e-08 0.91483956575394
-1.4495486766464e-07 -4.43040946152e-08 0.91483950614929
-2.6666000962905e-07 1.7870797819342e-07 0.91483956575394
-4.9585753458814e-07 1.5017317878119e-07 0.91483968496323
-5.5809385912653e-07 7.3096020969388e-07 0.91483962535858
-9.5143712997015e-07 3.9432214293811e-07 0.91483962535858
-1.4516089095196e-06 2.8904150894959e-07 0.91483956575394
-9.1230720045132e-07 4.4536733412315e-07 0.91483950614929
-1.3886531178287e-06 8.2846139548565e-07 0.91483962535858
-1.4211262850949e-06 8.0428901583218e-07 0.91483962535858
-1.7193458461406e-06 1.0649412161001e-06 0.91483980417252
-1.2625023373403e-06 8.8216677340824e-07 0.91483992338181
-1.0534809007368e-06 1.463728381168e-06 0.91484022140503
-8.9107902567775e-07 1.0464189017512e-06 0.91484034061432
-1.3144217518857e-06 1.2782077192242e-06 0.91484040021896
-1.3559915714723e-06 8.7965554484981e-07 0.91484045982361
-1.248060357284e-06 7.9076426118263e-07 0.91484081745148
-1.3536578080675e-06 7.9084907156357e-07 0.91484075784683
-1.0193550679105e-06 1.1782519777626e-06 0.91484093666077
-1.2257127082194e-06 5.4602247701041e-07 0.91484117507935
-8.634311257083e-07 5.2499063940559e-07 0.91484099626541
-1.045910380526e-06 5.0063044909621e-07 0.91484105587006
-8.7534419890289e-07 8.8949940391103e-07 0.91484135389328
-1.032995442074e-06 3.6603142916647e-07 0.91484123468399
-8.182298643078e-07 3.3174441682604e-07 0.91484135389328
-6.582255309695e-07 -6.4890969042608e-08 0.91484117507935
-1.8163490267398e-07 3.0166037845447e-07 0.91484123468399
-5.9136471008969e-07 5.5948146382434e-07 0.91484117507935
-3.3837230262179e-07 6.9856582740613e-07 0.91484105587006
-3.0670267392452e-07 1.0260116596328e-06 0.9148411154747
-2.1782808801163e-07 8.7507078205817e-07 0.91484123468399
-2.9996286343703e-07 5.5193549997057e-07 0.91484129428864
-2.6321660584472e-07 5.9861790191462e-08 0.91484141349792
-3.8353104514499e-07 7.0933275253537e-08 0.91484129428864
-1.6085979837044e-07 9.3003784229495e-08 0.91484147310257
-1.0922128268476e-07 4.3893646761717e-07 0.91484147310257
-1.5550718046597e-07 4.4187495973347e-07 0.91484153270721
-1.8981477012403e-07 3.8795104728706e-07 0.91484159231186
3.0939207817937e-07 4.0908309983934e-07 0.91484171152115
5.1594673777799e-07 3.9972854892767e-07 0.91484194993973
5.5133097021098e-07 5.3795423582415e-07 0.91484200954437
6.073215104152e-07 9.9889791727037e-07 0.91484200954437
5.9277766695232e-07 1.3452026905725e-06 0.91484194993973
3.2258085980175e-08 1.575533929099e-06 0.91484218835831
1.7743616353982e-07 1.2901061836601e-06 0.91484242677689
-1.7700850207802e-07 1.4200471696313e-06 0.91484254598618
-4.0242216670094e-08 1.3055497447567e-06 0.91484266519547
-2.4060628334155e-07 1.2455235491871e-06 0.91484254598618
-3.9135951368507e-08 1.3454065310725e-06 0.91484278440475
1.0603606881432e-07 1.1920947144972e-06 0.91484290361404
-2.9454668037943e-07 1.476676970924e-06 0.9148428440094
-1.1024233259604e-07 1.5411087588291e-06 0.91484302282333
-0.00026808812981471 -0.00013170365127735 0.95085370540619
-0.00057019467931241 3.6748719139723e-05 0.99825406074524
-0.0004855400766246 -0.00021903989545535 1.0455322265625
-0.00050112162716687 -0.00020037380454596 1.0927197933197
-0.00058758398517966 0.00027618938474916 1.1399431228638
-0.0010030391858891 0.00031062608468346 1.1870052814484
