0.0077609736472368 0.061310455203056 1.2852302789688 0.0022124452516437 -0.00024127966025844 3.0653293132782 2.6779334802995e-05
0.017329473048449 0.063805252313614 1.2701522111893 0.0020666930358857 -0.00038185197627172 3.0197794437408 -5.1363342208788e-05
0.02698215842247 0.066281974315643 1.2550503015518 0.0021877880208194 -0.0005263879429549 2.9744725227356 5.8402347349329e-05
0.036555126309395 0.068787798285484 1.2399781942368 0.00220448942855 -0.00064310303423554 2.9293384552002 8.447740401607e-05
0.046170078217983 0.071263059973717 1.2248740196228 0.0024705291725695 -0.0008341139764525 2.8841626644135 1.6790161680547e-05
0.055736973881721 0.073757782578468 1.209811091423 0.0025387317873538 -0.0011218897998333 2.838529586792 2.1591033146251e-05
0.065339960157871 0.076254069805145 1.1947274208069 0.0026062356773764 -0.0013282301370054 2.7933106422424 -2.7898717235075e-05
0.074941053986549 0.078727602958679 1.1796326637268 0.0029182350263 -0.0016139741055667 2.7469773292542 4.5249130380398e-06
0.084535703063011 0.081221356987953 1.1645414829254 0.0032394640147686 -0.0019886128138751 2.7013077735901 2.8318709155428e-06
0.094176605343819 0.083711624145508 1.1494488716125 0.0036262690555304 -0.0024382115807384 2.6567018032074 7.2815164458007e-05
0.10373444855213 0.086193904280663 1.1343612670898 0.0041529699228704 -0.0029087685979903 2.6106472015381 1.5768884622958e-05
0.11333154141903 0.088701918721199 1.1192886829376 0.0044671669602394 -0.0034277436789125 2.5646433830261 6.0150061472086e-05
0.12292365729809 0.091187700629234 1.1041964292526 0.0047470750287175 -0.003845137776807 2.5194187164307 2.518785004213e-05
0.13253153860569 0.093674212694168 1.0891197919846 0.0044703874737024 -0.0037115439772606 2.4740724563599 -1.1391101907066e-05
0.14214254915714 0.096153378486633 1.074027299881 0.0034545559901744 -0.0027978168800473 2.4285337924957 -1.6788875655038e-05
0.15173238515854 0.098641067743301 1.0589426755905 0.00078631815267727 -0.00027484519523568 2.3831782341003 1.3318988749234e-05
0.16132378578186 0.10112348198891 1.0438561439514 -0.0037739691324532 0.003983014728874 2.3384847640991 5.7157350966008e-05
0.17091444134712 0.10361896455288 1.0287672281265 -0.0088034924119711 0.0089417854323983 2.2932991981506 7.9995646956377e-05
0.18052254617214 0.10611674189568 1.0136830806732 -0.011667903512716 0.011919080279768 2.2482089996338 5.6701315770624e-05
0.19012698531151 0.1086029112339 0.99858665466309 -0.010285930708051 0.011041552759707 2.2022223472595 5.8493322285358e-05
0.19972267746925 0.11108732223511 0.98349571228027 -0.0066731665283442 0.0073426878079772 2.156197309494 7.7835711635998e-06
0.20934315025806 0.11356787383556 0.96841078996658 -0.0034432341344655 0.0038148500025272 2.1108047962189 0.00012101684842492
0.21892176568508 0.11606952548027 0.95332211256027 -0.0016587935388088 0.0018514067633078 2.0655951499939 1.8632392311702e-05
0.21384459733963 0.11279039084911 0.94997602701187 -0.00057617091806605 0.0011074200738221 2.0554542541504 9.0258901764173e-05
0.20423832535744 0.1077416241169 0.94997727870941 -0.00029783634818159 0.00068525347160175 2.0551853179932 3.120994369965e-05
0.19463860988617 0.102668851614 0.94997662305832 -0.00015534879639745 0.00062029826221988 2.0549945831299 -1.5649287888664e-05
0.18504825234413 0.097593799233437 0.94998246431351 -0.00014437470235862 0.00047404918586835 2.0556955337524 7.9333833127748e-05
0.17544411122799 0.09256312251091 0.94997406005859 -5.4751457355451e-05 0.00044027355033904 2.0549564361572 8.7170818005688e-05
0.16583076119423 0.087501272559166 0.94997537136078 0.0001480766950408 0.00027007819153368 2.0549359321594 2.0293452962505e-06
0.15622758865356 0.082419648766518 0.94997000694275 5.1059476390947e-05 0.00022736311075278 2.0548210144043 2.0640254660975e-05
0.14664421975613 0.077377036213875 0.94998008012772 0.00013792197569273 2.5314122467535e-05 2.0547351837158 1.5565414287266e-05
0.13705259561539 0.07232928276062 0.94996851682663 0.00027072330703959 -4.0164741221815e-05 2.0546231269836 2.0814206436626e-05
0.12745240330696 0.067235186696053 0.94997495412827 0.00035527258296497 -0.00021431293862406 2.0551409721375 -2.8222939363332e-05
0.11783182621002 0.06217759847641 0.94996237754822 0.0004005889641121 -0.00022148560674395 2.0548739433289 -4.4757966861653e-06
0.10824327915907 0.057124681770802 0.94996392726898 0.00042827730067074 -0.00041517309728079 2.0545954704285 9.6780582680367e-05
0.098646879196167 0.052044846117496 0.94997215270996 0.00029400229686871 -0.00038773560663685 2.0551271438599 8.1083409895655e-05
0.08903606981039 0.046975612640381 0.94998109340668 0.00047372849076055 -0.00044979437370785 2.054630279541 -5.8544696912577e-06
0.079441547393799 0.04193752259016 0.94995993375778 0.00040460081072524 -0.00031017445144244 2.0546731948853 2.7891803256352e-05
0.069863513112068 0.036847859621048 0.94996422529221 0.0001000626507448 -0.00033600680762902 2.055144071579 0.00015880538558122
0.060266986489296 0.031769990921021 0.94997465610504 2.9894014005549e-05 0.00023392392904498 2.0552973747253 8.5634499555454e-05
0.050659485161304 0.026729680597782 0.94996535778046 -0.00029115733923391 0.00067845307057723 2.0549371242523 5.5906031775521e-05
0.04107354581356 0.021669611334801 0.94995927810669 -0.00069269939558581 0.0012017693370581 2.0548758506775 6.8779569119215e-05
0.031463772058487 0.016589865088463 0.94997972249985 -0.00080046977382153 0.0021181057672948 2.0553035736084 2.2078855181462e-05
0.021842256188393 0.011546216905117 0.9499574303627 -0.0011303970823064 0.0027422730345279 2.0551545619965 0.00012855538807344
0.012266904115677 0.0064907670021057 0.94997030496597 -0.0012597854947671 0.0035247902851552 2.0554208755493 2.4115202904795e-05
0.0026603117585182 0.001432754099369 0.9499676823616 -0.0014926653821021 0.004157374612987 2.0553555488586 1.8799330064212e-05
-0.0069566071033478 -0.0036385171115398 0.9499277472496 -0.001505583175458 0.0038761361502111 2.0557329654694 5.9889622207265e-05
-0.016521133482456 -0.0087050274014473 0.94993597269058 -0.0014592310180888 0.0039092428050935 2.0556478500366 -6.974364805501e-05
-0.02613390982151 -0.013790644705296 0.94996148347855 -0.0014228189829737 0.0035339179448783 2.0558285713196 6.3889165176079e-05
-0.035735309123993 -0.018816448748112 0.94996500015259 -0.0012523819459602 0.0031140390783548 2.0554447174072 6.8616958742496e-05
-0.045333288609982 -0.023893415927887 0.94994294643402 -0.00096726359333843 0.0027587914373726 2.0556862354279 8.5514999227598e-05
-0.054927855730057 -0.028955947607756 0.94992768764496 -0.00058866158360615 0.0027477070689201 2.0557751655579 0.00011419354268583
-0.064533434808254 -0.034024655818939 0.9499419927597 -0.00084787327796221 0.0022736201062799 2.0556433200836 2.6936695576296e-05
-0.074125453829765 -0.039096884429455 0.94993740320206 -0.00065855355933309 0.0022792094387114 2.0561628341675 -2.1628498870996e-05
-0.083718173205853 -0.044155139476061 0.94993579387665 -0.00063413853058591 0.002007647883147 2.0559244155884 -2.9205655664555e-05
-0.093348458409309 -0.049197304993868 0.94995224475861 -0.00054926727898419 0.0019696091767401 2.0555953979492 -1.8538476069807e-06
-0.10292550176382 -0.054298777133226 0.94990468025208 -0.00041193663491867 0.0021521484013647 2.0557990074158 -9.7299043773091e-06
-0.11251483857632 -0.059344299137592 0.94988542795181 -0.00041103863622993 0.001976830419153 2.055682182312 1.7715901776683e-05
-0.12212072312832 -0.064386703073978 0.94993537664413 -0.00055355182848871 0.0018741051899269 2.0559234619141 4.2288203985663e-05
-0.13172480463982 -0.069466382265091 0.9499220252037 -0.00027982273604721 0.0020303293131292 2.0555996894836 1.5962939869496e-05
-0.14132076501846 -0.074527248740196 0.94994980096817 -0.00039458158425987 0.0017680320888758 2.0558352470398 7.0636844611727e-05
-0.1509120464325 -0.079624846577644 0.94993728399277 -0.00054460449609905 0.0018403908470646 2.0564093589783 -5.3593150369124e-05
-0.16053029894829 -0.084681883454323 0.94990426301956 -0.00047914762399159 0.0016778110293671 2.05601978302 -8.9101204139297e-06
-0.17014661431313 -0.089739710092545 0.94993537664413 -0.00065615813946351 0.0016648523742333 2.0561962127686 5.2192917792127e-06
-0.17972719669342 -0.094793900847435 0.94993513822556 -0.00047414159053005 0.0017283767228946 2.055853843689 3.7886704376433e-05
-0.18932259082794 -0.099836975336075 0.94993448257446 -0.0004175356880296 0.0016986165428534 2.0560376644135 1.2412517207849e-05
-0.19890317320824 -0.10493479669094 0.94987231492996 -0.00034592766314745 0.0016297674737871 2.0562002658844 0.0001268631167477
-0.20851056277752 -0.10995656996965 0.94991421699524 -0.00026775925653055 0.0019356675911695 2.0560011863708 3.8934889744269e-05
-0.21812525391579 -0.11505211889744 0.9499226808548 -0.00060023216065019 0.0017089407192543 2.0559420585632 1.6677968233125e-05
