0.095857948064804 0.26673123240471 -1.8220837116241 -1.5884125232697 -1.3985838890076 0.0004615371581167 2.6779334802995e-05
0.15127214789391 0.28171917796135 -1.8711369037628 -1.554349899292 -1.297967672348 0.0007676666136831 -5.1363342208788e-05
0.20759710669518 0.29299733042717 -1.9174525737762 -1.519463300705 -1.1961996555328 0.0010909622069448 5.8402347349329e-05
0.26418194174767 0.30045363306999 -1.9610652923584 -1.4835357666016 -1.0942697525024 0.0013627593871206 8.447740401607e-05
0.32050880789757 0.30365607142448 -2.0019016265869 -1.4462876319885 -0.99244332313538 0.0018081252928823 1.6790161680547e-05
0.37589582800865 0.3026108443737 -2.0399701595306 -1.4076402187347 -0.89199090003967 0.0024723594542593 2.1591033146251e-05
0.43012270331383 0.29675766825676 -2.0750977993011 -1.367317199707 -0.79200077056885 0.0033154075499624 -2.7898717235075e-05
0.48251089453697 0.28603884577751 -2.1072013378143 -1.3255698680878 -0.69395422935486 0.00446792319417 4.5249130380398e-06
0.53261125087738 0.27035471796989 -2.1361920833588 -1.2823717594147 -0.59794187545776 0.0059637613594532 2.8318709155428e-06
0.58002173900604 0.24979493021965 -2.1619884967804 -1.2382502555847 -0.50531697273254 0.0082740373909473 7.2815164458007e-05
0.62461173534393 0.22410818934441 -2.1843013763428 -1.1935923099518 -0.41532373428345 0.011637646704912 1.5768884622958e-05
0.66636455059052 0.19338747859001 -2.2029101848602 -1.1492221355438 -0.32780289649963 0.016777474433184 6.0150061472086e-05
0.70501792430878 0.15772435069084 -2.217725276947 -1.1063539981842 -0.24367523193359 0.024366814643145 2.518785004213e-05
0.74068439006805 0.11715027689934 -2.2284083366394 -1.0661928653717 -0.16247344017029 0.035530049353838 -1.1391101907066e-05
0.77342641353607 0.071736305952072 -2.2348427772522 -1.0300192832947 -0.084272384643555 0.051261384040117 -1.6788875655038e-05
0.80338227748871 0.022182911634445 -2.237396478653 -0.9970235824585 -0.0092613697052002 0.07042022049427 1.3318988749234e-05
0.83065450191498 -0.030022174119949 -2.2369916439056 -0.96281218528748 0.063315391540527 0.088026955723763 5.7157350966008e-05
0.85551011562347 -0.081827431917191 -2.2354109287262 -0.91926884651184 0.13330364227295 0.094825699925423 7.9995646956377e-05
0.87801349163055 -0.13060238957405 -2.2338593006134 -0.86032700538635 0.20156002044678 0.083135083317757 5.6701315770624e-05
0.89839255809784 -0.17637994885445 -2.2318027019501 -0.79050755500793 0.2674560546875 0.057013466954231 5.8493322285358e-05
0.91676461696625 -0.22224524617195 -2.2267711162567 -0.72302079200745 0.33164262771606 0.03044219315052 7.7835711635998e-06
0.93337905406952 -0.2704761326313 -2.2171983718872 -0.66722512245178 0.39355421066284 0.013297036290169 0.00012101684842492
0.94843518733978 -0.32099130749702 -2.2031421661377 -0.62302041053772 0.45367383956909 0.0056151896715164 1.8632392311702e-05
0.93125379085541 -0.32971957325935 -2.2033851146698 -0.61145162582397 0.44693613052368 0.0026945620775223 9.0258901764173e-05
0.9039591550827 -0.32686045765877 -2.2077305316925 -0.60923027992249 0.41956090927124 0.0020613223314285 3.120994369965e-05
0.87620151042938 -0.32470968365669 -2.2111053466797 -0.60757327079773 0.39178419113159 0.0016102343797684 -1.5649287888664e-05
0.84804236888885 -0.32311347126961 -2.2135512828827 -0.60648798942566 0.3636269569397 0.0014657527208328 7.9333833127748e-05
0.81950271129608 -0.32216337323189 -2.2150588035583 -0.60576152801514 0.33532333374023 0.0011500865221024 8.7170818005688e-05
0.79060542583466 -0.32169368863106 -2.2156982421875 -0.60522794723511 0.30666828155518 0.00086970627307892 2.0293452962505e-06
0.76152503490448 -0.3217525780201 -2.2156109809875 -0.60494351387024 0.27721929550171 0.00059457123279572 2.0640254660975e-05
0.73220193386078 -0.32233527302742 -2.2145349979401 -0.60498666763306 0.24813604354858 0.00024504959583282 1.5565414287266e-05
0.70269238948822 -0.32350042462349 -2.2126617431641 -0.60521936416626 0.2185754776001 -0.00034885108470917 2.0814206436626e-05
0.67305219173431 -0.32511213421822 -2.2099559307098 -0.60556244850159 0.18879413604736 -0.0010745972394943 -2.8222939363332e-05
0.64337718486786 -0.32730677723885 -2.2064340114594 -0.60601091384888 0.15914535522461 -0.0019910782575607 -4.4757966861653e-06
0.61366212368011 -0.32998135685921 -2.2020211219788 -0.60643124580383 0.12979173660278 -0.00325708091259 9.6780582680367e-05
0.58401429653168 -0.33305004239082 -2.1970317363739 -0.60678696632385 0.099813938140869 -0.0048144310712814 8.1083409895655e-05
0.55441606044769 -0.33664634823799 -2.1911430358887 -0.60705327987671 0.070479393005371 -0.0067978352308273 -5.8544696912577e-06
0.52499759197235 -0.3407509624958 -2.1846463680267 -0.60717749595642 0.040822505950928 -0.0090826004743576 2.7891803256352e-05
0.49569261074066 -0.34536102414131 -2.1773061752319 -0.60720753669739 0.011493682861328 -0.011674925684929 0.00015880538558122
0.46664988994598 -0.35041955113411 -2.169261932373 -0.60724997520447 -0.017493486404419 -0.014670893549919 8.5634499555454e-05
0.43797147274017 -0.35592916607857 -2.1605615615845 -0.60728096961975 -0.04595947265625 -0.017779156565666 5.5906031775521e-05
0.40956962108612 -0.36195781826973 -2.1510076522827 -0.60774302482605 -0.074367761611938 -0.020791336894035 6.8779569119215e-05
0.38142287731171 -0.36845996975899 -2.1407008171082 -0.60935974121094 -0.10314798355103 -0.023079201579094 2.2078855181462e-05
0.35374057292938 -0.3756208717823 -2.129255771637 -0.61248135566711 -0.13100242614746 -0.024238869547844 0.00012855538807344
0.32650363445282 -0.38330987095833 -2.1166982650757 -0.61742568016052 -0.15822529792786 -0.024164006114006 2.4115202904795e-05
0.2996381521225 -0.39146974682808 -2.1031105518341 -0.62410926818848 -0.18516397476196 -0.022964283823967 1.8799330064212e-05
0.27324998378754 -0.40022447705269 -2.0885148048401 -0.63220548629761 -0.21169567108154 -0.020533844828606 5.9889622207265e-05
0.24735677242279 -0.40932205319405 -2.0729954242706 -0.64134836196899 -0.23749303817749 -0.017882391810417 -6.974364805501e-05
0.22192466259003 -0.41864064335823 -2.0568249225616 -0.65107083320618 -0.2630512714386 -0.014984175562859 6.3889165176079e-05
0.19705998897552 -0.42820170521736 -2.0401046276093 -0.66064095497131 -0.28775787353516 -0.012564942240715 6.8616958742496e-05
0.17267072200775 -0.43822148442268 -2.0227053165436 -0.67027497291565 -0.31213045120239 -0.010295435786247 8.5514999227598e-05
0.14883172512054 -0.44841626286507 -2.0049254894257 -0.67938208580017 -0.33605551719666 -0.0090151280164719 0.00011419354268583
0.12551915645599 -0.45889165997505 -1.9865117073059 -0.68865561485291 -0.35934448242188 -0.0074620693922043 2.6936695576296e-05
0.10271155834198 -0.4696092903614 -1.967621088028 -0.69768238067627 -0.38220119476318 -0.0064604729413986 -2.1628498870996e-05
0.080446600914001 -0.48055270314217 -1.9482169151306 -0.70687055587769 -0.40469074249268 -0.00592140853405 -2.9205655664555e-05
0.058717608451843 -0.49185875058174 -1.928142786026 -0.71607184410095 -0.42610812187195 -0.0053647011518478 -1.8538476069807e-06
0.037510275840759 -0.50351691246033 -1.9075164794922 -0.72555780410767 -0.44747257232666 -0.0050008744001389 -9.7299043773091e-06
0.016844630241394 -0.51534271240234 -1.8863775730133 -0.73518347740173 -0.46816158294678 -0.0047083348035812 1.7715901776683e-05
-0.0033448934555054 -0.52733325958252 -1.864696264267 -0.74508333206177 -0.48848533630371 -0.0043542832136154 4.2288203985663e-05
-0.022956490516663 -0.53973412513733 -1.8423457145691 -0.75531482696533 -0.50796031951904 -0.0041799992322922 1.5962939869496e-05
-0.042113900184631 -0.5522620677948 -1.8194689750671 -0.76587414741516 -0.52728843688965 -0.0037878006696701 7.0636844611727e-05
-0.060829997062683 -0.56526923179626 -1.7958946228027 -0.77668166160583 -0.54621291160583 -0.003566786646843 -5.3593150369124e-05
-0.078938603401184 -0.57848930358887 -1.7717273235321 -0.78787040710449 -0.56399536132812 -0.0032930821180344 -8.9101204139297e-06
-0.096656680107117 -0.59186697006226 -1.7471587657928 -0.79900336265564 -0.58197069168091 -0.0032709091901779 5.2192917792127e-06
-0.11385667324066 -0.60557103157043 -1.7218475341797 -0.81079864501953 -0.59910988807678 -0.0031288117170334 3.7886704376433e-05
-0.13060963153839 -0.61954998970032 -1.6959064006805 -0.82292318344116 -0.6157398223877 -0.0029838532209396 1.2412517207849e-05
-0.14691984653473 -0.63385343551636 -1.6694467067719 -0.83510184288025 -0.63210701942444 -0.0029924362897873 0.0001268631167477
-0.16282737255096 -0.64833688735962 -1.6423809528351 -0.84773468971252 -0.64814639091492 -0.0030060261487961 3.8934889744269e-05
-0.17829120159149 -0.66314697265625 -1.6145341396332 -0.86067271232605 -0.66348385810852 -0.0029044598340988 1.6677968233125e-05
