2.3097504708858e-07 3.9244387295412e-08 0.91483926773071
3.1711499559606e-07 -2.7610383313004e-07 0.91483956575394
1.5994515933926e-07 -1.0649355886017e-07 0.91483962535858
4.7515459300485e-07 -5.3322406756706e-07 0.91483944654465
9.2771000481662e-07 -5.7454678881186e-07 0.91483968496323
3.3607349791964e-07 -7.7403814202626e-07 0.91483992338181
4.1102256886916e-07 -3.3562915291441e-07 0.91483992338181
-1.9735139744625e-08 -4.2090229612768e-07 0.91483992338181
2.1608070710499e-07 -5.6269635706485e-07 0.91483992338181
1.5861252222749e-07 -1.2028024229949e-06 0.91484010219574
1.5120424734505e-07 -1.1669958439597e-06 0.91484051942825
1.5968957711721e-07 -1.0938521199932e-06 0.91484075784683
-1.0558480312284e-07 -1.1094156207037e-06 0.91484087705612
1.361914314657e-07 -1.2402659876898e-06 0.91484099626541
3.8626620835203e-07 -1.4279754623203e-06 0.91484087705612
1.7611942837448e-07 -1.7785832824302e-06 0.91484117507935
-4.5530509851233e-07 -2.272442316098e-06 0.91484141349792
2.0847600978868e-08 -2.2792908112024e-06 0.91484147310257
3.7641564176738e-07 -2.4701346319489e-06 0.91484147310257
3.6748136267306e-07 -2.5194140107487e-06 0.91484123468399
-3.1274922207558e-08 -2.7541195777303e-06 0.91484147310257
-1.8603356011226e-07 -2.6298469038011e-06 0.9148416519165
-7.1465774453827e-07 -2.7873325052497e-06 0.91484153270721
-8.0229926879838e-07 -2.8074766760255e-06 0.91484147310257
-6.9213103870425e-07 -2.6148397864745e-06 0.91484153270721
-4.750462494485e-07 -2.6647203412722e-06 0.9148416519165
-2.6273730213688e-07 -2.566449893493e-06 0.91484159231186
-2.547272615061e-08 -2.515301503081e-06 0.91484153270721
-4.6375387086073e-08 -2.7723713174055e-06 0.91484153270721
-2.9028305448264e-07 -2.8203151032358e-06 0.91484171152115
-3.8745369579374e-07 -2.6446496121935e-06 0.91484183073044
-3.7559235011031e-07 -2.5851475129457e-06 0.91484194993973
-2.1551490192451e-07 -2.3194133973448e-06 0.91484183073044
2.3802269311091e-07 -2.5067924980249e-06 0.91484194993973
1.1787944487196e-07 -2.1510136321012e-06 0.91484194993973
1.2516279923602e-07 -2.4108467187034e-06 0.91484218835831
4.4692751544062e-07 -2.9415871267702e-06 0.91484236717224
4.895582037534e-07 -3.0566795885534e-06 0.91484254598618
-0.010163329541683 -0.0025667548179626 0.9150367975235
-0.020966403186321 -0.005377016030252 0.91529583930969
-0.031868822872639 -0.0080506224185228 0.91541081666946
-0.042764309793711 -0.010750622488558 0.91544818878174
-0.052885111421347 -0.014903223142028 0.91549289226532
-0.062459226697683 -0.020032389089465 0.91551053524017
-0.072292938828468 -0.024806786328554 0.91560244560242
-0.081839866936207 -0.029993757605553 0.91559839248657
-0.091436304152012 -0.03513390570879 0.91558027267456
-0.10092478245497 -0.040238190442324 0.91559374332428
-0.11055617779493 -0.045244827866554 0.91561204195023
-0.12020722776651 -0.050220664590597 0.91569077968597
-0.12971614301205 -0.055364843457937 0.91568470001221
-0.13938108086586 -0.060342200100422 0.91581958532333
-0.14897702634335 -0.065359190106392 0.91570347547531
-0.15848098695278 -0.07063339650631 0.91563481092453
-0.16795964539051 -0.075796850025654 0.91561418771744
-0.17758221924305 -0.080872565507889 0.91549760103226
-0.18719045817852 -0.085908733308315 0.91543072462082
-0.19691389799118 -0.090744942426682 0.91556948423386
-0.20636926591396 -0.096073910593987 0.9154948592186
-0.21605321764946 -0.10103537887335 0.91550201177597
-0.22548498213291 -0.10625969618559 0.91545748710632
-0.23516866564751 -0.11123538762331 0.91535156965256
-0.24481539428234 -0.11631190776825 0.91539305448532
-0.25443449616432 -0.12130571901798 0.91546183824539
-0.26413822174072 -0.12613466382027 0.91550767421722
-0.27374973893166 -0.13117729127407 0.91548925638199
-0.28317350149155 -0.13652457296848 0.91548007726669
-0.29293841123581 -0.14127923548222 0.91550809144974
-0.30246376991272 -0.14651562273502 0.91551840305328
