-0.027776226401329 0.06713892519474 1.2774186134338 0.0025991124566644 0.00040508207166567 -3.0634658336639 3.1749390473124e-05
-0.037355605512857 0.072765529155731 1.2580150365829 0.0025727902539074 0.00048710728879087 -3.0165545940399 3.9479033148382e-05
-0.046946853399277 0.078414633870125 1.2386367321014 0.0026873874012381 0.00079456140520051 -2.9701762199402 2.0644421965699e-05
-0.056564770638943 0.084038317203522 1.2192507982254 0.0027027905452996 0.00098007719498128 -2.9241895675659 -2.4117127395584e-05
-0.066180981695652 0.089663460850716 1.1998581886292 0.0028536783065647 0.0011745881056413 -2.877733707428 -2.5257182642235e-05
-0.075751267373562 0.095312908291817 1.1805028915405 0.0029352365527302 0.001307871309109 -2.8314044475555 -1.6881380133782e-06
-0.085346668958664 0.10097560286522 1.1611125469208 0.0030735149048269 0.0016531620640308 -2.7841730117798 0.00010197661322309
-0.094949349761009 0.10659942030907 1.1417161226273 0.0034245431888849 0.0019194185733795 -2.7379212379456 1.7229744116776e-05
-0.10453450679779 0.11224514245987 1.122333407402 0.0036314136814326 0.0024169608950615 -2.691374540329 2.0749755549332e-06
-0.1141342818737 0.11788780987263 1.1029558181763 0.0037602889351547 0.0029076966457069 -2.6446154117584 0.00010169906454394
-0.12373942136765 0.12352316081524 1.0835555791855 0.0040353913791478 0.0031066138762981 -2.5979034900665 1.4663100955659e-05
-0.13334123790264 0.12915128469467 1.0641820430756 0.004312071017921 0.0034828879870474 -2.5517103672028 0.00010056884639198
-0.14294999837875 0.13478162884712 1.0447995662689 0.0044444748200476 0.0038508560974151 -2.5054616928101 5.0349965022178e-05
-0.15255253016949 0.14042690396309 1.0254081487656 0.0043090838007629 0.003912094514817 -2.4591403007507 0.00010807086800924
-0.16215179860592 0.14606136083603 1.0060319900513 0.0036749085411429 0.0034143864177167 -2.4126033782959 9.5541632617824e-05
-0.17173844575882 0.15168151259422 0.98664849996567 0.0022574267350137 0.002059894381091 -2.3664035797119 6.5550491854083e-05
-0.18133942782879 0.15733125805855 0.96725684404373 -0.00018499315774534 -0.00057204888435081 -2.3201510906219 8.8459331891499e-05
-0.18866859376431 0.16132824122906 0.95012789964676 -0.0031553239095956 -0.0036077434197068 -2.27907538414 -0.0028425564523786
-0.17925779521465 0.15323561429977 0.94994974136353 -0.0017935438081622 -0.0024162819609046 -2.2780621051788 -0.0091254971921444
-0.16963343322277 0.14503026008606 0.94995141029358 -0.00047642333083786 -0.00097963027656078 -2.2766103744507 -0.015300591476262
-0.1600416302681 0.13684570789337 0.94995033740997 0.0010258492548019 0.00070751988096163 -2.2758498191833 -0.021579081192613
-0.15044759213924 0.1286518573761 0.94996708631516 0.0024041100405157 0.0026961844414473 -2.2765655517578 -0.027860449627042
-0.14085841178894 0.12042611837387 0.94994378089905 0.0039261127822101 0.0046587847173214 -2.2769498825073 -0.03391145542264
-0.13125802576542 0.11222955584526 0.94995033740997 0.0051333648152649 0.0061675887554884 -2.276287317276 -0.040243193507195
-0.12164676189423 0.10402419418097 0.94996291399002 0.0057458020746708 0.007270154543221 -2.2763774394989 -0.046606708317995
-0.11205679178238 0.09581246972084 0.94996690750122 0.0057391957379878 0.0076635391451418 -2.2765281200409 -0.053114004433155
-0.10246279835701 0.087597608566284 0.94995135068893 0.0053046164102852 0.0069026378914714 -2.2768783569336 -0.059383939951658
-0.09284819662571 0.079403534531593 0.94995647668839 0.0042999847792089 0.0057118232361972 -2.2768933773041 -0.065748177468777
-0.083277732133865 0.071203753352165 0.94993060827255 0.0030947579070926 0.0041061011143029 -2.277087688446 -0.072083085775375
-0.073651939630508 0.063002713024616 0.94995194673538 0.0020097405649722 0.0026629203930497 -2.2771286964417 -0.078554004430771
-0.068414881825447 0.05849777162075 0.97102332115173 -0.0026650377549231 -0.0030301245860755 -2.278213262558 -0.088845379650593
-0.068415015935898 0.058477368205786 1.0189975500107 -0.0091136489063501 -0.011809177696705 -2.277604341507 -0.089217163622379
-0.068418025970459 0.058468509465456 1.0670195817947 -0.012223604135215 -0.016652787104249 -2.2773933410645 -0.088995523750782
-0.068420812487602 0.05847205594182 1.1149837970734 -0.013457147404552 -0.018932761624455 -2.2771294116974 -0.089062288403511
-0.068427443504333 0.058428723365068 1.1629265546799 -0.014250842854381 -0.020112108439207 -2.2767677307129 -0.08905603736639
-0.068433910608292 0.058442875742912 1.2109785079956 -0.014711470343173 -0.021044239401817 -2.276670217514 -0.089219607412815
