-0.09515443444252 0.22971245646477 -1.8147444725037 -1.5590906143188 -1.7443449497223 -0.00056270905770361 3.1749390473124e-05
-0.14868846535683 0.22109028697014 -1.8576967716217 -1.5076005458832 -1.8443508148193 -0.00092963525094092 3.9479033148382e-05
-0.2018224298954 0.20731255412102 -1.896693944931 -1.4550349712372 -1.9437687397003 -0.0012095386628062 2.0644421965699e-05
-0.2542237341404 0.18828722834587 -1.9317255020142 -1.4012935161591 -2.0427398681641 -0.0016069824341685 -2.4117127395584e-05
-0.30531397461891 0.16421076655388 -1.9627268314362 -1.3465683460236 -2.1400170326233 -0.0022399837616831 -2.5257182642235e-05
-0.35486879944801 0.13530871272087 -1.9896109104156 -1.2912361621857 -2.2361581325531 -0.0028610641602427 -1.6881380133782e-06
-0.40279474854469 0.10146567225456 -2.0122051239014 -1.2355382442474 -2.3312299251556 -0.003713887417689 0.00010197661322309
-0.44840112328529 0.063475579023361 -2.0307374000549 -1.1800701618195 -2.4227695465088 -0.0046985559165478 1.7229744116776e-05
-0.49196854233742 0.02141472697258 -2.0448980331421 -1.1251711845398 -2.5130639076233 -0.0062826089560986 2.0749755549332e-06
-0.53322970867157 -0.02426341176033 -2.0547413825989 -1.0714502334595 -2.6008276939392 -0.008269589394331 0.00010169906454394
-0.57220089435577 -0.073159486055374 -2.0601999759674 -1.0196206569672 -2.6862378120422 -0.010765593498945 1.4663100955659e-05
-0.60888040065765 -0.12477067112923 -2.0612444877625 -0.9705662727356 -2.7695164680481 -0.014522116631269 0.00010056884639198
-0.64328634738922 -0.17862585186958 -2.057904958725 -0.92500448226929 -2.8502912521362 -0.019504588097334 5.0349965022178e-05
-0.67551028728485 -0.23447158932686 -2.0501453876495 -0.88396620750427 -2.9287047386169 -0.026712458580732 0.00010807086800924
-0.70565903186798 -0.2920358479023 -2.0377819538116 -0.84833765029907 -3.0053932666779 -0.036312382668257 9.5541632617824e-05
-0.73379385471344 -0.35092213749886 -2.0211472511292 -0.8181414604187 -3.0799379348755 -0.048492234200239 6.5550491854083e-05
-0.76003444194794 -0.4104805290699 -2.0008685588837 -0.79165005683899 -3.1523349285126 -0.06128029152751 8.8459331891499e-05
-0.77827036380768 -0.46214678883553 -1.9820663928986 -0.76729774475098 -3.2116637229919 -0.069695755839348 -0.0028425564523786
-0.74962556362152 -0.45633414387703 -1.9920756816864 -0.76521849632263 -3.1841523647308 -0.07174925506115 -0.0091254971921444
-0.72019398212433 -0.45072963833809 -2.0009891986847 -0.76489496231079 -3.1561326980591 -0.07467083632946 -0.015300591476262
-0.69058191776276 -0.44541099667549 -2.0091536045074 -0.7650408744812 -3.1268455982208 -0.077692791819572 -0.021579081192613
-0.6607426404953 -0.44019892811775 -2.016987323761 -0.76432013511658 -3.0961909294128 -0.079697176814079 -0.027860449627042
-0.63072526454926 -0.4354148209095 -2.0241370201111 -0.76154565811157 -3.066011428833 -0.079244181513786 -0.03391145542264
-0.60065495967865 -0.43074777722359 -2.031031370163 -0.75546860694885 -3.0362076759338 -0.075311467051506 -0.040243193507195
-0.57050716876984 -0.42614534497261 -2.0380156040192 -0.74547791481018 -3.0060451030731 -0.067783638834953 -0.046606708317995
-0.54038822650909 -0.42194083333015 -2.0448126792908 -0.73206901550293 -2.9759693145752 -0.05701832473278 -0.053114004433155
-0.51031601428986 -0.41834047436714 -2.05118060112 -0.71661162376404 -2.9457795619965 -0.044218823313713 -0.059383939951658
-0.48036086559296 -0.41554573178291 -2.0566029548645 -0.70103907585144 -2.9157211780548 -0.031240746378899 -0.065748177468777
-0.4506026506424 -0.41380909085274 -2.0605273246765 -0.68751239776611 -2.8857574462891 -0.019899412989616 -0.072083085775375
-0.4210330247879 -0.41307428479195 -2.0626242160797 -0.67736458778381 -2.8562505245209 -0.011144205927849 -0.078554004430771
-0.40487802028656 -0.36759498715401 -2.0570545196533 -0.70096302032471 -2.8392770290375 0.015258029103279 -0.088845379650593
-0.40488421916962 -0.27404096722603 -2.0270826816559 -0.78927159309387 -2.8392293453217 0.049919798970222 -0.089217163622379
-0.40487015247345 -0.19484928250313 -1.9783537387848 -0.89834594726562 -2.8391599655151 0.068457320332527 -0.088995523750782
-0.40489876270294 -0.13142231106758 -1.9134578704834 -1.0173172950745 -2.8394405841827 0.077756121754646 -0.089062288403511
-0.40487849712372 -0.083432704210281 -1.8346469402313 -1.139190196991 -2.8393821716309 0.08283443748951 -0.08905603736639
-0.40490472316742 -0.050292760133743 -1.7429575920105 -1.2607207298279 -2.8394250869751 0.086117938160896 -0.089219607412815
