-4.3272069660816e-07 -5.5546863109157e-08 0.9148388504982
-8.2214171470696e-07 -5.5704407486701e-07 0.91483908891678
-1.162796479548e-06 -1.094186472983e-06 0.91483920812607
-1.4922509308235e-06 -6.5623635236989e-07 0.91483914852142
-1.5305455463022e-06 -5.1259570454931e-07 0.91483938694
-1.4528362726196e-06 -4.6763457817178e-07 0.91483944654465
-1.6202852748393e-06 -2.8953985520275e-07 0.91483956575394
-1.5543776044069e-06 -1.9415814733748e-07 0.91483974456787
-2.0628576749004e-06 -3.4655920444493e-07 0.91483986377716
-2.2657370664092e-06 -1.2196953491639e-07 0.91483986377716
-2.1201262825343e-06 -1.8669985024644e-07 0.91483998298645
-1.9292779143143e-06 -3.1165822633739e-07 0.91483980417252
-1.8551493212726e-06 -1.3165998780096e-07 0.91484004259109
-1.875091356851e-06 -1.3924713826441e-08 0.91483992338181
-1.6310241335304e-06 -1.4336516862556e-08 0.91483980417252
-1.497323410149e-06 1.1975679115039e-07 0.91483986377716
-1.5658503116356e-06 -3.184279648849e-07 0.91483980417252
-1.0116118573933e-06 -5.3374230901682e-07 0.91483974456787
-1.3656268720297e-06 -3.1377857112602e-07 0.91484004259109
-9.4362269464909e-07 -4.0586061800241e-07 0.91484034061432
-1.0114692940988e-06 -1.1398464039303e-07 0.91484034061432
-1.4615983445765e-06 -1.4619351418332e-07 0.91484034061432
-1.9318745216879e-06 -5.233565616436e-07 0.91484069824219
-1.8231731928608e-06 -5.7690044741321e-07 0.91484093666077
-1.8931879139927e-06 -7.827868557797e-07 0.91484093666077
-2.3068428163242e-06 -7.5333025506552e-07 0.91484117507935
-2.3893637717265e-06 -9.3212497631612e-07 0.91484129428864
-2.1710468445235e-06 -5.5121063269326e-07 0.91484117507935
-2.4905436930567e-06 -3.8320902717714e-07 0.91484147310257
-2.4094981654343e-06 -2.7371515898267e-07 0.91484153270721
0.00028246891452 0.00088346982374787 0.93177103996277
0.00043742635170929 0.000800397596322 0.98003721237183
0.00091790623264387 0.000459353759652 1.0277819633484
0.00098529423121363 0.00045432316255756 1.0752977132797
0.0010100704384968 0.00047035768511705 1.1229201555252
0.0012033500242978 0.00060292461421341 1.1704103946686
