-0.02053433470428 0.074469238519669 1.2749229669571 0.0028334704693407 0.00014237611321732 -3.0965061187744 9.951853826351e-06
-0.026206567883492 0.084047734737396 1.2541363239288 0.0028185856062919 0.0003651142178569 -3.071314573288 -2.3044638510328e-05
-0.031858090311289 0.093654215335846 1.2333526611328 0.0028103785589337 0.00054719211766496 -3.0453009605408 -5.290210901876e-05
-0.03755385056138 0.10324655473232 1.2125852108002 0.002827855059877 0.00070524617331102 -3.0200591087341 2.9479446311598e-05
-0.043238610029221 0.11286184191704 1.19182908535 0.0028258797246963 0.00079049827763811 -2.9937219619751 1.6513980881427e-05
-0.048913717269897 0.12246572971344 1.17105281353 0.0030250118579715 0.00092247652355582 -2.9679687023163 0.00010373915574746
-0.054591700434685 0.1320543885231 1.1502784490585 0.0031820174772292 0.0010653487406671 -2.9420800209045 2.7385347493691e-05
-0.060267515480518 0.14166831970215 1.1295177936554 0.0032842338550836 0.0013201679103076 -2.9158244132996 -3.3601016184548e-05
-0.065960988402367 0.15125904977322 1.10875248909 0.0036457804962993 0.0013509696582332 -2.8903875350952 5.0922302762046e-05
-0.071650989353657 0.16084425151348 1.0879701375961 0.0040670288726687 0.0018348741577938 -2.8648684024811 -2.8714041036437e-05
-0.07728622853756 0.17046219110489 1.0672029256821 0.0044496315531433 0.0021155474241823 -2.8382453918457 3.5796496376861e-05
-0.08299095928669 0.18004629015923 1.0464345216751 0.0049146274104714 0.0025120852515101 -2.8128945827484 3.3426280424464e-05
-0.088659405708313 0.18966421484947 1.0256642103195 0.005477465223521 0.0027995114214718 -2.7859692573547 0.00010820400348166
-0.094343960285187 0.19926287233829 1.0048949718475 0.0060934564098716 0.0034382257144898 -2.7597010135651 0.00015902287850622
-0.10003179311752 0.20885790884495 0.98412024974823 0.0068518631160259 0.0038532556500286 -2.73379945755 9.9249547929503e-05
-0.10567644238472 0.21845132112503 0.96336418390274 0.007384866476059 0.0045549850910902 -2.7071919441223 1.3389316336543e-05
-0.10757701098919 0.22096180915833 0.94999206066132 0.0050290767103434 0.0033896462991834 -2.6870572566986 -0.0045366808772087
-0.10292047262192 0.21138626337051 0.94998025894165 0.0015361652476713 0.00092973501887172 -2.6870379447937 -0.01088896766305
-0.098243340849876 0.20178396999836 0.94998359680176 0.00029885894036852 0.00017788248078432 -2.6876363754272 -0.017155854031444
-0.093577057123184 0.19218695163727 0.94998401403427 -9.8166747193318e-06 -4.0654882468516e-05 -2.6875166893005 -0.023192282766104
-0.088909387588501 0.18257020413876 0.94997680187225 -7.3310453444719e-05 -0.00021984774502926 -2.6875891685486 -0.029465122148395
-0.084232598543167 0.17298905551434 0.94998496770859 -0.00013146018318366 -0.00026014418108389 -2.6871709823608 -0.035954002290964
-0.079556688666344 0.16338886320591 0.94997429847717 -0.00020076417422388 -0.0002132964291377 -2.6870203018188 -0.042230103164911
-0.07488489151001 0.15379366278648 0.94997316598892 -0.00026580973644741 -0.00023240823065862 -2.6866400241852 -0.049064509570599
-0.070217594504356 0.14419355988503 0.94997072219849 -0.00031062398920767 -0.00020403307280503 -2.686760187149 -0.055371556431055
-0.065537616610527 0.13459968566895 0.94997161626816 -0.00026733981212601 -0.00028073883731849 -2.6871275901794 -0.061639089137316
-0.06087376922369 0.12498639523983 0.94997322559357 -0.00029982399428263 -0.00026562868151814 -2.6870491504669 -0.068028330802917
-0.056195713579655 0.11540667712688 0.94997560977936 -0.00043817819096148 -0.00039055215893313 -2.6869428157806 -0.074304454028606
-0.051533661782742 0.10579834878445 0.94995760917664 -0.00050080457003787 -0.00032074979390018 -2.6867847442627 -0.08052085340023
-0.046856194734573 0.096198976039886 0.94996559619904 -0.00056531833251938 -0.00049153645522892 -2.6867775917053 -0.086736559867859
-0.042183548212051 0.086561620235443 0.95002675056458 -0.0011988726910204 -0.0003448065253906 -2.6869921684265 -0.091933712363243
-0.039388738572598 0.08095708489418 0.96670919656754 -0.0068639982491732 -0.0048255217261612 -2.6878015995026 -0.094835981726646
-0.039409182965755 0.080901131033897 1.014655828476 -0.0091027971357107 -0.0066027683205903 -2.688648223877 -0.094088681042194
-0.039420999586582 0.080905586481094 1.0626406669617 -0.0085812443867326 -0.0063028670847416 -2.688539981842 -0.093897238373756
-0.0394287109375 0.080880776047707 1.1106462478638 -0.0079255467280746 -0.0057699014432728 -2.6890006065369 -0.093302622437477
-0.039421781897545 0.080907851457596 1.1586219072342 -0.0072674471884966 -0.005947413854301 -2.6882627010345 -0.09284070879221
-0.039418190717697 0.080851957201958 1.2065862417221 -0.0075605767779052 -0.0052871378138661 -2.6888742446899 -0.092480130493641
