-0.057693865150213 0.26014944911003 -1.8434557914734 -1.5610268115997 -1.673198223114 -0.00025801011361182 9.951853826351e-06
-0.091754585504532 0.27047154307365 -1.903876543045 -1.5109615325928 -1.7328329086304 -0.00050548859871924 -2.3044638510328e-05
-0.12760058045387 0.27672907710075 -1.9614813327789 -1.4597353935242 -1.7946650981903 -0.00078539201058447 -5.290210901876e-05
-0.16496792435646 0.27880951762199 -2.016420841217 -1.4069123268127 -1.8577795028687 -0.0010700637940317 2.9479446311598e-05
-0.20387759804726 0.27619978785515 -2.0685279369354 -1.3524231910706 -1.9225478172302 -0.0013013298157603 1.6513980881427e-05
-0.24403992295265 0.26875826716423 -2.1179738044739 -1.2956936359406 -1.9884293079376 -0.0016446525696665 0.00010373915574746
-0.28546443581581 0.25588032603264 -2.1644387245178 -1.2367427349091 -2.0557088851929 -0.0021582061890513 2.7385347493691e-05
-0.32808318734169 0.23730704188347 -2.2078285217285 -1.1751620769501 -2.1244468688965 -0.0026469642762095 -3.3601016184548e-05
-0.37148061394691 0.21273705363274 -2.2480089664459 -1.1110818386078 -2.1935980319977 -0.0031722004059702 5.0922302762046e-05
-0.4155401289463 0.18179652094841 -2.284726858139 -1.0442447662354 -2.2634975910187 -0.0041718892753124 -2.8714041036437e-05
-0.46017780900002 0.1443085372448 -2.3176760673523 -0.9748227596283 -2.3342351913452 -0.0052075795829296 3.5796496376861e-05
-0.50493514537811 0.10029551386833 -2.3466653823853 -0.90324974060059 -2.4046523571014 -0.0066554956138134 3.3426280424464e-05
-0.54994666576385 0.049560517072678 -2.371178150177 -0.82980799674988 -2.4761347770691 -0.0084758214652538 0.00010820400348166
-0.59471213817596 -0.0073046982288361 -2.3910224437714 -0.75545406341553 -2.5471796989441 -0.011039774864912 0.00015902287850622
-0.63906824588776 -0.069737702608109 -2.4059438705444 -0.68130660057068 -2.617814540863 -0.014179509133101 9.9249547929503e-05
-0.68277752399445 -0.13693502545357 -2.4157247543335 -0.60842156410217 -2.6874995231628 -0.018446248024702 1.3389316336543e-05
-0.69775283336639 -0.18323305249214 -2.4197771549225 -0.55324840545654 -2.7228081226349 -0.014199059456587 -0.0045366808772087
-0.6630140542984 -0.18433430790901 -2.4209232330322 -0.54023385047913 -2.6882500648499 -0.0036890916526318 -0.01088896766305
-0.62886989116669 -0.18627217411995 -2.4190809726715 -0.53690147399902 -2.6541264057159 -0.00057606026530266 -0.017155854031444
-0.59548056125641 -0.18901327252388 -2.4155158996582 -0.5368230342865 -2.6207137107849 0.00030132010579109 -0.023192282766104
-0.56283247470856 -0.19241026043892 -2.4108514785767 -0.53790616989136 -2.5877306461334 0.00048299506306648 -0.029465122148395
-0.53124558925629 -0.19653585553169 -2.4050381183624 -0.53950810432434 -2.5563402175903 0.00061507895588875 -0.035954002290964
-0.50049269199371 -0.20142105221748 -2.3982181549072 -0.54136300086975 -2.5258491039276 0.00064035132527351 -0.042230103164911
-0.47078001499176 -0.2069356739521 -2.3904113769531 -0.54355621337891 -2.4964835643768 0.00070520117878914 -0.049064509570599
-0.441929936409 -0.21296599507332 -2.3817942142487 -0.54609751701355 -2.4675371646881 0.00067754462361336 -0.055371556431055
-0.41398537158966 -0.2194929420948 -2.3723621368408 -0.54900145530701 -2.4392881393433 0.00066991522908211 -0.061639089137316
-0.38717019557953 -0.22668197751045 -2.3618700504303 -0.55225205421448 -2.4125983715057 0.00075669959187508 -0.068028330802917
-0.36130654811859 -0.23435905575752 -2.3506293296814 -0.55573225021362 -2.3867270946503 0.00075431540608406 -0.074304454028606
-0.33649337291718 -0.24265602231026 -2.3384766578674 -0.55943846702576 -2.3621294498444 0.00086208060383797 -0.08052085340023
-0.31256330013275 -0.2512791454792 -2.3255980014801 -0.56363296508789 -2.3381803035736 0.00091691687703133 -0.086736559867859
-0.28950846195221 -0.2603180706501 -2.311812877655 -0.5687837600708 -2.3147685527802 0.00053353980183601 -0.091933712363243
-0.27598488330841 -0.22257736325264 -2.2954411506653 -0.61168217658997 -2.3001427650452 0.0091661997139454 -0.094835981726646
-0.27585995197296 -0.10983064770699 -2.2514915466309 -0.76447939872742 -2.2996509075165 0.01229091361165 -0.094088681042194
-0.27590763568878 -0.017039567232132 -2.1903529167175 -0.91937351226807 -2.2997939586639 0.011957127600908 -0.093897238373756
-0.27585971355438 0.055065363645554 -2.1155972480774 -1.06707072258 -2.2995936870575 0.011004883795977 -0.093302622437477
-0.27591931819916 0.1074797809124 -2.0286631584167 -1.2071485519409 -2.2998325824738 0.01057143881917 -0.09284070879221
-0.27580225467682 0.14186832308769 -1.9305844306946 -1.3400483131409 -2.2994811534882 0.010230977088213 -0.092480130493641
