-2.0650628584917e-07 -6.0705031046382e-07 0.91483908891678
-6.6518621721912e-09 -8.9597568830868e-07 0.91483896970749
3.1543510203846e-07 -8.551083965358e-07 0.91483891010284
-1.1904747054814e-07 -4.9962403636528e-07 0.91483891010284
-1.038749246618e-07 -5.4002623528504e-07 0.91483879089355
-2.084713912609e-07 -2.9508950660784e-07 0.91483873128891
9.2675591645275e-08 -3.7168655353526e-07 0.91483879089355
2.0304987913278e-07 -3.41205947052e-07 0.91483896970749
-1.937602291946e-07 -5.6477887255824e-07 0.9148388504982
-1.9713922938536e-07 -4.8055716206363e-07 0.91483891010284
-2.3406508375956e-07 -8.2536803347466e-07 0.91483891010284
-2.695817897802e-07 -7.3782979370662e-07 0.91483908891678
-2.3073161514731e-07 -1.1607172609729e-06 0.91483920812607
1.0235953595839e-07 -1.3461660728353e-06 0.91483902931213
-2.7033013338951e-07 -1.3646730394612e-06 0.91483902931213
-2.1021101304086e-07 -1.3115575256961e-06 0.91483908891678
-3.3461623161202e-07 -1.2882638884548e-06 0.91483932733536
-1.2593065434885e-07 -1.1273292557235e-06 0.91483914852142
-4.3678261363311e-07 -1.3135737617631e-06 0.91483938694
-3.5239290241407e-07 -1.0383438393546e-06 0.91483932733536
-4.6432279532382e-07 -1.2651954648391e-06 0.91483944654465
-6.6058811398761e-07 -1.5747866655147e-06 0.91483974456787
-4.5394602921078e-07 -1.2528230399766e-06 0.91483986377716
-1.9509963067321e-07 -1.6565302303206e-06 0.91483992338181
-7.0355775960707e-07 -2.4496491732862e-06 0.91484004259109
-5.3051843451613e-07 -2.6341633656557e-06 0.91483980417252
-7.4976975383834e-07 -2.387875383647e-06 0.91483962535858
-7.61080286793e-07 -2.1753098735644e-06 0.91483956575394
-1.1635371492957e-06 -2.1237078726699e-06 0.91483950614929
-1.0355543054175e-06 -2.187275867982e-06 0.91483962535858
0.0015128313098103 -0.0028637801297009 0.91656863689423
0.0034036894794554 -0.0062714740633965 0.93290579319
0.0039916532114148 -0.0087921302765608 0.97734034061432
0.0038965893909335 -0.0087005347013474 1.0237326622009
0.004010658711195 -0.0089316861703992 1.070428609848
0.0042384997941554 -0.0093259215354919 1.1165987253189
0.0041214404627681 -0.009388611651957 1.1631939411163
