-0.0048504248261452 0.074444174766541 1.2791358232498 0.002585717709735 8.4362342022359e-05 3.1262550354004 2.6535166398389e-05
-0.0020258761942387 0.084047421813011 1.2606995105743 0.002533542457968 -7.111846935004e-05 3.1176855564117 4.6136803575791e-05
0.00073130428791046 0.093656525015831 1.2422642707825 0.0024785464629531 -0.00011968745093327 3.1079361438751 4.8225057980744e-05
0.0035297740250826 0.10326373577118 1.2238261699677 0.0023190535139292 -7.4580617365427e-05 3.0993363857269 7.8878852946218e-05
0.0063037499785423 0.11285343766212 1.2053829431534 0.0023949737660587 -0.00029560655821115 3.0902781486511 5.0933966122102e-05
0.009115083143115 0.12247364223003 1.1869486570358 0.0023094988428056 -0.00020986078015994 3.0816926956177 -3.9632534026168e-05
0.01187102496624 0.13205401599407 1.1685162782669 0.0023361679632217 -0.00014479583478533 3.072292804718 4.6646298869746e-05
0.014648862183094 0.14166820049286 1.1500805616379 0.0022375129628927 -0.00032291343086399 3.0635499954224 -1.2484107173805e-05
0.017425524070859 0.15126703679562 1.1316406726837 0.002300089225173 -0.00028105356614105 3.0543482303619 3.6686440580525e-05
0.020223695784807 0.16085478663445 1.113197684288 0.0023218633141369 -0.00025992427254096 3.0454041957855 1.435744434275e-05
0.02296656370163 0.17046508193016 1.0947592258453 0.0024415038060397 -0.00034480798058212 3.0370078086853 8.725025691092e-05
0.025780141353607 0.18006108701229 1.0763255357742 0.0025474797002971 -0.0006443519378081 3.0285618305206 -1.1044105121982e-05
0.028550174087286 0.18965494632721 1.0578864812851 0.0026318726595491 -0.00060218520229682 3.0204708576202 7.2390575951431e-06
0.031330607831478 0.19926519691944 1.0394473075867 0.002829915843904 -0.00068040669430047 3.0128684043884 -1.8459403463567e-06
0.034117043018341 0.20886544883251 1.0210158824921 0.002842417685315 -0.00086748524336144 3.0055079460144 7.7662320109084e-05
0.03689020127058 0.21846079826355 1.0025777816772 0.0031019754242152 -0.0010358404833823 2.9990358352661 1.7130820197053e-05
0.039681311696768 0.22806212306023 0.98414170742035 0.0031498777680099 -0.0012087955838069 2.995414018631 2.0287909137551e-05
0.042460635304451 0.23764821887016 0.96570539474487 0.0025706072337925 -0.0010226423619315 2.9971807003021 -1.5276777048712e-05
0.04460459202528 0.24458706378937 0.95009160041809 0.0017845388501883 -0.00055879342835397 2.9979910850525 8.6521577031817e-05
0.042946435511112 0.23521211743355 0.95001626014709 0.0047321701422334 -0.0015672515146434 2.9358448982239 7.1408765506931e-05
0.04120097309351 0.22559478878975 0.95000028610229 0.0060017588548362 -0.0020455201156437 2.9455304145813 1.8548169464339e-05
0.039437681436539 0.21598547697067 0.94999867677689 0.004409187939018 -0.0014142596628517 2.9505031108856 9.6990015663323e-06
0.037683725357056 0.20636981725693 0.9499945640564 0.002955247880891 -0.00091069412883371 2.9534072875977 -8.9977920652018e-06
0.035929899662733 0.19679152965546 0.94999504089355 0.0019072275608778 -0.00056408270029351 2.9554514884949 7.4478135502432e-05
0.034133065491915 0.18718779087067 0.94999068975449 0.001325493096374 -0.00036920479033142 2.956182718277 2.2371791601472e-06
0.032403081655502 0.17758151888847 0.94999045133591 0.00083491095574573 -0.00015350861940533 2.957355260849 -1.1606726729951e-05
0.030639968812466 0.16796988248825 0.9499899148941 0.00054519140394405 -0.00013788841897622 2.9571030139923 5.8512829127721e-05
0.02891943603754 0.15837439894676 0.94998615980148 0.00037218770012259 -4.8167905333685e-05 2.9585328102112 -2.641576975293e-05
0.027187578380108 0.14879095554352 0.94998681545258 0.00015220108616631 3.4046035580104e-05 2.9594988822937 4.5598455471918e-05
0.025402832776308 0.13919188082218 0.9499843120575 5.314452573657e-05 3.0101178708719e-05 2.9594728946686 2.4276687327074e-05
0.023663990199566 0.12958657741547 0.94997978210449 -8.0941535998136e-05 7.0698049967177e-05 2.9598617553711 0.00010166483843932
0.021893434226513 0.11998942494392 0.94998347759247 -0.00028031642432325 0.00020404343376867 2.9592962265015 -3.8921180021134e-06
0.020149089396 0.11039604246616 0.94997560977936 -0.00036106520565227 0.00013272925571073 2.9595522880554 3.2399475458078e-05
0.018388621509075 0.10079011321068 0.94997882843018 -0.00056445843074471 0.00019412115216255 2.959438085556 4.9023128667613e-05
0.016624320298433 0.09118664264679 0.94996988773346 -0.00068717333488166 0.00023398069606628 2.9588115215302 1.4980711057433e-05
0.014898188412189 0.081593468785286 0.94998449087143 -0.00086503650527447 0.00037723913555965 2.9599943161011 -2.7420945116319e-05
0.013152677565813 0.071986898779869 0.94998371601105 -0.0010237824171782 0.00026636433904059 2.9597661495209 6.6099499235861e-05
0.011411905288696 0.062392115592957 0.94998115301132 -0.0011081758420914 0.00025146169355139 2.9600346088409 2.5502456992399e-05
0.0096582509577274 0.052807405591011 0.94997322559357 -0.0013287630863488 0.00028064311482012 2.9600286483765 2.1714462491218e-05
0.0078984834253788 0.043192282319069 0.94996327161789 -0.0013348303036764 0.00029519607778639 2.9596834182739 3.6896437904943e-06
0.0061081759631634 0.033597096800804 0.94996762275696 -0.0011650683591142 0.00027118664002046 2.9597291946411 -1.0004067007685e-05
0.0044009648263454 0.024022430181503 0.94996440410614 -0.0014030413003638 0.00029227117192931 2.9598355293274 7.601182005601e-05
0.0026380755007267 0.014399781823158 0.94997376203537 -0.0014525149017572 0.00034175062319264 2.9603700637817 6.5555846958887e-05
0.00087135657668114 0.0048021227121353 0.94996386766434 -0.0013249854091555 0.00028934373403899 2.9601068496704 3.7648253055522e-05
-0.00089916028082371 -0.0048101246356964 0.94995296001434 -0.0012568867532536 0.00041193736251444 2.9599356651306 4.5028755266685e-05
-0.0026121865957975 -0.014400824904442 0.94994968175888 -0.0011985567398369 0.00030269438866526 2.9606654644012 3.1754309475218e-06
-0.0043573454022408 -0.023998737335205 0.94994783401489 -0.0012189048575237 0.00038569467142224 2.9605720043182 8.8283501099795e-05
-0.0061312187463045 -0.033607579767704 0.94995296001434 -0.0013177552027628 0.00037898370646872 2.9598665237427 7.4775278335437e-05
-0.0078794229775667 -0.043202847242355 0.9499483704567 -0.0012989277020097 0.0002505227457732 2.9597456455231 -1.7876217270896e-06
-0.0096338763833046 -0.052802547812462 0.94994461536407 -0.0013596443459392 0.00032404568628408 2.9606139659882 -9.1407571289892e-07
-0.011353788897395 -0.062373831868172 0.94991022348404 -0.0012171695707366 0.00030519667780027 2.961761713028 5.1240014727227e-05
-0.013074573129416 -0.071996614336967 0.94992756843567 -0.0012761743273586 0.00033891128259711 2.9610781669617 1.1741379239538e-05
-0.014882676303387 -0.081594362854958 0.94991391897202 -0.0012852160725743 0.00023923613480292 2.9604496955872 3.3550099033164e-05
-0.01662165671587 -0.091194212436676 0.94992363452911 -0.0014423972461373 0.000423433521064 2.9607620239258 5.4236876167124e-05
-0.018382683396339 -0.10077849775553 0.94992482662201 -0.0012825123267248 0.00033523369347677 2.9607167243958 1.4631652447861e-05
-0.02011876553297 -0.1103838160634 0.94989633560181 -0.0013116030022502 0.00038941481034271 2.9612307548523 1.4586755241908e-05
-0.021865908056498 -0.11997797340155 0.94988459348679 -0.0014207300264388 0.00051436980720609 2.9609866142273 5.0145612476626e-05
-0.023639615625143 -0.12958016991615 0.94989919662476 -0.001454058336094 0.00039716268656775 2.9603295326233 4.5036355004413e-05
-0.025363657623529 -0.13917189836502 0.949935734272 -0.0015598788158968 0.0003614125889726 2.9613075256348 5.5707303545205e-05
-0.027149219065905 -0.14878252148628 0.94991159439087 -0.0014805387472734 0.00037114167935215 2.9608020782471 6.9758403697051e-05
-0.028872095048428 -0.15836688876152 0.94988435506821 -0.001137827988714 0.00034079951001331 2.960693359375 1.8980623281095e-05
-0.0306141898036 -0.16798366606236 0.94988524913788 -0.001433530007489 0.00028190674493089 2.9611144065857 -6.392883733497e-06
-0.032410502433777 -0.17758026719093 0.94983875751495 -0.0010388997616246 0.00026164753944613 2.9607610702515 -1.7773530998966e-05
-0.034162048250437 -0.18718209862709 0.94987922906876 -0.001174072152935 0.00032100063981488 2.9604682922363 4.5389006118057e-05
-0.035880539566278 -0.19678094983101 0.94983470439911 -0.0011493205092847 0.00021704824757762 2.9612185955048 0.00010097266203957
-0.037634491920471 -0.20637458562851 0.94980508089066 -0.00084561912808567 0.00037742557469755 2.9611296653748 -5.9012031670136e-06
-0.039391238242388 -0.21600499749184 0.94987809658051 -0.0010811854153872 0.00017475776257925 2.9606380462646 0.00011317144526402
-0.041137594729662 -0.22558683156967 0.94986206293106 -0.0012026680633426 0.0003278469084762 2.9605650901794 3.3073498343583e-05
-0.042926289141178 -0.23517188429832 0.94991815090179 -0.00096340500749648 0.00029140672995709 2.9605677127838 3.4574143228383e-06
