0.025818202644587 0.28385683894157 -1.8495736122131 -1.5783846378326 -1.5297029018402 7.7206423156895e-05 2.6535166398389e-05
0.041662070900202 0.31085774302483 -1.9150376319885 -1.5398728847504 -1.5048506259918 0.00026555708609521 4.6136803575791e-05
0.058885905891657 0.33683773875237 -1.9791574478149 -1.5016901493073 -1.4784243106842 0.00032087019644678 4.8225057980744e-05
0.077389091253281 0.36181589961052 -2.0420670509338 -1.4636521339417 -1.4510507583618 0.00040479353629053 7.8878852946218e-05
0.097686141729355 0.38580557703972 -2.103883266449 -1.4258887767792 -1.4216246604919 0.00049110106192529 5.0933966122102e-05
0.11976847052574 0.40888401865959 -2.1648638248444 -1.3879163265228 -1.3907301425934 0.00055642775259912 -3.9632534026168e-05
0.1440723836422 0.43097683787346 -2.2249784469604 -1.349889755249 -1.357489824295 0.00062604597769678 4.6646298869746e-05
0.17100271582603 0.4521732032299 -2.2844970226288 -1.3115839958191 -1.3215160369873 0.00075765303336084 -1.2484107173805e-05
0.20078405737877 0.47238966822624 -2.3434782028198 -1.2728641033173 -1.2830016613007 0.00084634474478662 3.6686440580525e-05
0.23423418402672 0.49163290858269 -2.4020648002625 -1.2335960865021 -1.2406713962555 0.00095935515128076 1.435744434275e-05
0.27152666449547 0.50989246368408 -2.4603719711304 -1.1936862468719 -1.1949756145477 0.0011767928954214 8.725025691092e-05
0.31436905264854 0.52728700637817 -2.5186290740967 -1.1529898643494 -1.1434633731842 0.0015224998351187 -1.1044105121982e-05
0.36326822638512 0.54378414154053 -2.5770013332367 -1.1113605499268 -1.0865292549133 0.001795727526769 7.2390575951431e-06
0.42057737708092 0.55980396270752 -2.6358182430267 -1.0687947273254 -1.0213251113892 0.0020994727965444 -1.8459403463567e-06
0.48845657706261 0.57592916488647 -2.695387840271 -1.0257306098938 -0.94633150100708 0.0026421134825796 7.7662320109084e-05
0.5714920759201 0.59387159347534 -2.7563543319702 -0.98326206207275 -0.85670137405396 0.0032944267150015 1.7130820197053e-05
0.67613399028778 0.61834049224854 -2.8197391033173 -0.94495701789856 -0.74830031394958 0.0042233057320118 2.0287909137551e-05
0.81787621974945 0.6658992767334 -2.8876676559448 -0.92444515228271 -0.60829663276672 0.0045060701668262 -1.5276777048712e-05
0.99731576442719 0.7591118812561 -2.948664188385 -0.95633625984192 -0.42947673797607 0.0042728967964649 8.6521577031817e-05
0.86759698390961 0.53735971450806 -2.9178433418274 -0.77146482467651 -0.49762010574341 0.0097760744392872 7.1408765506931e-05
0.72674739360809 0.40853023529053 -2.885666847229 -0.67484831809998 -0.64746856689453 0.0092749185860157 1.8548169464339e-05
0.62914025783539 0.32197093963623 -2.8564941883087 -0.61363363265991 -0.75049066543579 0.0053796358406544 9.6990015663323e-06
0.55527770519257 0.25595283508301 -2.8281025886536 -0.57347345352173 -0.82728314399719 0.0030650682747364 -8.9977920652018e-06
0.4962967634201 0.20257043838501 -2.8002231121063 -0.54644203186035 -0.88823270797729 0.001873929053545 7.4478135502432e-05
0.44745576381683 0.15734052658081 -2.7726130485535 -0.52795338630676 -0.93796133995056 0.0010799951851368 2.2371791601472e-06
0.40579116344452 0.11805295944214 -2.7453894615173 -0.51524114608765 -0.98102879524231 0.00063462927937508 -1.1606726729951e-05
0.37028443813324 0.08296012878418 -2.7183353900909 -0.50679707527161 -1.0167171955109 0.00033088400959969 5.8512829127721e-05
0.33910119533539 0.05118465423584 -2.6914982795715 -0.50158548355103 -1.0483019351959 0.0001654215157032 -2.641576975293e-05
0.31124293804169 0.021960258483887 -2.6648666858673 -0.49871897697449 -1.0768871307373 -1.79223716259e-05 4.5598455471918e-05
0.2866724729538 -0.0052070617675781 -2.6382761001587 -0.49802708625793 -1.10142993927 -2.8651207685471e-05 2.4276687327074e-05
0.2643483877182 -0.030731678009033 -2.6118133068085 -0.49883341789246 -1.1244776248932 -0.00014666840434074 0.00010166483843932
0.24452340602875 -0.054872989654541 -2.5854227542877 -0.50094127655029 -1.1440041065216 -0.0001857690513134 -3.8921180021134e-06
0.2263730764389 -0.077884197235107 -2.559089422226 -0.50411367416382 -1.1621694564819 -0.00018195435404778 3.2399475458078e-05
0.20978724956512 -0.099940299987793 -2.53275847435 -0.50819945335388 -1.1786756515503 -0.00031856819987297 4.9023128667613e-05
0.19463717937469 -0.12122082710266 -2.5064270496368 -0.51310443878174 -1.1936643123627 -0.00034407898783684 1.4980711057433e-05
0.18042266368866 -0.14179706573486 -2.4800019264221 -0.51884746551514 -1.2080452442169 -0.00045518204569817 -2.7420945116319e-05
0.16745746135712 -0.16174340248108 -2.453622341156 -0.52508687973022 -1.2209436893463 -0.00045661255717278 6.6099499235861e-05
0.15524804592133 -0.18114519119263 -2.4271790981293 -0.5320737361908 -1.2335703372955 -0.00043610855937004 2.5502456992399e-05
0.14408433437347 -0.20016169548035 -2.4007596969604 -0.53909993171692 -1.2443950176239 -0.00051693245768547 2.1714462491218e-05
0.13351857662201 -0.21872234344482 -2.3741159439087 -0.54727268218994 -1.2552390098572 -0.00047449395060539 3.6896437904943e-06
0.12362611293793 -0.23690223693848 -2.3473663330078 -0.55597591400146 -1.2650811672211 -0.00048450753092766 -1.0004067007685e-05
0.11444175243378 -0.25484848022461 -2.3206996917725 -0.56442975997925 -1.2743470668793 -0.00048832222819328 7.601182005601e-05
0.10567271709442 -0.27251625061035 -2.293735742569 -0.5737452507019 -1.283355474472 -0.00049285218119621 6.5555846958887e-05
0.097421526908875 -0.28993940353394 -2.2667064666748 -0.58339953422546 -1.2919316291809 -0.00047282502055168 3.7648253055522e-05
0.089707255363464 -0.30727934837341 -2.2394535541534 -0.5934886932373 -1.299590587616 -0.00045470520853996 4.5028755266685e-05
0.082448363304138 -0.32436418533325 -2.2121880054474 -0.60365796089172 -1.3069865703583 -0.00043205544352531 3.1754309475218e-06
0.075519442558289 -0.34133148193359 -2.1847336292267 -0.61406803131104 -1.3139836788177 -0.00048260018229485 8.8283501099795e-05
0.069055914878845 -0.35822319984436 -2.1571071147919 -0.62477207183838 -1.3201634883881 -0.00045375153422356 7.4775278335437e-05
0.06283175945282 -0.37499976158142 -2.1293258666992 -0.63575577735901 -1.3264615535736 -0.00043873116374016 -1.7876217270896e-06
0.056927561759949 -0.39169049263 -2.1013391017914 -0.6470205783844 -1.3322446346283 -0.00046471878886223 -9.1407571289892e-07
0.051230788230896 -0.40838122367859 -2.0731382369995 -0.65862917900085 -1.3383176326752 -0.00042084977030754 5.1240014727227e-05
0.046008944511414 -0.42497110366821 -2.0447535514832 -0.67039084434509 -1.3434231281281 -0.00047401711344719 1.1741379239538e-05
0.040861487388611 -0.44154858589172 -2.0161561965942 -0.68234610557556 -1.348441362381 -0.00036982819437981 3.3550099033164e-05
0.03592050075531 -0.45815515518188 -1.9873352050781 -0.69445633888245 -1.3538417816162 -0.00043515488505363 5.4236876167124e-05
0.031323313713074 -0.4746880531311 -1.9582109451294 -0.70709300041199 -1.3580088615417 -0.00042132660746574 1.4631652447861e-05
0.026794791221619 -0.4913330078125 -1.9288761615753 -0.71974754333496 -1.3629240989685 -0.0004601888358593 1.4586755241908e-05
0.022476077079773 -0.50805234909058 -1.8992438316345 -0.73264503479004 -1.3674020767212 -0.00047663971781731 5.0145612476626e-05
0.018448233604431 -0.52475118637085 -1.8692171573639 -0.74607300758362 -1.3710033893585 -0.0004294328391552 4.5036355004413e-05
0.014471411705017 -0.54142260551453 -1.8389613628387 -0.75950884819031 -1.3752963542938 -0.00035075470805168 5.5707303545205e-05
0.01070249080658 -0.55841445922852 -1.8082857131958 -0.77335739135742 -1.3787395954132 -0.00037793442606926 6.9758403697051e-05
0.0070494413375854 -0.5753436088562 -1.7772650718689 -0.78765439987183 -1.3828673362732 -0.00037531182169914 1.8980623281095e-05
0.0035351514816284 -0.59245538711548 -1.7459905147552 -0.8015124797821 -1.3860881328583 -0.00036601349711418 -6.392883733497e-06
0.00012385845184326 -0.60978174209595 -1.7140693664551 -0.81657147407532 -1.3896186351776 -0.0003529004752636 -1.7773530998966e-05
-0.0030807256698608 -0.62698340415955 -1.6819224357605 -0.83129620552063 -1.3927946090698 -0.00028423592448235 4.5389006118057e-05
-0.0062230825424194 -0.64459872245789 -1.6493167877197 -0.846266746521 -1.3960666656494 -0.00031499192118645 0.00010097266203957
-0.0093218088150024 -0.66225171089172 -1.6161553859711 -0.86194276809692 -1.3994381427765 -0.00026540085673332 -5.9012031670136e-06
-0.012184977531433 -0.68018269538879 -1.5823450088501 -0.87790608406067 -1.4021079540253 -0.00028065964579582 0.00011317144526402
-0.01502525806427 -0.69831109046936 -1.5482652187347 -0.89359092712402 -1.4047982692719 -0.00031999871134758 3.3073498343583e-05
-0.017749428749084 -0.71651005744934 -1.5133755207062 -0.91049122810364 -1.407438993454 -0.00023559853434563 3.4574143228383e-06
