3.6110500900577e-07 -2.0976483483537e-07 0.91483920812607
3.7932551322228e-07 1.2593756082424e-07 0.91483932733536
7.224244882309e-07 2.0706596615128e-07 0.91483944654465
8.8473916548537e-07 4.8793930318425e-07 0.91483956575394
9.7644476682035e-07 5.7869402780852e-07 0.91483932733536
1.089688112188e-06 5.5199473081302e-07 0.91483926773071
1.4015549822943e-06 5.8124743418375e-07 0.91483950614929
1.2087065215383e-06 5.4233817081695e-07 0.91483956575394
1.5980560874596e-06 4.8727230250734e-07 0.91483962535858
1.8281795064468e-06 6.7734099218342e-08 0.91483938694
2.0528123059194e-06 1.0131063277186e-07 0.91483944654465
2.2811150302005e-06 1.2632636980925e-07 0.91483944654465
2.4624050638522e-06 -4.0899550413087e-08 0.91483950614929
2.7716146178136e-06 2.6819773779607e-07 0.91483944654465
3.0876922210155e-06 2.2586161207983e-07 0.91483944654465
3.4803233575076e-06 4.5374272872323e-07 0.91483950614929
3.1485828912992e-06 4.8682807118894e-07 0.91483920812607
2.8294366529735e-06 5.9061591173304e-07 0.91483926773071
2.8289975944062e-06 6.4612726191626e-07 0.91483944654465
3.0763626455155e-06 5.5275637578234e-07 0.91483950614929
2.490405449862e-06 4.0291357095157e-07 0.91483938694
2.4949788439699e-06 8.1026513498728e-07 0.91483956575394
2.752538648565e-06 7.3680268997123e-07 0.91483968496323
2.4421149191767e-06 6.6873531068268e-07 0.91483968496323
1.9575886653911e-06 8.9285254034621e-07 0.91483956575394
2.0565728391375e-06 5.9457136103447e-07 0.91483968496323
1.993960722757e-06 5.0409244067851e-07 0.91483944654465
1.8575419744593e-06 6.3858209387035e-07 0.91483950614929
2.37700191974e-06 2.0920525400925e-07 0.91483962535858
2.6457330477569e-06 3.6541429437875e-08 0.91483968496323
2.8270055736357e-06 3.0144369134177e-07 0.91483968496323
2.5121616999968e-06 4.9658507350614e-07 0.91483974456787
2.7453152142698e-06 2.49836631383e-07 0.91483998298645
2.5904964786605e-06 5.6036867590592e-07 0.91483986377716
2.507608542146e-06 5.10519441832e-07 0.91483992338181
-0.00053633452625945 -0.0062846969813108 0.9148753285408
-0.0014057633234188 -0.016077281907201 0.91493791341782
-0.0021475297398865 -0.025862880051136 0.9150173664093
-0.0029725604690611 -0.035622548311949 0.91516572237015
-0.0038314526900649 -0.045422848314047 0.91534012556076
-0.0046304883435369 -0.055180750787258 0.91535383462906
-0.0054736989550292 -0.064944483339787 0.91536378860474
-0.0063158697448671 -0.07474023103714 0.91533845663071
-0.0071847662329674 -0.084484554827213 0.91527485847473
-0.008076373487711 -0.094226516783237 0.9152660369873
-0.0088771590963006 -0.10397945344448 0.9152410030365
-0.0097555238753557 -0.11376403272152 0.91521167755127
-0.010640152730048 -0.12365308403969 0.91525852680206
-0.011878586374223 -0.13366037607193 0.91534024477005
-0.013272123411298 -0.1436143964529 0.91539561748505
-0.014748564921319 -0.15346387028694 0.91543626785278
-0.015957552939653 -0.16350121796131 0.91545307636261
-0.017200913280249 -0.17355112731457 0.91547340154648
-0.018314562737942 -0.18368704617023 0.91547411680222
-0.019457444548607 -0.19379556179047 0.91548234224319
-0.020489072427154 -0.20398354530334 0.91543745994568
-0.021590273827314 -0.21402813494205 0.91538625955582
-0.022535802796483 -0.22427478432655 0.91539090871811
-0.02353504486382 -0.23440051078796 0.91539335250854
-0.024495765566826 -0.24458946287632 0.91539579629898
-0.02538800984621 -0.25469958782196 0.91538178920746
-0.026371464133263 -0.26485070586205 0.91536718606949
-0.027289211750031 -0.27497953176498 0.9153578877449
-0.028195407241583 -0.28512501716614 0.91537326574326
-0.028999919071794 -0.29528847336769 0.9153088927269
-0.029870957136154 -0.30540958046913 0.91527259349823
-0.030718313530087 -0.31532892584801 0.9153425693512
-0.031586892902851 -0.32541319727898 0.91539591550827
-0.032465126365423 -0.33547922968864 0.91546738147736
