-0.011069923639297 0.047592997550964 1.3021080493927 0.00076931744115427 -6.3456958741881e-05 -3.0583128929138 1.2645667766265e-06
-0.011642893776298 0.0427166223526 1.2962462902069 0.00072679534787312 4.5133547246223e-05 -3.009859085083 -1.769309710653e-05
-0.012212809175253 0.037807106971741 1.290367603302 0.00062703259754926 0.00019922334467992 -2.9621725082397 3.8054888136685e-05
-0.012796953320503 0.032900333404541 1.2844789028168 0.00059904583031312 0.00024507188936695 -2.9141323566437 -2.80606400338e-05
-0.013345886021852 0.027997151017189 1.2785913944244 0.00066938641248271 0.00022015230206307 -2.865843296051 2.260157634737e-05
-0.013952974230051 0.023104265332222 1.272730588913 0.00061283586546779 0.00021686166292056 -2.8179948329926 6.9744448410347e-05
-0.014511421322823 0.018229126930237 1.2668443918228 0.00058605498634279 0.00020344532094896 -2.7695772647858 -8.2401738836779e-06
-0.015085488557816 0.013287767767906 1.2609305381775 0.00057250779354945 0.00020975084044039 -2.7218000888824 2.6839659767575e-05
-0.015653654932976 0.008408360183239 1.2550749778748 0.00058173027355224 0.0001889654668048 -2.6734163761139 6.604909140151e-05
-0.016234204173088 0.0035151988267899 1.2491974830627 0.00055774266365916 0.00034703186247498 -2.6253991127014 -3.1051098630996e-05
-0.016804970800877 -0.0013933405280113 1.2433062791824 0.00032791990088299 0.00015975194401108 -2.5778045654297 6.6078050622309e-06
-0.01737168431282 -0.0062942579388618 1.2374299764633 0.00038054553442635 0.00023332543787546 -2.5286581516266 -1.6364014300052e-05
-0.017961964011192 -0.011231116950512 1.2315181493759 0.00043393889791332 0.00021095978445373 -2.4812898635864 1.6260837583104e-05
-0.018515713512897 -0.016096629202366 1.2256479263306 0.0002084031002596 0.00025124027160928 -2.4330842494965 7.2706570790615e-05
-0.019096620380878 -0.02099397033453 1.2197659015656 0.00021835802181158 4.8590107326163e-05 -2.38498878479 3.648121128208e-05
-0.019661620259285 -0.02588464319706 1.213892698288 7.5779171311297e-05 0.00011891507892869 -2.3369936943054 2.5241855837521e-05
-0.020247861742973 -0.030807606875896 1.2079770565033 0.00023038664949127 -1.4517485396937e-05 -2.2888829708099 4.3267559703963e-06
-0.020820185542107 -0.035715010017157 1.2021068334579 8.5114210378379e-05 -0.00010233200737275 -2.2408537864685 -1.4416030353459e-05
-0.021402478218079 -0.040604509413242 1.1962296962738 -5.8958835325029e-06 -0.00025103605003096 -2.1931500434875 4.7721830924274e-05
-0.021969214081764 -0.045488979667425 1.1903507709503 -5.4082534916233e-05 -0.00041952545871027 -2.1447954177856 2.6359878120275e-06
-0.022533588111401 -0.05036585777998 1.1845016479492 -0.00020191525982227 -0.00056641473202035 -2.0964307785034 1.8831566194422e-05
-0.023107133805752 -0.055314835160971 1.1785953044891 -0.00035441885120235 -0.00069975847145543 -2.0492043495178 1.3477565516951e-05
-0.02369125187397 -0.060186326503754 1.1726940870285 -0.00025843927869573 -0.00081243185559288 -2.0003910064697 2.6308639462513e-06
-0.024256475269794 -0.065090745687485 1.1668379306793 -0.0003130495606456 -0.00098390830680728 -1.9529386758804 2.8231370379217e-05
-0.024836324155331 -0.06999596953392 1.1609305143356 -0.00035685749026015 -0.00078340817708522 -1.9049221277237 0.0001020769122988
-0.025397159159184 -0.074894182384014 1.1550413370132 -0.0001657321699895 -0.00055287615396082 -1.8563205003738 1.1054189599236e-05
-0.025975912809372 -0.079792439937592 1.1491973400116 0.00015020417049527 0.00038162880809978 -1.8083506822586 1.669243829383e-05
-0.026544127613306 -0.084679134190083 1.1432900428772 0.00033151381649077 0.0017765564844012 -1.7607300281525 -8.8320621216553e-06
-0.027122251689434 -0.089559718966484 1.137433052063 0.00041154018254019 0.0032973187044263 -1.7129091024399 9.5761904958636e-05
-0.027703460305929 -0.094502985477448 1.1315197944641 0.00079734460450709 0.0052264579571784 -1.6652921438217 1.3113800378051e-05
-0.028278347104788 -0.099399298429489 1.1256031990051 0.00095717707881704 0.0064550074748695 -1.6170212030411 9.9229910119902e-05
-0.028841093182564 -0.10430058836937 1.1196917295456 0.0006667849374935 0.0069080889225006 -1.5690641403198 5.3059979109094e-05
-0.029408916831017 -0.10917802900076 1.1138890981674 0.00032016402110457 0.0065985466353595 -1.5212819576263 7.3074108513538e-05
-0.02998379804194 -0.11407693475485 1.1079559326172 0.00032774376450107 0.0054323137737811 -1.4728637933731 7.0952737587504e-05
-0.030561555176973 -0.11896591633558 1.102090716362 -0.00011424528202042 0.0043935985304415 -1.4245493412018 4.5378146751318e-05
-0.031132586300373 -0.12385341525078 1.0962016582489 -0.00013460652553476 0.0037744296714664 -1.3767776489258 2.9248399187054e-06
-0.031716864556074 -0.12875363230705 1.0902647972107 -0.00021680600184482 0.0033194404095411 -1.3281942605972 3.0373595905075e-07
-0.03228909149766 -0.13370494544506 1.084361076355 -0.00018444715533406 0.0029629955533892 -1.2808731794357 7.704843301326e-05
-0.032845135778189 -0.13860537111759 1.0785413980484 -0.00041041732765734 0.00289714965038 -1.2331041097641 7.8707045759074e-05
-0.033420711755753 -0.14347240328789 1.0726554393768 -0.00055984390201047 0.0026739058084786 -1.1846423149109 5.8881796576316e-05
-0.034009411931038 -0.14836981892586 1.0668048858643 -0.00064250250579789 0.0027204297948629 -1.1369111537933 3.2223797461484e-05
-0.034570142626762 -0.1533067971468 1.0608245134354 -0.00059080735081807 0.0023691426031291 -1.0887891054153 9.658051567385e-06
-0.03515087813139 -0.15816548466682 1.0550298690796 -0.00085936009418219 0.0025333124212921 -1.0410928726196 5.0506827392383e-05
-0.035723142325878 -0.16307923197746 1.0490832328796 -0.00094722636276856 0.0027027002070099 -0.99279856681824 4.8972647164192e-06
-0.036283925175667 -0.16795442998409 1.0432982444763 -0.0012934552505612 0.0025848294608295 -0.94581985473633 4.7324265324278e-05
-0.036848768591881 -0.17285753786564 1.037407875061 -0.001417625346221 0.0028020136523992 -0.89737629890442 8.7020198407117e-05
-0.037420570850372 -0.17777283489704 1.031502366066 -0.0017742455238476 0.0027415358927101 -0.84925156831741 7.0411449996755e-05
-0.038030102849007 -0.18268981575966 1.0254168510437 -0.0019901350606233 0.00304323178716 -0.8010185956955 0.00010771730740089
-0.038594186306 -0.18756720423698 1.0196307897568 -0.0025938013568521 0.0032586737070233 -0.75365614891052 -7.3443002293061e-06
-0.039165705442429 -0.19248004257679 1.0136511325836 -0.0034485042560846 0.0037617017515004 -0.7058452963829 -3.7289602914825e-05
-0.039733603596687 -0.19736441969872 1.0079500675201 -0.0054991720244288 0.0047205816954374 -0.65883380174637 2.5709487090353e-06
-0.040316961705685 -0.20228344202042 1.0018929243088 -0.0088101318106055 0.0067537249997258 -0.61226958036423 2.6305091523682e-05
-0.040874302387238 -0.20713849365711 0.99610459804535 -0.018932159990072 0.012537787668407 -0.56910419464111 1.8199285477749e-05
-0.041449725627899 -0.21200683712959 0.99017739295959 -0.049340426921844 0.029137780889869 -0.5336030125618 4.3965308577754e-05
-0.041998572647572 -0.2168542444706 0.98444759845734 -0.095799133181572 0.052594389766455 -0.50217974185944 6.05904403983e-07
-0.042567282915115 -0.22169190645218 0.97853398323059 -0.14370347559452 0.072665326297283 -0.46453732252121 3.0629420507466e-05
-0.043116666376591 -0.22655652463436 0.97249299287796 -0.19223518669605 0.087392188608646 -0.42019331455231 1.2082813555025e-05
-0.043666914105415 -0.23140686750412 0.96664196252823 -0.24119991064072 0.096116378903389 -0.36912825703621 -1.2497413990786e-05
-0.044235616922379 -0.23629589378834 0.96081924438477 -0.28998318314552 0.097225934267044 -0.31076976656914 9.8444659670349e-05
-0.044823013246059 -0.24114611744881 0.95493060350418 -0.33657795190811 0.088788568973541 -0.24366098642349 2.9425907996483e-05
-0.045108318328857 -0.24423526227474 0.9496922492981 -0.36383923888206 0.070764817297459 -0.18021662533283 -0.0011005190899596
-0.043376319110394 -0.23480542004108 0.94962430000305 -0.28407418727875 0.053014360368252 -0.17831332981586 -0.0070612253621221
-0.041590735316277 -0.22528351843357 0.94971138238907 -0.19669030606747 0.036194480955601 -0.1793160289526 -0.013253047131002
-0.039850145578384 -0.21575200557709 0.94966816902161 -0.10057966411114 0.018610728904605 -0.1808045655489 -0.019814152270555
-0.038086913526058 -0.20627675950527 0.94977116584778 0.0061959340237081 -0.00063925184076652 -0.18310068547726 -0.026099992915988
-0.036349315196276 -0.19675904512405 0.94980198144913 0.043410435318947 -0.008740103803575 -0.18344861268997 -0.03266392275691
-0.034539915621281 -0.18707928061485 0.94969379901886 0.0092755639925599 -0.0020649812649935 -0.18309089541435 -0.039067126810551
-0.032776203006506 -0.17747543752193 0.94977480173111 0.0053472453728318 -0.0011663630139083 -0.1827414482832 -0.045674882829189
-0.031008783727884 -0.16786807775497 0.94973695278168 0.0039425906725228 -0.00082612852565944 -0.18251574039459 -0.051813948899508
-0.029234316200018 -0.15826764702797 0.94975113868713 0.0033405623398721 -0.00071761530125514 -0.18272633850574 -0.058181781321764
-0.027478002011776 -0.1486691236496 0.94981294870377 0.0027814267668873 -0.00059108546702191 -0.18246892094612 -0.064543887972832
-0.025689724832773 -0.13906174898148 0.94989085197449 0.0022409863304347 -0.00047449528938159 -0.18250378966331 -0.070860803127289
-0.02391229569912 -0.12948194146156 0.94987422227859 0.0019943758379668 -0.00043691188329831 -0.18259830772877 -0.077235348522663
-0.022142149507999 -0.11988011002541 0.94981515407562 0.0018766544526443 -0.00037945725489408 -0.18270188570023 -0.083568647503853
-0.020376417785883 -0.11028641462326 0.94987773895264 0.0022644379641861 -0.00052363745635375 -0.18215094506741 -0.088775023818016
-0.01860274374485 -0.10067699849606 0.94993937015533 0.0013588352594525 -0.00044376699952409 -0.18248409032822 -0.093242228031158
-0.016823142766953 -0.091097384691238 0.94987511634827 0.0015048476634547 -0.00024977175053209 -0.18253393471241 -0.097707971930504
-0.016333922743797 -0.088534668087959 0.9838832616806 -0.00096996349748224 0.00034433271503076 -0.18250377476215 -0.099138118326664
-0.016345430165529 -0.088540017604828 1.031933426857 -0.0015761095564812 0.00046601120266132 -0.18263228237629 -0.10020902752876
-0.0163284689188 -0.088565692305565 1.0799510478973 -0.0022777253761888 0.00056877778843045 -0.18268598616123 -0.10203195363283
-0.016360647976398 -0.088556602597237 1.1279522180557 -0.0025036304723471 0.0010126319248229 -0.18238063156605 -0.10258228331804
-0.016349095851183 -0.088629573583603 1.1758935451508 -0.0027670345734805 0.0007706573815085 -0.18258212506771 -0.10178222507238
-0.016357000917196 -0.088627472519875 1.2239427566528 -0.0033886909950525 0.0013737628469244 -0.18200168013573 -0.10118846595287
