-0.037565376609564 0.2001881301403 -1.7296559810638 -1.6127405166626 -1.691721200943 4.8834612243809e-05 1.2645667766265e-06
-0.057721521705389 0.18148037791252 -1.7297518253326 -1.5938835144043 -1.7598993778229 -7.4189374572597e-05 -1.769309710653e-05
-0.076832443475723 0.16175457835197 -1.7286803722382 -1.5752325057983 -1.8271658420563 -0.00014118499530014 3.8054888136685e-05
-0.094792276620865 0.14116856455803 -1.7264742851257 -1.556823015213 -1.8929147720337 -0.00020341225899756 -2.80606400338e-05
-0.11169996857643 0.11963745951653 -1.7230191230774 -1.5388350486755 -1.9581048488617 -0.00019530602730811 2.260157634737e-05
-0.12753692269325 0.097461670637131 -1.7184016704559 -1.521214723587 -2.021842956543 -0.00027374573983252 6.9744448410347e-05
-0.14237633347511 0.074410885572433 -1.7125544548035 -1.504011631012 -2.0851702690125 -0.00026969262398779 -8.2401738836779e-06
-0.15592637658119 0.050739735364914 -1.7056033611298 -1.4873278141022 -2.1464142799377 -0.00034026452340186 2.6839659767575e-05
-0.16860857605934 0.026400059461594 -1.6973240375519 -1.4712407588959 -2.2075262069702 -0.0002556259278208 6.604909140151e-05
-0.18009200692177 0.0016669929027557 -1.6880085468292 -1.4557800292969 -2.2667679786682 -0.00037197419442236 -3.1051098630996e-05
-0.19067493081093 -0.023717910051346 -1.6774663925171 -1.4409582614899 -2.3254973888397 -0.00034026452340186 6.6078050622309e-06
-0.20030322670937 -0.049608021974564 -1.6656885147095 -1.4267988204956 -2.3834600448608 -0.00038294144906104 -1.6364014300052e-05
-0.20889940857887 -0.075900822877884 -1.6528787612915 -1.4133715629578 -2.4399564266205 -0.00034241029061377 1.6260837583104e-05
-0.21660462021828 -0.10243538022041 -1.6389548778534 -1.4005932807922 -2.4958474636078 -0.00026587792672217 7.2706570790615e-05
-0.22343507409096 -0.1292898952961 -1.6239078044891 -1.3886029720306 -2.5507485866547 -9.4693386927247e-05 3.648121128208e-05
-0.22941580414772 -0.15646198391914 -1.6077704429626 -1.3774523735046 -2.6048085689545 -5.9645855799317e-05 2.5241855837521e-05
-0.23458662629128 -0.18394497036934 -1.5905585289001 -1.3671057224274 -2.657963514328 0.00010867766104639 4.3267559703963e-06
-0.23896804451942 -0.2114465534687 -1.572361946106 -1.3574554920197 -2.7102100849152 0.00043626478873193 -1.4416030353459e-05
-0.24266639351845 -0.23917534947395 -1.5531527996063 -1.3485066890717 -2.7619948387146 0.00082536390982568 4.7721830924274e-05
-0.24564638733864 -0.26701882481575 -1.5329604148865 -1.3402018547058 -2.8131413459778 0.0014757697936147 2.6359878120275e-06
-0.2479387819767 -0.29497388005257 -1.5118234157562 -1.332460641861 -2.8636093139648 0.0024280135985464 1.8831566194422e-05
-0.24960699677467 -0.32299640774727 -1.4898583889008 -1.325129032135 -2.9133501052856 0.0036472862120718 1.3477565516951e-05
-0.25069466233253 -0.35089042782784 -1.4672110080719 -1.3180365562439 -2.9622528553009 0.0055341310799122 2.6308639462513e-06
-0.2511867582798 -0.37861302495003 -1.4437854290009 -1.3109877109528 -3.0108652114868 0.0081796236336231 2.8231370379217e-05
-0.25114503502846 -0.40633633732796 -1.4197914600372 -1.303729057312 -3.0588405132294 0.011751133948565 0.0001020769122988
-0.25056639313698 -0.43385007977486 -1.3951539993286 -1.2962412834167 -3.1062479019165 0.016429860144854 1.1054189599236e-05
-0.24955549836159 -0.4610929787159 -1.3698189258575 -1.2887427806854 -3.1534116268158 0.021955449134111 1.669243829383e-05
-0.24806490540504 -0.48830607533455 -1.3438668251038 -1.2818231582642 -3.199850320816 0.02767987921834 -8.8320621216553e-06
-0.2461294233799 -0.51563358306885 -1.3166551589966 -1.27681016922 -3.2458245754242 0.032416302710772 9.5761904958636e-05
-0.24380794167519 -0.54366636276245 -1.2878246307373 -1.2753953933716 -3.2911784648895 0.03466697409749 1.3113800378051e-05
-0.24109306931496 -0.57263493537903 -1.2568345069885 -1.2787582874298 -3.3366301059723 0.033359963446856 9.9229910119902e-05
-0.23801389336586 -0.60236716270447 -1.2240264415741 -1.2863917350769 -3.3813359737396 0.028780896216631 5.3059979109094e-05
-0.23461213707924 -0.63242244720459 -1.1897552013397 -1.2966461181641 -3.4258496761322 0.022537190467119 7.3074108513538e-05
-0.23086181282997 -0.66307663917542 -1.1543760299683 -1.3075375556946 -3.4704177379608 0.016540009528399 7.0952737587504e-05
-0.22683492302895 -0.6933388710022 -1.1187069416046 -1.3175809383392 -3.5144035816193 0.011828381568193 4.5378146751318e-05
-0.22253075242043 -0.72332143783569 -1.0825734138489 -1.3267819881439 -3.5580501556396 0.0088309831917286 2.9248399187054e-06
-0.21793881058693 -0.75330686569214 -1.0457904338837 -1.3354420661926 -3.6017205715179 0.0068792887032032 3.0373595905075e-07
-0.21315637230873 -0.78322744369507 -1.0083193778992 -1.3442120552063 -3.6446354389191 0.0057296343147755 7.704843301326e-05
-0.20810499787331 -0.81317853927612 -0.96987390518188 -1.3533225059509 -3.6875660419464 0.0050324983894825 7.8707045759074e-05
-0.20284858345985 -0.84344458580017 -0.93026351928711 -1.3632605075836 -3.7304668426514 0.0044273920357227 5.8881796576316e-05
-0.19742003083229 -0.87385010719299 -0.88961267471313 -1.3737149238586 -3.7729687690735 0.0040211267769337 3.2223797461484e-05
-0.19178429245949 -0.904953956604 -0.84744334220886 -1.3853847980499 -3.8152072429657 0.0035762377083302 9.658051567385e-06
-0.18600907921791 -0.93605208396912 -0.80396509170532 -1.3976485729218 -3.8574011325836 0.0034813471138477 5.0506827392383e-05
-0.18006482720375 -0.96805214881897 -0.75868344306946 -1.4110608100891 -3.8995242118835 0.0034246034920216 4.8972647164192e-06
-0.17400565743446 -1.0004892349243 -0.71147990226746 -1.4256827831268 -3.9413743019104 0.0032457895576954 4.7324265324278e-05
-0.16781988739967 -1.034022808075 -0.66198706626892 -1.4416532516479 -3.9829394817352 0.0032481737434864 8.7020198407117e-05
-0.16150584816933 -1.0686156749725 -0.60963106155396 -1.4591941833496 -4.0245308876038 0.0031852312386036 7.0411449996755e-05
-0.15512910485268 -1.1049234867096 -0.55379939079285 -1.4785475730896 -4.0660200119019 0.0033168382942677 0.00010771730740089
-0.14864864945412 -1.1428663730621 -0.49322938919067 -1.5005011558533 -4.1074523925781 0.0035132952034473 -7.3443002293061e-06
-0.1421345770359 -1.1837723255157 -0.42671084403992 -1.525298833847 -4.1484298706055 0.0038518495857716 -3.7289602914825e-05
-0.13560763001442 -1.2281274795532 -0.3512852191925 -1.5540020465851 -4.1890363693237 0.0046467371284962 2.5709487090353e-06
-0.12914410233498 -1.2792453765869 -0.26165580749512 -1.5881934165955 -4.2290267944336 0.0064420290291309 2.6305091523682e-05
-0.12304273247719 -1.3389375209808 -0.1505331993103 -1.6270213127136 -4.2662410736084 0.011337716132402 1.8199285477749e-05
-0.11806479096413 -1.3961758613586 -0.036469697952271 -1.6464750766754 -4.296669960022 0.025222260504961 4.3965308577754e-05
-0.11363163590431 -1.4145622253418 0.0022919178009033 -1.6114230155945 -4.323600769043 0.044731099158525 6.05904403983e-07
-0.10836830735207 -1.4152066707611 0.0032336711883545 -1.5577857494354 -4.3557648658752 0.060567814856768 3.0629420507466e-05
-0.1021856367588 -1.4157524108887 0.0022017955780029 -1.5056777000427 -4.3933348655701 0.071236565709114 1.2082813555025e-05
-0.09506693482399 -1.4168305397034 0.0015838146209717 -1.4566202163696 -4.4365758895874 0.075989678502083 -1.2497413990786e-05
-0.086911112070084 -1.4186232089996 0.0012190341949463 -1.4107766151428 -4.4860000610352 0.073807671666145 9.8444659670349e-05
-0.077614694833755 -1.4209680557251 0.00077414512634277 -1.3686561584473 -4.5424509048462 0.06385512650013 2.9425907996483e-05
-0.068510442972183 -1.4242401123047 -0.00077390670776367 -1.3436064720154 -4.5963501930237 0.046664193272591 -0.0011005190899596
-0.06672278046608 -1.432205915451 -0.0025100708007812 -1.4161977767944 -4.5978093147278 0.034575894474983 -0.0070612253621221
-0.065312296152115 -1.442036151886 -0.0040595531463623 -1.4942357540131 -4.5968656539917 0.023844674229622 -0.013253047131002
-0.064003854990005 -1.4533486366272 -0.0082573890686035 -1.5770795345306 -4.5951795578003 0.012398198246956 -0.019814152270555
-0.062879472970963 -1.4577412605286 -0.032233238220215 -1.6580035686493 -4.59210729599 -0.00017981231212616 -0.026099992915988
-0.061531454324722 -1.3545143604279 -0.25821685791016 -1.5735988616943 -4.590235710144 -0.0060313194990158 -0.03266392275691
-0.05992403626442 -1.2613937854767 -0.43779969215393 -1.4518575668335 -4.589298248291 -0.0013022869825363 -0.039067126810551
-0.05835023522377 -1.2104041576385 -0.54034376144409 -1.3963937759399 -4.5880718231201 -0.00074605643749237 -0.045674882829189
-0.056775718927383 -1.1684565544128 -0.62500309944153 -1.3523750305176 -4.5865874290466 -0.00047998130321503 -0.051813948899508
-0.055191665887833 -1.1314373016357 -0.69942617416382 -1.3141946792603 -4.5847725868225 -0.00043515861034393 -0.058181781321764
-0.053543001413345 -1.0977227687836 -0.76686334609985 -1.2798137664795 -4.5832653045654 -0.00036077201366425 -0.064543887972832
-0.051843076944351 -1.066531419754 -0.82895183563232 -1.248458147049 -4.5815839767456 -0.00038318336009979 -0.070860803127289
-0.050109058618546 -1.0376510620117 -0.88682413101196 -1.2193224430084 -4.5798563957214 -0.00033621490001678 -0.077235348522663
-0.048333793878555 -1.0102262496948 -0.94145393371582 -1.1919059753418 -4.5780782699585 -0.00025205314159393 -0.083568647503853
-0.046467214822769 -0.98401951789856 -0.99344301223755 -1.1657326221466 -4.5763530731201 -0.00024084746837616 -0.088775023818016
-0.044600158929825 -0.95886182785034 -1.0429213047028 -1.140997171402 -4.5744776725769 -8.7067484855652e-05 -0.093242228031158
-0.042705208063126 -0.93497133255005 -1.0902659893036 -1.1176223754883 -4.5722184181213 -0.00015406310558319 -0.097707971930504
-0.042113691568375 -0.89028978347778 -1.0807671546936 -1.1696534156799 -4.5719857215881 0.00041957199573517 -0.099138118326664
-0.042117744684219 -0.84506988525391 -1.0348794460297 -1.2605485916138 -4.5720510482788 0.00046487152576447 -0.10020902752876
-0.042117029428482 -0.81044602394104 -0.97114562988281 -1.3582928180695 -4.5719795227051 0.0006222277879715 -0.10203195363283
-0.042153745889664 -0.78829646110535 -0.88682174682617 -1.4643664360046 -4.5718913078308 0.00072522461414337 -0.10258228331804
-0.042124420404434 -0.78145623207092 -0.77645516395569 -1.5814099311829 -4.5720319747925 0.0007447749376297 -0.10178222507238
-0.042113214731216 -0.79525947570801 -0.62881779670715 -1.7147605419159 -4.5720133781433 0.00090165436267853 -0.10118846595287
