-1.3315792024571e-08 3.6657502278103e-07 0.91483932733536
-6.5196815057789e-08 -7.0965121778954e-08 0.91483932733536
8.3025419428395e-08 -6.6213729610354e-08 0.91483944654465
-7.3314872395258e-08 8.0616530340194e-08 0.91483962535858
-1.555538062803e-07 3.4896541478702e-07 0.91483968496323
1.5636949513009e-07 -2.0346527662696e-07 0.91483962535858
4.677506524331e-07 5.9064937829589e-08 0.91483980417252
6.5500302071086e-08 2.0501880726442e-07 0.91483974456787
1.0651105242232e-07 3.5667156339514e-07 0.91483998298645
3.7839890865143e-07 7.5508523877943e-08 0.91484010219574
3.6913451140208e-07 4.6849908130753e-07 0.91484016180038
3.0162939879119e-07 8.614437163601e-09 0.91483986377716
2.5545537596372e-07 2.1038458442035e-07 0.91483992338181
4.7420056148439e-07 4.5394239123198e-07 0.91483986377716
8.0877521213552e-07 6.2167299574867e-07 0.91483962535858
9.1869213747486e-07 5.3652428277928e-07 0.91483980417252
7.1059810125007e-07 7.9966599741965e-07 0.91483974456787
8.3040220033581e-07 6.5863036979863e-07 0.91483986377716
6.1232253756316e-07 5.024869551562e-07 0.91483992338181
3.9518576500086e-07 7.4917903702953e-07 0.91484004259109
2.8868174695162e-07 6.8826307142444e-07 0.91483998298645
1.1351348661037e-07 7.2889179136837e-07 0.91484004259109
-1.0540687611638e-07 5.8283217185817e-07 0.91484016180038
9.7721326142164e-08 5.305744252837e-07 0.91484028100967
-7.9003349640061e-08 6.1963777397978e-07 0.9148405790329
-3.2162907359634e-07 2.3186281339349e-07 0.91484063863754
-3.8097672927506e-07 -1.7451936784596e-08 0.91484063863754
-4.7761079713382e-07 1.0695575980435e-08 0.91484063863754
-3.246210837915e-07 -3.1325456006925e-07 0.91484069824219
-8.9245290268991e-08 -3.4225166700708e-07 0.91484069824219
-3.0067729994698e-07 -1.1699853530445e-07 0.91484087705612
-5.2165688657624e-07 -2.2677230759882e-08 0.91484129428864
-4.7477206521762e-07 -2.1032269614807e-07 0.91484117507935
-6.5039711216741e-07 -4.0776211562843e-07 0.9148411154747
-2.6070409830936e-07 -5.4968859330984e-07 0.91484123468399
-2.1452201792727e-07 -4.8005711050791e-07 0.91484135389328
-1.6804273172966e-07 -5.257782049739e-07 0.91484123468399
-2.9181097715991e-07 -5.0112458893636e-07 0.91484129428864
-3.6826074278906e-07 -5.9398962548585e-07 0.91484141349792
-3.3032011970135e-07 -4.7809254510867e-07 0.91484135389328
-6.7143639626011e-07 -3.6156538385512e-07 0.91484147310257
-4.398075645895e-07 -5.0243295390828e-07 0.91484153270721
-3.9827988018715e-08 -5.5722182423779e-07 0.91484141349792
2.230328988162e-08 -2.1998842214543e-07 0.91484153270721
1.4835869421859e-07 -4.2262706756446e-07 0.91484153270721
-7.330615403589e-08 -2.8051754696889e-08 0.91484159231186
4.9396852830341e-08 8.187056010911e-08 0.91484171152115
4.5039904250643e-08 1.3136082088749e-07 0.91484200954437
-3.5340050885679e-08 2.9677258339689e-07 0.91484194993973
-4.1958563201661e-07 3.9040131127877e-07 0.91484194993973
-2.6010630449491e-07 4.2775815245477e-07 0.91484206914902
-2.4689774136277e-07 3.5682495536093e-07 0.9148416519165
-6.5200659093989e-08 5.1663710110006e-07 0.9148416519165
-1.7754693715233e-07 5.1793239208564e-07 0.91484171152115
-4.112674218959e-07 1.7066436441837e-07 0.91484194993973
-2.9321694228202e-07 7.124716034923e-07 0.91484200954437
-5.2670606009997e-07 3.9152985209512e-07 0.91484189033508
-3.6264469827074e-07 5.0299212261962e-07 0.91484189033508
-8.3022577257452e-08 3.6464075492404e-07 0.91484194993973
-1.2250501413291e-07 2.8852497280241e-07 0.91484183073044
1.2071879496034e-07 5.235178264229e-07 0.91484189033508
-1.5789957785728e-07 8.0371859212391e-07 0.91484194993973
-3.2351752565773e-07 7.1732455353413e-07 0.91484189033508
-1.2211160083098e-07 7.5474764571482e-07 0.91484200954437
-5.632748525386e-07 6.0022779280189e-07 0.91484218835831
-6.737838589288e-07 3.6710761719405e-07 0.91484212875366
-5.0823786068577e-07 2.3739315224702e-07 0.91484218835831
-1.0637701279848e-06 4.4171127910886e-07 0.91484224796295
-1.4191358559401e-06 9.0187126033925e-07 0.91484200954437
-2.0816012238356e-06 1.0846217719518e-06 0.91484194993973
-2.301078666278e-06 1.0318642580387e-06 0.91484212875366
-2.2156862087286e-06 1.093513901651e-06 0.91484212875366
-1.9294845969853e-06 1.2587557876031e-06 0.91484218835831
-2.3222842173709e-06 1.2900877663924e-06 0.91484224796295
0.00042734429007396 0.0019095714669675 0.91578894853592
0.001230406225659 0.0044461274519563 0.91706728935242
0.001803748193197 0.0075245429761708 0.91865968704224
0.0023238288704306 0.010571973398328 0.95044249296188
0.0022049499675632 0.010443973354995 0.99731665849686
0.0019415246788412 0.0094367498531938 1.0439686775208
0.0021524992771447 0.010413291864097 1.0895277261734
0.002369980327785 0.011129941791296 1.1366454362869
0.0026469230651855 0.011740668676794 1.1834462881088
