-0.00035650096833706 0.049016132950783 1.2976413965225 0.0011447138385847 -7.2621303843334e-05 3.059159040451 1.3713420230488e-05
0.0048506855964661 0.04484161734581 1.2892941236496 0.0013214240316302 -6.4327890868299e-05 3.0110573768616 0.00010479072807357
0.01003098860383 0.040727511048317 1.2810003757477 0.0012683690292761 -0.00031503924401477 2.9625618457794 9.0846144303214e-05
0.015234172344208 0.036579370498657 1.2726759910583 0.0011179295834154 -0.00031769974157214 2.9144251346588 5.8607151913748e-06
0.020447511225939 0.032438144087791 1.264355301857 0.001319540431723 -0.00050467596156523 2.8665301799774 -6.2493513723894e-06
0.025645084679127 0.028301879763603 1.2560391426086 0.0012156872544438 -0.00055088818771765 2.8184566497803 6.7520355514716e-05
0.030843645334244 0.024158954620361 1.2477246522903 0.0012087390059605 -0.00054082908900455 2.7701601982117 -2.8559094062075e-05
0.036040894687176 0.020010083913803 1.2394009828568 0.0011989986523986 -0.00077611411688849 2.7218945026398 1.6912128558033e-05
0.041245341300964 0.015881180763245 1.2310841083527 0.0012616828316823 -0.00073567219078541 2.6740162372589 2.3633803721168e-05
0.046440735459328 0.011737063527107 1.2227597236633 0.0011299778707325 -0.00086071429541335 2.6255574226379 6.2976541812532e-05
0.051665663719177 0.0075930655002594 1.2144351005554 0.0012254416942596 -0.00084041955415159 2.5776162147522 4.4326301576803e-05
0.056855902075768 0.0034458562731743 1.2061161994934 0.0012678857892752 -0.0010787432547659 2.5293154716492 0.00012306417920627
0.062050148844719 -0.00069835036993027 1.1977878808975 0.0013522498775274 -0.0011641078162938 2.4815130233765 1.845914198384e-06
0.067258551716805 -0.0048085525631905 1.1895110607147 0.0012699231738225 -0.0011733878636733 2.4328608512878 1.0581430615275e-05
0.072451636195183 -0.0089498981833458 1.1811530590057 0.0013005390064791 -0.0012834827648476 2.3847861289978 3.9434678910766e-05
0.077677592635155 -0.013125725090504 1.1728339195251 0.0012007809709758 -0.0013633610215038 2.3374681472778 -6.7239529926155e-06
0.082852184772491 -0.017253011465073 1.1645195484161 0.0012774406932294 -0.0013749456265941 2.2890589237213 -3.9279908378376e-05
0.08807247877121 -0.021403059363365 1.1562103033066 0.00090071483282372 -0.0013876338489354 2.2410869598389 2.0795139789698e-05
0.093239583075047 -0.025527205318213 1.14788210392 0.00090866186656058 -0.0012520152376965 2.1925563812256 -9.47533044382e-06
0.098474070429802 -0.029684025794268 1.1395751237869 0.00067440688144416 -0.00089170539285988 2.1449403762817 1.8567941879155e-05
0.10366760194302 -0.033835213631392 1.131241440773 0.00055933196563274 -0.00055131840053946 2.0971622467041 7.4982192018069e-05
0.10887371748686 -0.037955611944199 1.1229065656662 0.00029128286405466 0.00019316871475894 2.0490193367004 -4.2668052628869e-05
0.11405939608812 -0.0420803129673 1.1146221160889 -0.00053060811478645 0.00077747192699462 2.0008044242859 8.0951336713042e-05
0.11924989521503 -0.046237416565418 1.1062506437302 -0.00067986937938258 0.0014851446030661 1.9521656036377 6.0261681937845e-05
0.12447591125965 -0.050418235361576 1.0979425907135 -0.00057601043954492 0.0015993351116776 1.9046413898468 4.4047643314116e-05
0.12966617941856 -0.054545566439629 1.0895986557007 -0.0004131109744776 0.001231198431924 1.8572285175323 1.7737376765581e-05
0.1348651945591 -0.058686189353466 1.0812816619873 6.6971791966353e-05 0.00045386861893348 1.8087524175644 3.9581900637131e-05
0.14006708562374 -0.062819808721542 1.0729687213898 0.00022570954752155 -0.00040034364792518 1.7608239650726 8.8276719907299e-05
0.14527714252472 -0.066989965736866 1.0646235942841 0.00040777050890028 -0.0010121107334271 1.713613152504 -4.2560491237964e-06
0.15045933425426 -0.071092680096626 1.0563673973083 0.00037331067142077 -0.0013256227830425 1.6642858982086 4.0038448787527e-05
0.15565845370293 -0.075257062911987 1.0480275154114 0.00033045277814381 -0.001283117569983 1.6170108318329 -8.2394572018529e-06
0.16085878014565 -0.079387083649635 1.0396966934204 0.00038019576459192 -0.0014906182186678 1.5689721107483 -5.057036105427e-05
0.16606573760509 -0.083520092070103 1.0313575267792 0.00041714048711583 -0.0013613278279081 1.5203983783722 -5.828354460391e-06
0.17124657332897 -0.087637834250927 1.0230139493942 0.00032828762778081 -0.0013968603452668 1.4724987745285 6.4227904658765e-05
0.17645761370659 -0.091783359646797 1.0147167444229 0.00031969280098565 -0.0011816584737971 1.4244220256805 -2.8013955670758e-05
0.18166381120682 -0.09592778980732 1.0063945055008 -1.2085785783711e-05 -0.0014602649025619 1.3761644363403 3.3450301998528e-05
0.18685346841812 -0.10008159279823 0.9980376958847 9.266976849176e-05 -0.0013706114841625 1.3282325267792 7.7241202234291e-05
0.19206273555756 -0.10421045124531 0.98972898721695 -1.8363951312494e-05 -0.001353973406367 1.2803380489349 1.1740287845896e-05
0.19727055728436 -0.10836252570152 0.98138558864594 -1.1263889973634e-05 -0.001297970302403 1.2325596809387 4.5640572352568e-05
0.2024644613266 -0.11249406635761 0.97307163476944 -3.0701536161359e-05 -0.0011559224221855 1.1849822998047 9.6967713034246e-05
0.20765249431133 -0.11665581166744 0.96476650238037 -8.4138831880409e-05 -0.0012236571637914 1.1367523670197 2.7726173357223e-05
0.21286156773567 -0.1207669377327 0.95639711618423 -0.00021332599862944 -0.0012464870233089 1.0886313915253 6.7628723627422e-05
0.21492545306683 -0.12287373840809 0.94980895519257 0.0011948575265706 0.00085121853044257 1.0513260364532 6.2866231019143e-05
0.20536935329437 -0.1173934340477 0.94990837574005 0.00070459925336763 0.0015433895168826 1.0503066778183 2.3001075533102e-05
0.19577071070671 -0.11191840469837 0.94981998205185 0.00089205818949267 0.0015478814020753 1.0505728721619 2.181268610002e-05
0.18616589903831 -0.1064310669899 0.94987297058105 0.00066890055313706 0.0014399541541934 1.0504676103592 -8.5645879153162e-06
0.17657250165939 -0.10093581676483 0.94988012313843 0.00078800535993651 0.0013942733639851 1.0503779649734 5.6986918934854e-05
0.16696473956108 -0.095461636781693 0.94989132881165 0.00060465763090178 0.0013952889712527 1.0507686138153 -5.6473199947504e-06
0.15736800432205 -0.089956223964691 0.94991493225098 0.00077890773536637 0.0016076850006357 1.0500102043152 0.00010822465992533
0.14777475595474 -0.084469690918922 0.94986444711685 0.00089390296489 0.0015169336693361 1.0505154132843 -2.3799627797416e-06
0.13817423582077 -0.078958868980408 0.94990307092667 0.00083413405809551 0.0013217789819464 1.049916267395 5.3365514759207e-05
0.12857207655907 -0.073487430810928 0.9498702287674 0.00086673704208806 0.0014274090062827 1.0504370927811 1.8230310161016e-05
0.11898726969957 -0.068004414439201 0.94991666078568 0.0009860327700153 0.0015140458708629 1.0500736236572 2.4946988560259e-05
0.10938005149364 -0.06252858042717 0.94989973306656 0.00072622986044735 0.001424211775884 1.0514636039734 1.64606335602e-05
0.09977599978447 -0.057041093707085 0.9498690366745 0.00084672193042934 0.0015557998558506 1.0507588386536 5.8145455113845e-05
0.090173788368702 -0.051554344594479 0.94991987943649 0.0008737386087887 0.0015625868691131 1.0500755310059 3.8807484088466e-06
0.080581665039062 -0.046048454940319 0.94989424943924 0.00083278847159818 0.0015625166706741 1.050341129303 -1.9452631022432e-05
0.071006007492542 -0.04061021655798 0.94994676113129 0.00084723741747439 0.0015934214461595 1.0505036115646 4.5676890294999e-05
0.061434514820576 -0.035080842673779 0.94996339082718 0.00078523519914597 0.0015206213574857 1.0499137639999 -1.498135361544e-06
0.051800899207592 -0.029608130455017 0.94995629787445 0.00075097579974681 0.0014992478536442 1.0505738258362 3.9311784348683e-05
0.042221903800964 -0.024127580225468 0.94995492696762 0.00075222336454317 0.0015449760248885 1.0505961179733 0.00013901699276175
0.032611176371574 -0.018649563193321 0.94996267557144 0.0007851411937736 0.0015276634367183 1.0505757331848 -3.5415043385001e-05
0.02302773296833 -0.013138197362423 0.94995921850204 0.00063532870262861 0.0014675712445751 1.0502172708511 1.2006899851258e-05
0.013424053788185 -0.0076570957899094 0.94998091459274 0.00071962957736105 0.0014423364773393 1.050009727478 3.418883352424e-05
0.0038370713591576 -0.0021615773439407 0.94997972249985 0.00058339053066447 0.0014490894973278 1.0502688884735 6.2352937675314e-06
-0.0057877153158188 0.0033016577363014 0.94996076822281 0.00070313137257472 0.0014110843185335 1.0504648685455 0.0001221256388817
-0.015372723340988 0.0088026374578476 0.94995874166489 0.00067822478013113 0.0013591116294265 1.0502861738205 2.8364162062644e-05
-0.024956628680229 0.01427261531353 0.94996953010559 0.00047736542182975 0.0014016346540302 1.0507909059525 -2.9353186619119e-05
-0.034571319818497 0.019775353372097 0.94996720552444 0.0007406480726786 0.0013400273164734 1.0501883029938 3.1485037652601e-06
-0.044164784252644 0.025233328342438 0.94995778799057 0.00063808733830228 0.0012277668574825 1.0509935617447 -3.1034211133374e-05
-0.053782314062119 0.030744612216949 0.94995993375778 0.00085898954421282 0.0012019937857985 1.0501779317856 8.056314982241e-05
-0.063385173678398 0.036249257624149 0.94995838403702 0.00065358070423827 0.0012874382082373 1.0500731468201 2.0177312762826e-05
-0.072966195642948 0.041718780994415 0.94997519254684 0.00053914432646707 0.0011734715662897 1.0505086183548 3.064933252972e-06
-0.082583077251911 0.04721312969923 0.94996160268784 0.00073547504143789 0.0011837002821267 1.0510721206665 -9.4435945356963e-06
-0.092182993888855 0.052697762846947 0.94995182752609 0.00080887111835182 0.0012359673855826 1.0499705076218 8.367369446205e-06
-0.10176997631788 0.058206982910633 0.94997560977936 0.00072129082400352 0.0011961153941229 1.0502510070801 5.1190154408687e-06
-0.11136582493782 0.063686408102512 0.94996428489685 0.00061128026572987 0.0011320794001222 1.049998998642 4.1026170947589e-05
-0.12098331004381 0.069161176681519 0.94997423887253 0.00054953678045422 0.0010979648213834 1.0505720376968 2.971508729388e-05
-0.13058257102966 0.074665792286396 0.94995409250259 0.00065005931537598 0.00097699032630771 1.0504933595657 3.3311222068733e-05
-0.1401821821928 0.08013653755188 0.94997066259384 0.00059330021031201 0.0010012848069891 1.0503923892975 2.0306858061758e-07
-0.14979061484337 0.085638150572777 0.9499751329422 0.00059210124891251 0.00098602508660406 1.0503422021866 5.5402197176591e-06
-0.15937465429306 0.091090649366379 0.94997900724411 0.0004820832691621 0.00094604579498991 1.0506174564362 9.647008482716e-06
-0.16895222663879 0.096608534455299 0.9499596953392 0.00059176597278565 0.00078666169429198 1.0496584177017 8.0060148320626e-05
-0.17858672142029 0.10210229456425 0.94996726512909 0.00052460090955719 0.00073643290670589 1.0504320859909 4.3127169192303e-05
-0.18817846477032 0.10757580399513 0.94997203350067 0.00044271585647948 0.00078302627662197 1.0506120920181 -2.2564927348867e-05
-0.19776394963264 0.1130598410964 0.94996571540833 0.00051231472752988 0.00059446884552017 1.0506917238235 5.5894528486533e-05
-0.20737470686436 0.11855162680149 0.94996410608292 0.0003810377093032 0.00048808570136316 1.0499509572983 -1.4106375601841e-05
