0.066816419363022 0.2302550971508 -1.7640001773834 -1.6089367866516 -1.4215514659882 0.00022288016043603 1.3713420230488e-05
0.10321435332298 0.22654864192009 -1.7824468612671 -1.5869524478912 -1.3368775844574 0.00035687140189111 0.00010479072807357
0.13823279738426 0.22063967585564 -1.7991316318512 -1.5643322467804 -1.2538628578186 0.00048466376028955 9.0846144303214e-05
0.17198619246483 0.21227356791496 -1.8139667510986 -1.5411195755005 -1.1719603538513 0.00055761984549463 5.8607151913748e-06
0.20407494902611 0.20153281092644 -1.8268260955811 -1.5176537036896 -1.0918953418732 0.00076885870657861 -6.2493513723894e-06
0.23458299040794 0.18846842646599 -1.8377652168274 -1.4937274456024 -1.0129656791687 0.00092096976004541 6.7520355514716e-05
0.26326283812523 0.17320105433464 -1.8467552661896 -1.4695937633514 -0.93611168861389 0.0010244434233755 -2.8559094062075e-05
0.2901311814785 0.15570065379143 -1.8537330627441 -1.4452652931213 -0.86085391044617 0.0013253276702017 1.6912128558033e-05
0.31508550047874 0.13621899485588 -1.8587539196014 -1.4209725856781 -0.78781223297119 0.0015165393706411 2.3633803721168e-05
0.338180154562 0.1148028075695 -1.8618035316467 -1.3967070579529 -0.71663188934326 0.0017916744109243 6.2976541812532e-05
0.35946282744408 0.091659992933273 -1.8628714084625 -1.3728730678558 -0.64748120307922 0.0021526401396841 4.4326301576803e-05
0.37900647521019 0.066792458295822 -1.8618574142456 -1.3493273258209 -0.57944941520691 0.0025255267973989 0.00012306417920627
0.39674815535545 0.040522545576096 -1.8589572906494 -1.326450586319 -0.51393175125122 0.0030452792998403 1.845914198384e-06
0.41294917464256 0.012896507978439 -1.8540334701538 -1.3042740821838 -0.44933271408081 0.0035793369170278 1.0581430615275e-05
0.42754897475243 -0.015980750322342 -1.8472330570221 -1.2829487323761 -0.38659238815308 0.0042912550270557 3.9434678910766e-05
0.44065341353416 -0.045871287584305 -1.8385343551636 -1.2626531124115 -0.32552671432495 0.0052325315773487 -6.7239529926155e-06
0.45232877135277 -0.076636582612991 -1.8279514312744 -1.2435693740845 -0.26571488380432 0.0064017362892628 -3.9279908378376e-05
0.46274909377098 -0.10820177197456 -1.8155748844147 -1.2257025241852 -0.20723533630371 0.0078532285988331 2.0795139789698e-05
0.47193297743797 -0.14055135846138 -1.8013689517975 -1.2092666625977 -0.14976811408997 0.0094863958656788 -9.47533044382e-06
0.47998055815697 -0.17334297299385 -1.785537481308 -1.1942517757416 -0.094077110290527 0.011514384299517 1.8567941879155e-05
0.48694762587547 -0.20668032765388 -1.7680275440216 -1.1805164813995 -0.038836240768433 0.01349039748311 7.4982192018069e-05
0.49296435713768 -0.24011424183846 -1.749223947525 -1.1675004959106 0.01515007019043 0.015140254050493 -4.2668052628869e-05
0.49803790450096 -0.27354934811592 -1.7291674613953 -1.1545004844666 0.068259239196777 0.015776354819536 8.0951336713042e-05
0.50225031375885 -0.30702045559883 -1.7081003189087 -1.1410305500031 0.12057828903198 0.01449890807271 6.0261681937845e-05
0.50570023059845 -0.33990815281868 -1.6862115859985 -1.1265962123871 0.17191982269287 0.011113364249468 4.4047643314116e-05
0.5084320306778 -0.37248161435127 -1.6634612083435 -1.1121294498444 0.2225923538208 0.0064537115395069 1.7737376765581e-05
0.5104728937149 -0.40503028035164 -1.6392912864685 -1.0992321968079 0.27273511886597 0.0018894262611866 3.9581900637131e-05
0.51191818714142 -0.43791750073433 -1.6136012077332 -1.0889849662781 0.32229948043823 -0.001114409416914 8.8276719907299e-05
0.51279652118683 -0.4710114300251 -1.5864758491516 -1.0816464424133 0.37103700637817 -0.002518218010664 -4.2560491237964e-06
0.51312172412872 -0.50424337387085 -1.5578901767731 -1.0764605998993 0.4195990562439 -0.00287751480937 4.0038448787527e-05
0.51298868656158 -0.53755259513855 -1.5283055305481 -1.0730125904083 0.46725606918335 -0.0026066713035107 -8.2394572018529e-06
0.5124374628067 -0.57078957557678 -1.4976806640625 -1.0706005096436 0.51458692550659 -0.0024152211844921 -5.057036105427e-05
0.51142179965973 -0.60399198532104 -1.4659752845764 -1.0692512989044 0.5619969367981 -0.0022480897605419 -5.828354460391e-06
0.51009714603424 -0.63699865341187 -1.4335784912109 -1.0690128803253 0.60824728012085 -0.0020091943442822 6.4227904658765e-05
0.5084263086319 -0.66981959342957 -1.4001975059509 -1.0697195529938 0.65454626083374 -0.0017457418143749 -2.8013955670758e-05
0.50639975070953 -0.70264315605164 -1.3658797740936 -1.0712168216705 0.70077276229858 -0.0016327314078808 3.3450301998528e-05
0.50404322147369 -0.73546934127808 -1.3306441307068 -1.0738413333893 0.74694061279297 -0.001464169472456 7.7241202234291e-05
0.50158751010895 -0.76789855957031 -1.2949664592743 -1.0770773887634 0.79191827774048 -0.0014796666800976 1.1740287845896e-05
0.49883663654327 -0.80041766166687 -1.2583065032959 -1.0813565254211 0.83714294433594 -0.0012593679130077 4.5640572352568e-05
0.49591267108917 -0.83290028572083 -1.2209343910217 -1.0864174365997 0.88180208206177 -0.0012607984244823 9.6967713034246e-05
0.49271070957184 -0.86525535583496 -1.1825778484344 -1.0923216342926 0.92687511444092 -0.0011485032737255 2.7726173357223e-05
0.48941004276276 -0.89778971672058 -1.143483877182 -1.0989439487457 0.97171068191528 -0.00098184868693352 6.7628723627422e-05
0.48495352268219 -0.92029571533203 -1.1193199157715 -1.1036536693573 1.0045833587646 0.00036688521504402 6.2866231019143e-05
0.47614872455597 -0.90130996704102 -1.1564466953278 -1.0859446525574 0.99641180038452 0.0013520307838917 2.3001075533102e-05
0.46721422672272 -0.88287901878357 -1.192809343338 -1.0681359767914 0.9872670173645 0.0012886114418507 2.181268610002e-05
0.45798599720001 -0.86477112770081 -1.2278356552124 -1.0509207248688 0.97820138931274 0.0012209005653858 -8.5645879153162e-06
0.44853270053864 -0.84745407104492 -1.2616322040558 -1.0344612598419 0.96886301040649 0.0012404508888721 5.6986918934854e-05
0.43883097171783 -0.8306143283844 -1.2942934036255 -1.0186131000519 0.95920658111572 0.0012528486549854 -5.6473199947504e-06
0.42883312702179 -0.81441211700439 -1.3257827758789 -1.003636598587 0.94949150085449 0.0014531202614307 0.00010822465992533
0.41867411136627 -0.79855847358704 -1.3565924167633 -0.9886417388916 0.93882846832275 0.0013229437172413 -2.3799627797416e-06
0.40818130970001 -0.78298020362854 -1.3863101005554 -0.97424292564392 0.9284029006958 0.001345831900835 5.3365514759207e-05
0.39740717411041 -0.76816844940186 -1.4150373935699 -0.96061158180237 0.91758680343628 0.0014693327248096 1.8230310161016e-05
0.38628494739532 -0.75373220443726 -1.442703962326 -0.94756674766541 0.90686702728271 0.0015279836952686 2.4946988560259e-05
0.37502443790436 -0.73940062522888 -1.4700961112976 -0.93430805206299 0.89499139785767 0.0015766210854053 1.64606335602e-05
0.3632618188858 -0.72581434249878 -1.4961075782776 -0.92207860946655 0.88371801376343 0.0016324110329151 5.8145455113845e-05
0.35124123096466 -0.71236658096313 -1.5215067863464 -0.91016340255737 0.87191438674927 0.0016409941017628 3.8807484088466e-06
0.33896219730377 -0.6993134021759 -1.5463392734528 -0.89827537536621 0.8595118522644 0.0015942640602589 -1.9452631022432e-05
0.3263031244278 -0.6866614818573 -1.5701699256897 -0.8871796131134 0.84694004058838 0.0017559118568897 4.5676890294999e-05
0.31333601474762 -0.67435574531555 -1.5933613777161 -0.876305103302 0.83419895172119 0.0017134733498096 -1.498135361544e-06
0.3000203371048 -0.66231894493103 -1.616001367569 -0.86567401885986 0.82059860229492 0.0017454214394093 3.9311784348683e-05
0.28634703159332 -0.65068769454956 -1.6377365589142 -0.85552144050598 0.80710601806641 0.0017759390175343 0.00013901699276175
0.27231514453888 -0.63940000534058 -1.6588671207428 -0.84574031829834 0.79295969009399 0.0017902441322803 -3.5415043385001e-05
0.25791418552399 -0.62838792800903 -1.6793217658997 -0.83621501922607 0.77857637405396 0.0018388815224171 1.2006899851258e-05
0.24313223361969 -0.61782765388489 -1.6989071369171 -0.82725071907043 0.76386022567749 0.0018260069191456 3.418883352424e-05
0.22797405719757 -0.60752582550049 -1.7179815769196 -0.81843852996826 0.74872064590454 0.0018851347267628 6.2352937675314e-06
0.21241199970245 -0.59763050079346 -1.7362923622131 -0.81009292602539 0.73289442062378 0.0019218511879444 0.0001221256388817
0.19650948047638 -0.58804750442505 -1.7539451122284 -0.80198550224304 0.71705389022827 0.0019056387245655 2.8364162062644e-05
0.18014061450958 -0.57882905006409 -1.7708439826965 -0.79433870315552 0.70077133178711 0.0019900389015675 -2.9353186619119e-05
0.16337788105011 -0.56999444961548 -1.7870180606842 -0.78707790374756 0.68407964706421 0.0020119734108448 3.1485037652601e-06
0.14621269702911 -0.56144666671753 -1.8026406764984 -0.77996110916138 0.66683149337769 0.0020167417824268 -3.1034211133374e-05
0.12861120700836 -0.55335712432861 -1.8173539638519 -0.77354502677917 0.64948654174805 0.0022046156227589 8.056314982241e-05
0.11067736148834 -0.54551601409912 -1.8315851688385 -0.76703310012817 0.6314001083374 0.0021373815834522 2.0177312762826e-05
0.092279553413391 -0.53800821304321 -1.8450062274933 -0.76104235649109 0.61308240890503 0.0021154470741749 3.064933252972e-06
0.073553204536438 -0.53101849555969 -1.8577625751495 -0.75556993484497 0.59406709671021 0.0023085661232471 -9.4435945356963e-06
0.054301381111145 -0.52446389198303 -1.8696043491364 -0.75027918815613 0.57521486282349 0.0023057051002979 8.367369446205e-06
0.034765839576721 -0.51806306838989 -1.8809788227081 -0.74530267715454 0.55545377731323 0.0023281164467335 5.1190154408687e-06
0.014753937721252 -0.51222562789917 -1.8914077281952 -0.74068737030029 0.53585720062256 0.002402026206255 4.1026170947589e-05
-0.0055533647537231 -0.50659394264221 -1.9013688564301 -0.73624038696289 0.51501941680908 0.0023376531898975 2.971508729388e-05
-0.026339888572693 -0.50160050392151 -1.910395860672 -0.73226141929626 0.49446296691895 0.0023052282631397 3.3311222068733e-05
-0.047403454780579 -0.49681377410889 -1.9187662601471 -0.72858333587646 0.47316598892212 0.0022885389626026 2.0306858061758e-07
-0.068926930427551 -0.49266171455383 -1.9261906147003 -0.72543692588806 0.45197105407715 0.0024296827614307 5.5402197176591e-06
-0.090660214424133 -0.48876810073853 -1.9330363273621 -0.72238612174988 0.430016040802 0.0024005956947803 9.647008482716e-06
-0.11284935474396 -0.48551535606384 -1.9388344287872 -0.71992802619934 0.40853929519653 0.0023967809975147 8.0060148320626e-05
-0.13527429103851 -0.48243308067322 -1.9441905021667 -0.71764516830444 0.38576459884644 0.0024668760597706 4.3127169192303e-05
-0.15796077251434 -0.47980904579163 -1.9488022327423 -0.71560978889465 0.36266422271729 0.0024292059242725 -2.2564927348867e-05
-0.18092787265778 -0.47774791717529 -1.9524338245392 -0.71399211883545 0.33987665176392 0.0023390837013721 5.5894528486533e-05
-0.20421040058136 -0.47614574432373 -1.9551939964294 -0.7126247882843 0.31714725494385 0.0022203512489796 -1.4106375601841e-05
