-7.5225511864119e-07 7.1648692312465e-08 0.91483902931213
-3.2624978985041e-07 7.6503056334332e-08 0.91483908891678
-2.4655707875354e-07 -2.4184436142605e-07 0.91483914852142
-1.8045409433398e-07 -7.8105563261488e-07 0.91483914852142
-4.4962160927753e-07 -1.2010549426122e-06 0.91483932733536
-2.7384797363084e-07 -9.6769758783921e-07 0.91483938694
-1.7133659468982e-07 -1.1223874025745e-06 0.91483944654465
-2.5289708105447e-07 -1.0725062793426e-06 0.91483962535858
-6.8818074794308e-08 -1.1114291282865e-06 0.91483962535858
1.7649630024152e-07 -1.0115371651409e-06 0.91483944654465
1.3644388729972e-07 -1.1101861900897e-06 0.91483938694
2.5481736543043e-07 -9.2613026936306e-07 0.91483944654465
1.3768126905234e-07 -1.1935178463318e-06 0.91483938694
3.2610904554531e-07 -1.419708269168e-06 0.91483968496323
-1.4075112630962e-07 -1.532392388981e-06 0.91483944654465
-1.9998154243694e-08 -1.9893982425856e-06 0.91483968496323
-3.6126547087179e-08 -1.4665566823169e-06 0.91483974456787
-5.3843447034296e-08 -1.6385683920817e-06 0.91484004259109
-4.4222002770766e-07 -1.509056460236e-06 0.91484004259109
-2.3467012510991e-07 -1.4129008150121e-06 0.91484028100967
1.8970358439674e-07 -1.4295595747171e-06 0.91484028100967
5.7579092072046e-07 -1.3344130138648e-06 0.91484016180038
5.859823204446e-07 -1.5583545973641e-06 0.91484016180038
5.7406668929616e-07 -1.3235151072877e-06 0.91484010219574
1.6575289407683e-07 -1.370431164105e-06 0.91484022140503
-3.6811570680584e-07 -1.7882078964249e-06 0.91484051942825
-5.9332319324312e-07 -1.8318826278119e-06 0.91484034061432
-6.6484682292867e-07 -1.4298303767646e-06 0.91484034061432
-9.8838563644676e-07 -1.014079430206e-06 0.91484034061432
-1.2134098597016e-06 -1.5996670299501e-06 0.91484034061432
-1.328083953922e-06 -1.4974006035118e-06 0.91484045982361
-1.4592360457755e-06 -1.0754532695501e-06 0.91484069824219
-1.4369309155882e-06 -1.2578764199134e-06 0.91484069824219
-1.3600226793642e-06 -1.3305519814821e-06 0.91484087705612
-1.503463181507e-06 -1.2594788358911e-06 0.91484087705612
-1.7399349871994e-06 -7.8353463095482e-07 0.91484093666077
-1.5048192381073e-06 -1.4896243101248e-06 0.91484087705612
-1.3593797802969e-06 -1.4178890523908e-06 0.91484099626541
-1.4394233858184e-06 -1.4529881582348e-06 0.91484105587006
-1.5328832887462e-06 -9.3564483449882e-07 0.9148411154747
-1.4185694681146e-06 -1.0326398296456e-06 0.91484123468399
-1.1924701084354e-06 -8.8661761310505e-07 0.91484141349792
-1.2255234196346e-06 -1.0750917454061e-06 0.91484153270721
-1.0846963505173e-06 -8.6086527062434e-07 0.91484159231186
-9.0376443040441e-07 -8.1163210552404e-07 0.9148416519165
-7.5932945264867e-07 -1.1953438843193e-06 0.91484183073044
-7.5871338367506e-07 -1.6552061197217e-06 0.91484194993973
-4.4620230710279e-07 -1.9335643628438e-06 0.91484200954437
-8.7278391447398e-07 -2.0391357793414e-06 0.91484206914902
-7.8989779694894e-07 -1.9180049548595e-06 0.91484224796295
-7.8079415288812e-07 -1.8921448372566e-06 0.91484236717224
-1.0360741953264e-06 -1.7512321619506e-06 0.91484242677689
-1.4182558061293e-06 -2.0325405785115e-06 0.91484242677689
-9.2242180471658e-07 -1.814938627831e-06 0.91484266519547
-6.9394667434608e-07 -1.6201433936658e-06 0.91484254598618
-3.0413087870329e-07 -2.0427801246115e-06 0.9148428440094
-1.7995940027049e-07 -2.1198109152465e-06 0.9148428440094
-0.0073914658278227 0.0020245700143278 0.91491121053696
-0.018373377621174 0.0050923475064337 0.91502970457077
-0.029423784464598 0.0081171486526728 0.91516751050949
-0.040439128875732 0.011107908561826 0.91531658172607
-0.050613064318895 0.015692720189691 0.91536390781403
-0.060216531157494 0.021189264953136 0.91538047790527
-0.069727070629597 0.02677577920258 0.91540747880936
-0.079414628446102 0.03218013420701 0.91542762517929
-0.089024789631367 0.037623301148415 0.91542774438858
-0.098603002727032 0.043104439973831 0.91543614864349
-0.1081860139966 0.048612028360367 0.91546148061752
-0.11785398423672 0.054090093821287 0.91547381877899
-0.12743356823921 0.059557557106018 0.91548711061478
-0.13702470064163 0.065124809741974 0.91547948122025
-0.14665332436562 0.070562086999416 0.91546887159348
-0.15620341897011 0.076098911464214 0.91547924280167
-0.16586777567863 0.081496588885784 0.91549426317215
-0.17545560002327 0.087056368589401 0.91549205780029
-0.18505281209946 0.092527776956558 0.91550832986832
-0.19463320076466 0.098094634711742 0.91550487279892
-0.20437273383141 0.10342069715261 0.91549521684647
-0.21375814080238 0.10910988599062 0.91548031568527
-0.22345779836178 0.11446641385555 0.91548126935959
-0.23305410146713 0.11998773366213 0.9154902100563
-0.24260058999062 0.12544944882393 0.91548430919647
-0.25216725468636 0.13101246953011 0.91546100378036
-0.26187750697136 0.13642232120037 0.91546720266342
-0.2714529633522 0.14186303317547 0.91545522212982
-0.28103002905846 0.14739075303078 0.91544663906097
-0.29055294394493 0.15297809243202 0.9154452085495
