-0.013031901791692 0.047363296151161 1.3011729717255 0.0007204445428215 8.9754394139163e-05 -3.0588293075562 7.5267969805282e-05
-0.01466004550457 0.042384758591652 1.2947980165482 0.00059665797743946 0.00019199296366423 -3.01029920578 7.9283949162345e-05
-0.016285710036755 0.037355750799179 1.2883776426315 0.00058850098866969 0.00027982235769741 -2.9623277187347 -1.0265043783875e-06
-0.017897352576256 0.032340064644814 1.2819867134094 0.00063480046810582 0.00011248266673647 -2.9142589569092 5.089338083053e-05
-0.019549503922462 0.027319714426994 1.2755957841873 0.00066578679252416 0.00024048989871517 -2.8663132190704 8.2216844020877e-05
-0.021172247827053 0.022301912307739 1.2691830396652 0.00067106611095369 0.00022231283946894 -2.8184421062469 2.2075097149354e-05
-0.022788718342781 0.017278522253036 1.2627768516541 0.00058914913097396 0.00031456357100978 -2.7700457572937 1.2931212040712e-05
-0.024410985410213 0.012260928750038 1.2563904523849 0.00051221036119387 0.00020785816013813 -2.7217512130737 2.6701918613981e-05
-0.026041440665722 0.0072488114237785 1.2499842643738 0.00037451097159646 0.00036222525523044 -2.6740951538086 9.7761912911665e-05
-0.027657389640808 0.0022263005375862 1.2435845136642 0.0005356699693948 0.00018729871953838 -2.6252081394196 5.7100049161818e-05
-0.029283940792084 -0.0027632266283035 1.2372093200684 0.00026247536879964 0.00034693599445745 -2.5773236751556 6.1272156017367e-05
-0.030935674905777 -0.0078119486570358 1.2307755947113 0.00038772195694037 0.00026213302044198 -2.5291981697083 -1.4793962691328e-05
-0.032532431185246 -0.012815579771996 1.2243894338608 0.00027133690309711 0.00025198847288266 -2.4812695980072 3.0039734610909e-06
-0.034170165657997 -0.017865784466267 1.2179647684097 0.00033887778408825 0.00017091467452701 -2.4333388805389 1.7941846408576e-06
-0.03580042719841 -0.022858984768391 1.2115671634674 0.00031367261544801 5.2855524700135e-05 -2.3850343227386 7.6102995080873e-05
-0.037411719560623 -0.027837384492159 1.2052185535431 0.00026154107763432 8.7911095761228e-05 -2.3365073204041 2.8906477382407e-05
-0.039053291082382 -0.032878912985325 1.1988109350204 4.0871167584555e-05 -0.00016628090816084 -2.2886257171631 2.1772693798994e-05
-0.040669918060303 -0.037903595715761 1.1923862695694 -8.8205175416078e-05 -0.00016428186791018 -2.2409000396729 1.7335894881398e-05
-0.042290195822716 -0.042902767658234 1.1860193014145 -7.3229159170296e-05 -0.00033282287768088 -2.193078994751 -3.23451240547e-05
-0.043908908963203 -0.047931764274836 1.1796374320984 -0.00026000800426118 -0.00044107274152339 -2.1451923847198 8.3893319242634e-06
-0.045548006892204 -0.052918799221516 1.1732040643692 -0.00030137680005282 -0.00065216101938859 -2.0962867736816 2.8034368369845e-05
-0.047162570059299 -0.057971507310867 1.1667852401733 -0.0002516238600947 -0.00089356064563617 -2.0486373901367 8.5634674178436e-05
-0.048788025975227 -0.062992975115776 1.1603997945786 -0.00035752818803303 -0.00093518197536469 -2.0008783340454 7.2350791015197e-05
-0.050436571240425 -0.068005532026291 1.1539702415466 -0.00029157209792174 -0.00090048066340387 -1.9527236223221 0.000104522005131
-0.052042417228222 -0.073032103478909 1.1476327180862 -0.00024967195349745 -0.00038856104947627 -1.9050160646439 -4.452543635125e-06
-0.053676962852478 -0.078011885285378 1.1412191390991 6.5701744460966e-05 0.00040561606874689 -1.8561677932739 0.00012803201389033
-0.055306039750576 -0.08304675668478 1.1347684860229 0.00044844701187685 0.001655027619563 -1.8086397647858 2.0640934963012e-05
-0.056932292878628 -0.088078610599041 1.1283529996872 0.00087972480105236 0.0035125685390085 -1.7604211568832 9.6363310149172e-06
-0.058553777635098 -0.093096889555454 1.1219545602798 0.0012812291970477 0.0054262052290142 -1.7129572629929 8.5200554167386e-05
-0.060185860842466 -0.098117060959339 1.115592956543 0.0011619161814451 0.0068344008177519 -1.6652210950851 9.6108960860875e-06
-0.061789151281118 -0.10313355922699 1.1092202663422 0.0009540876490064 0.0073183546774089 -1.6175495386124 -5.2216630137991e-05
-0.063445396721363 -0.10815531760454 1.1027601957321 0.00070840516127646 0.0068681729026139 -1.5689821243286 0.00015202263602987
-0.065049700438976 -0.11316649615765 1.0964391231537 0.00045504575246014 0.0058611202985048 -1.5213841199875 9.0202329374733e-06
-0.066691838204861 -0.11816346645355 1.0899276733398 0.00033207086380571 0.0046513481065631 -1.4726015329361 5.2867788326694e-05
-0.068309128284454 -0.12315841764212 1.0836287736893 -9.3649914560956e-06 0.0040755355730653 -1.4247586727142 3.1819450668991e-05
-0.069936171174049 -0.12821058928967 1.0771423578262 -9.2893087639823e-06 0.0037414121907204 -1.3772778511047 1.9672983398777e-05
-0.071576617658138 -0.13321816921234 1.070779800415 -9.8696349596139e-05 0.0035010983701795 -1.3284639120102 1.0947887858492e-05
-0.073180809617043 -0.13820287585258 1.0644443035126 -0.00032853308948688 0.0032015102915466 -1.2808058261871 -4.5912624955236e-06
-0.074809961020947 -0.14325533807278 1.0579833984375 -0.00024560408201069 0.0032223234884441 -1.2329167127609 8.7934138718992e-05
-0.07644122838974 -0.14830039441586 1.0514422655106 -0.00035468986607157 0.0030970887746662 -1.1853003501892 0.00011007085413439
-0.078052692115307 -0.15330097079277 1.0451257228851 -0.00068998947972432 0.0030672347638756 -1.1375775337219 8.0016485298984e-05
-0.079689584672451 -0.1583237349987 1.0387282371521 -0.0010769988875836 0.003107852768153 -1.0894215106964 2.8433136321837e-05
-0.081315241754055 -0.16331946849823 1.0322725772858 -0.0011747755343094 0.0032673773821443 -1.0413151979446 1.2853959560744e-05
-0.082938641309738 -0.16831800341606 1.0260136127472 -0.0016832444816828 0.0031804223544896 -0.99342209100723 3.4638840588741e-05
-0.084566861391068 -0.17332781851292 1.0195229053497 -0.0019210103200749 0.0036757225170732 -0.94528549909592 9.3052651209291e-05
-0.086196541786194 -0.1783635020256 1.0131561756134 -0.0023687568027526 0.0040516988374293 -0.89790821075439 9.4663679192308e-05
-0.087818890810013 -0.18337193131447 1.0067639350891 -0.0032949692104012 0.0045493808574975 -0.85033714771271 8.7883432570379e-05
-0.089442387223244 -0.18837808072567 1.0004100799561 -0.0048385448753834 0.0060312133282423 -0.80305027961731 3.6567980714608e-05
-0.091065526008606 -0.19340854883194 0.99395853281021 -0.0081213032826781 0.0086655067279935 -0.75723105669022 6.4261294028256e-05
-0.092665269970894 -0.19843152165413 0.98740065097809 -0.017239827662706 0.015552048571408 -0.71493721008301 0.00010817586735357
-0.094308078289032 -0.20340466499329 0.9810870885849 -0.04442672431469 0.035869006067514 -0.68149226903915 1.4986083442636e-05
-0.095883533358574 -0.20836114883423 0.97471553087234 -0.087576262652874 0.067034043371677 -0.65438920259476 1.0825205208675e-05
-0.097516596317291 -0.21330791711807 0.96843457221985 -0.1333889067173 0.096278928220272 -0.62185263633728 5.7620978623163e-05
-0.099155932664871 -0.21830433607101 0.9618593454361 -0.18110425770283 0.12126009911299 -0.58295691013336 1.0234867659165e-05
-0.1007446795702 -0.22328063845634 0.95534956455231 -0.23039127886295 0.14107811450958 -0.53756254911423 2.3006799892755e-05
-0.10166336596012 -0.22654770314693 0.94970351457596 -0.26790529489517 0.14782990515232 -0.48869520425797 -4.7304665713455e-06
-0.09741373360157 -0.21712571382523 0.94968688488007 -0.19802235066891 0.10257558524609 -0.46656054258347 2.2208301743376e-05
-0.093156591057777 -0.20758932828903 0.94976133108139 -0.11678440868855 0.057107143104076 -0.44656538963318 -1.7749694961822e-05
-0.088856801390648 -0.19809353351593 0.94966161251068 -0.022334977984428 0.010940614156425 -0.42621874809265 0.00010255623783451
-0.084625199437141 -0.18863928318024 0.94970881938934 0.055165402591228 -0.024731751531363 -0.41164815425873 6.6669432271738e-05
-0.080269992351532 -0.178944632411 0.94977390766144 0.012045117095113 -0.0060397009365261 -0.41957885026932 0.0001016779569909
-0.075937122106552 -0.16933299601078 0.94977205991745 0.0056797754950821 -0.0029507018625736 -0.42088910937309 6.2322091253009e-05
-0.071650356054306 -0.15971580147743 0.94991165399551 0.0039511914364994 -0.00200564134866 -0.42125207185745 5.4778491175966e-05
-0.067329272627831 -0.150116071105 0.94980651140213 0.0033060985151678 -0.0016177548095584 -0.42155051231384 2.1623511202051e-05
-0.063026033341885 -0.1405189037323 0.94983166456223 0.0026567478198558 -0.0015134328277782 -0.42133769392967 3.8323356420733e-05
-0.058726124465466 -0.13091884553432 0.9498011469841 0.0023107649758458 -0.0013479762710631 -0.42137539386749 1.1621665407802e-06
-0.054421961307526 -0.12131886184216 0.94974839687347 0.0022706489544362 -0.0010921158827841 -0.42145103216171 1.6829351807246e-05
-0.050114914774895 -0.11172462999821 0.94980531930923 0.0018286895938218 -0.00099475495517254 -0.42154970765114 4.1691037040437e-05
-0.045824140310287 -0.1021313816309 0.94987976551056 0.001562939141877 -0.00082604342605919 -0.42144057154655 1.2032211316182e-06
-0.04148305952549 -0.092522963881493 0.94981360435486 0.0015828595496714 -0.00085053232032806 -0.42150017619133 5.0898663175758e-05
-0.037181802093983 -0.082931607961655 0.94990015029907 0.0015063714236021 -0.00076541031012312 -0.42153209447861 -3.1841543659539e-06
-0.032938271760941 -0.073324158787727 0.949866771698 0.0012648896081373 -0.00068957154871896 -0.42121970653534 4.2252693674527e-05
-0.028607696294785 -0.063746079802513 0.94994479417801 0.0012124197091907 -0.00067148293601349 -0.42160284519196 7.2306844231207e-05
-0.024331040680408 -0.054140999913216 0.94993370771408 0.0010954297613353 -0.00068134051980451 -0.42125096917152 7.6738317147829e-05
-0.019981369376183 -0.044536158442497 0.94989281892776 0.0011308690300211 -0.0007472078432329 -0.42137765884399 6.9225585320964e-05
-0.015711687505245 -0.034923821687698 0.94991594552994 0.0010275524109602 -0.0004969242727384 -0.42124858498573 5.074089858681e-05
-0.011405244469643 -0.025334969162941 0.94991707801819 0.0013532348675653 -0.00070977245923132 -0.42142757773399 5.6246390158776e-05
-0.007049486041069 -0.015734404325485 0.94993752241135 0.001436214777641 -0.00081192969810218 -0.42194423079491 0.00010966298577841
-0.0027827024459839 -0.0061418414115906 0.94992220401764 0.0011006378335878 -0.00053881591884419 -0.42164325714111 8.2347542047501e-05
0.0015308447182178 0.0034540072083473 0.94994175434113 0.001077854889445 -0.00064448092598468 -0.42114168405533 2.3483960831072e-05
0.0058245919644833 0.01305302977562 0.94993579387665 0.0011379854986444 -0.00059407373191789 -0.42139479517937 7.1539589043823e-06
0.010145708918571 0.022646732628345 0.94993513822556 0.0015255270991474 -0.00093271594960243 -0.42143133282661 6.9642257585656e-05
0.014450639486313 0.032246582210064 0.94995242357254 0.001150784897618 -0.00069008738500997 -0.42156457901001 2.3610440621269e-05
0.018758274614811 0.041855685412884 0.94996446371078 0.0011298939352855 -0.00069012172752991 -0.42145910859108 1.0833787200681e-06
0.023052547127008 0.051440201699734 0.94994878768921 0.0015571635449305 -0.00087035959586501 -0.42104345560074 0.00010658926476026
0.027370307594538 0.061065375804901 0.94997024536133 0.0015257752966136 -0.00081199052510783 -0.42132300138474 6.4197112806141e-05
0.031681567430496 0.070647366344929 0.94994282722473 0.0014315575826913 -0.00080273795174435 -0.42137917876244 -5.5692576097499e-06
0.035972189158201 0.080251321196556 0.94996529817581 0.0014229047810659 -0.00080884044291452 -0.42114827036858 1.9516133761499e-05
0.040285244584084 0.089850679039955 0.94995266199112 0.0014479742385447 -0.00084382272325456 -0.42092561721802 7.1799106081016e-05
0.044611543416977 0.099463067948818 0.94996666908264 0.0013929212000221 -0.00083865073975176 -0.42101114988327 2.3092997025742e-07
0.048913519829512 0.1090597063303 0.94997733831406 0.0013404856435955 -0.00077403447357938 -0.4215917289257 -4.3775021367765e-06
0.053212705999613 0.11865341663361 0.9499546289444 0.0013617753284052 -0.00068748381454498 -0.42145672440529 1.1096524758614e-05
0.057528272271156 0.12824055552483 0.94997179508209 0.0012113093398511 -0.0009702441166155 -0.42158731818199 2.3212534870254e-05
0.061826467514038 0.13784877955914 0.94998645782471 0.0012675218749791 -0.00075647520134225 -0.42151173949242 -1.6585921969181e-08
0.066128395497799 0.14743572473526 0.94996607303619 0.0012828664621338 -0.00079791591269895 -0.42088434100151 -1.5498886568821e-05
0.070425629615784 0.15704748034477 0.94997388124466 0.0012324366252869 -0.0007369001978077 -0.42120414972305 1.5655527022318e-05
0.074707865715027 0.16664063930511 0.94997990131378 0.0012576977023855 -0.00072847277624533 -0.42043989896774 9.3137241492514e-06
0.079043947160244 0.17624838650227 0.94998157024384 0.0012413534568623 -0.00074103527003899 -0.42138433456421 5.9628131566569e-05
0.083358347415924 0.18585501611233 0.94998562335968 0.0011737055610865 -0.00072594330413267 -0.42094922065735 4.5301731006475e-05
0.087653532624245 0.1954443603754 0.94998615980148 0.0011640747543424 -0.00075926067074761 -0.42112332582474 -1.2842291653214e-05
0.091967448592186 0.20504117012024 0.94999313354492 0.0012023880844936 -0.00064865843160078 -0.42135408520699 4.4995056668995e-05
0.096273936331272 0.21463522315025 0.94998621940613 0.0012481092708185 -0.00064941047457978 -0.42095202207565 1.7149277482531e-05
0.10058243572712 0.22423049807549 0.94999152421951 0.001146026304923 -0.00061421527061611 -0.42070114612579 6.0361424402799e-05
