-0.043750192970037 0.19793507456779 -1.7302587032318 -1.6099138259888 -1.6974778175354 -0.00014380759967025 7.5267969805282e-05
-0.067076116800308 0.17789503931999 -1.7305595874786 -1.5895004272461 -1.7691605091095 -0.00013784713519271 7.9283949162345e-05
-0.089116245508194 0.15663334727287 -1.7295172214508 -1.5693395137787 -1.8392112255096 -0.00017980880511459 -1.0265043783875e-06
-0.10987940430641 0.1344880759716 -1.727147102356 -1.5495629310608 -1.9081683158875 -0.00016168900765479 5.089338083053e-05
-0.12932458519936 0.11143824458122 -1.7234888076782 -1.5301749706268 -1.9755399227142 -0.0002253467682749 8.2216844020877e-05
-0.14749827980995 0.087500065565109 -1.7184863090515 -1.5112464427948 -2.0417277812958 -0.00029162713326514 2.2075097149354e-05
-0.16455474495888 0.062690228223801 -1.7120800018311 -1.492901802063 -2.1072449684143 -0.00036911317147315 1.2931212040712e-05
-0.1802593767643 0.037355870008469 -1.7044811248779 -1.4750499725342 -2.1710383892059 -0.00036935159005225 2.6701918613981e-05
-0.19478359818459 0.011260956525803 -1.6955389976501 -1.4578809738159 -2.2336316108704 -0.00036029168404639 9.7761912911665e-05
-0.20812383294106 -0.015438109636307 -1.6852056980133 -1.4415676593781 -2.295037984848 -0.000408690655604 5.7100049161818e-05
-0.22038307785988 -0.042531758546829 -1.6736841201782 -1.4258673191071 -2.3553776741028 -0.00041775056160986 6.1272156017367e-05
-0.23149338364601 -0.070269376039505 -1.6608324050903 -1.4110939502716 -2.4145295619965 -0.00038914033211768 -1.4793962691328e-05
-0.24157658219337 -0.09820345044136 -1.6468176841736 -1.3970184326172 -2.4725735187531 -0.00033406564034522 3.0039734610909e-06
-0.25069323182106 -0.12673786282539 -1.6314702033997 -1.3838407993317 -2.5298972129822 -0.00028733559884131 1.7941846408576e-06
-0.25883522629738 -0.15539053082466 -1.6150331497192 -1.3714470863342 -2.5860459804535 -3.4373486414552e-05 7.6102995080873e-05
-0.26603928208351 -0.18423107266426 -1.5973627567291 -1.3600494861603 -2.6412713527679 0.00013681105338037 2.8906477382407e-05
-0.27242341637611 -0.21343329548836 -1.5784900188446 -1.3493480682373 -2.6957931518555 0.00039144209586084 2.1772693798994e-05
-0.27793660759926 -0.24284961819649 -1.5585899353027 -1.3395290374756 -2.7494118213654 0.00071521452628076 1.7335894881398e-05
-0.28267398476601 -0.27216175198555 -1.537650346756 -1.3304843902588 -2.8020424842834 0.0013336723204702 -3.23451240547e-05
-0.28664365410805 -0.30166652798653 -1.5156922340393 -1.3220226764679 -2.8537175655365 0.002248722827062 8.3893319242634e-06
-0.28996554017067 -0.33133414387703 -1.4926476478577 -1.3140916824341 -2.9054596424103 0.0035357063170522 2.8034368369845e-05
-0.2925788462162 -0.36096885800362 -1.4687552452087 -1.3065116405487 -2.956164598465 0.0054416246712208 8.5634674178436e-05
-0.29455557465553 -0.39037445187569 -1.4441511631012 -1.2990076541901 -3.0060245990753 0.008092362433672 7.2350791015197e-05
-0.29596415162086 -0.41972211003304 -1.4187426567078 -1.2912995815277 -3.0557098388672 0.011859852820635 0.000104522005131
-0.29677405953407 -0.44862082600594 -1.3927779197693 -1.2833962440491 -3.104368686676 0.016710240393877 -4.452543635125e-06
-0.29708757996559 -0.47755149006844 -1.3660507202148 -1.2753207683563 -3.1528732776642 0.022617775946856 0.00012803201389033
-0.29686251282692 -0.50640201568604 -1.3384828567505 -1.268025636673 -3.2006304264069 0.02871223166585 2.0640934963012e-05
-0.29617539048195 -0.53550672531128 -1.3095505237579 -1.2627966403961 -3.2479248046875 0.033834893256426 9.6363310149172e-06
-0.29504242539406 -0.56511473655701 -1.2788746356964 -1.261518239975 -3.2945549488068 0.036175686866045 8.5200554167386e-05
-0.29350534081459 -0.59552669525146 -1.2459676265717 -1.2652668952942 -3.3407554626465 0.034719903022051 9.6108960860875e-06
-0.29157558083534 -0.62694573402405 -1.2109513282776 -1.2735960483551 -3.3864488601685 0.029898602515459 -5.2216630137991e-05
-0.28926411271095 -0.65932703018188 -1.1739039421082 -1.284824848175 -3.4326727390289 0.023323018103838 0.00015202263602987
-0.28659406304359 -0.69168424606323 -1.1359710693359 -1.2967367172241 -3.4781424999237 0.017002064734697 9.0202329374733e-06
-0.28362312912941 -0.72403502464294 -1.097601890564 -1.3076386451721 -3.5230700969696 0.01223273947835 5.2867788326694e-05
-0.28034749627113 -0.75567054748535 -1.0587720870972 -1.3176553249359 -3.5675508975983 0.0092515535652637 3.1819450668991e-05
-0.27678146958351 -0.78779411315918 -1.0188817977905 -1.3273215293884 -3.6120407581329 0.0075344629585743 1.9672983398777e-05
-0.27294579148293 -0.81981301307678 -0.97781586647034 -1.3373370170593 -3.6566705703735 0.0063566751778126 1.0947887858492e-05
-0.26889243721962 -0.85188937187195 -0.93595814704895 -1.3479454517365 -3.7002499103546 0.0054626055061817 -4.5912624955236e-06
-0.26459136605263 -0.88471627235413 -0.89237284660339 -1.3593611717224 -3.7439823150635 0.0050334520637989 8.7934138718992e-05
-0.26009169220924 -0.91793894767761 -0.8472626209259 -1.3717029094696 -3.7874286174774 0.0045485086739063 0.00011007085413439
-0.25542107224464 -0.95140480995178 -0.80044317245483 -1.3850457668304 -3.8304054737091 0.0043239183723927 8.0016485298984e-05
-0.25053969025612 -0.98583436012268 -0.75140428543091 -1.3997550010681 -3.8735964298248 0.0040444917976856 2.8433136321837e-05
-0.24548640847206 -1.0213179588318 -0.69974637031555 -1.4159860610962 -3.9168322086334 0.0039701052010059 1.2853959560744e-05
-0.24034181237221 -1.0574376583099 -0.64529395103455 -1.4339115619659 -3.9593117237091 0.0037784166634083 3.4638840588741e-05
-0.23503413796425 -1.0955882072449 -0.58701014518738 -1.4537296295166 -4.0018911361694 0.0040015764534473 9.3052651209291e-05
-0.2296454012394 -1.1356446743011 -0.52383065223694 -1.4762480258942 -4.0441398620605 0.0041951723396778 9.4663679192308e-05
-0.22415390610695 -1.1787157058716 -0.45417237281799 -1.5018086433411 -4.086226940155 0.0048260278999805 8.7883432570379e-05
-0.21863999962807 -1.2256870269775 -0.37514090538025 -1.5317158699036 -4.1278281211853 0.0056976862251759 3.6567980714608e-05
-0.21318712830544 -1.2790715694427 -0.28175640106201 -1.5669457912445 -4.1681981086731 0.007770974189043 6.4261294028256e-05
-0.2080914080143 -1.342348575592 -0.16537833213806 -1.6074652671814 -4.2059731483459 0.013289887458086 0.00010817586735357
-0.20432367920876 -1.4041740894318 -0.043465137481689 -1.6297514438629 -4.2352294921875 0.029318768531084 1.4986083442636e-05
-0.20130434632301 -1.4262697696686 0.002016544342041 -1.5946612358093 -4.2593350410461 0.053627926856279 1.0825205208675e-05
-0.19763246178627 -1.4275417327881 0.003624439239502 -1.5371277332306 -4.287670135498 0.07502980530262 5.7620978623163e-05
-0.19311943650246 -1.4284293651581 0.0025863647460938 -1.4801042079926 -4.3214917182922 0.091385319828987 1.0234867659165e-05
-0.18773427605629 -1.4299802780151 0.0018515586853027 -1.4258704185486 -4.3601598739624 0.1024479418993 2.3006799892755e-05
-0.18148127198219 -1.4317266941071 -0.0004887580871582 -1.3883154392242 -4.4011454582214 0.10272593796253 -4.7304665713455e-06
-0.17514625191689 -1.4395418167114 -0.0037751197814941 -1.4652423858643 -4.4183926582336 0.069696381688118 2.2208301743376e-05
-0.1689228117466 -1.4499044418335 -0.0070092678070068 -1.5494403839111 -4.4337749481201 0.038224175572395 -1.7749694961822e-05
-0.16257610917091 -1.4585664272308 -0.020956039428711 -1.6364212036133 -4.4486627578735 0.0075478106737137 0.00010255623783451
-0.15713062882423 -1.3983993530273 -0.17326641082764 -1.6325056552887 -4.4574122428894 -0.01628951728344 6.6669432271738e-05
-0.15477767586708 -1.2729363441467 -0.41532754898071 -1.4673488140106 -4.4475245475769 -0.0042751282453537 0.0001016779569909
-0.15144529938698 -1.2148401737213 -0.53156280517578 -1.4018528461456 -4.4428224563599 -0.0021272152662277 6.2322091253009e-05
-0.14787068963051 -1.169116973877 -0.62326598167419 -1.3538556098938 -4.4389939308167 -0.001458927989006 5.4778491175966e-05
-0.14414635300636 -1.1298348903656 -0.70269250869751 -1.3130214214325 -4.4352703094482 -0.0012283772230148 2.1623511202051e-05
-0.14034333825111 -1.0940525531769 -0.77424788475037 -1.2764949798584 -4.4312863349915 -0.0010123699903488 3.8323356420733e-05
-0.13640537858009 -1.0613813400269 -0.83983969688416 -1.2432947158813 -4.4273686408997 -0.00095777213573456 1.1621665407802e-06
-0.13234749436378 -1.0308554172516 -0.90085315704346 -1.2125866413116 -4.4234147071838 -0.00082950294017792 1.6829351807246e-05
-0.12820783257484 -1.0017518997192 -0.95831966400146 -1.1837730407715 -4.4190549850464 -0.00075726211071014 4.1691037040437e-05
-0.12392798066139 -0.97429490089417 -1.0126497745514 -1.156665802002 -4.4147167205811 -0.00068645179271698 1.2032211316182e-06
-0.11951270699501 -0.94812989234924 -1.0644278526306 -1.1310005187988 -4.4102625846863 -0.000658318400383 5.0898663175758e-05
-0.11497989296913 -0.92289614677429 -1.1139755249023 -1.1065108776093 -4.4057478904724 -0.00065045058727264 -3.1841543659539e-06
-0.11029163002968 -0.89862751960754 -1.1617546081543 -1.0828700065613 -4.4011883735657 -0.00062064826488495 4.2252693674527e-05
-0.10547342896461 -0.87498354911804 -1.2077372074127 -1.0602874755859 -4.3961758613586 -0.00057081878185272 7.2306844231207e-05
-0.10050907731056 -0.852205991745 -1.2522213459015 -1.0385534763336 -4.391233921051 -0.00061993300914764 7.6738317147829e-05
-0.095348745584488 -0.83006906509399 -1.2954108715057 -1.017570734024 -4.3859767913818 -0.00070075690746307 6.9225585320964e-05
-0.090135484933853 -0.80835890769958 -1.3373546600342 -0.99720072746277 -4.3807353973389 -0.000566765666008 5.074089858681e-05
-0.084666162729263 -0.78730916976929 -1.3780643939972 -0.97791934013367 -4.3751916885376 -0.00063519179821014 5.6246390158776e-05
-0.07897225022316 -0.76659965515137 -1.417929649353 -0.95888113975525 -4.3693852424622 -0.00075154006481171 0.00010966298577841
-0.073126703500748 -0.74618721008301 -1.4569118022919 -0.93987631797791 -4.3636808395386 -0.0005822628736496 8.2347542047501e-05
-0.06705442070961 -0.7261950969696 -1.4949789047241 -0.92182970046997 -4.3577475547791 -0.000613734126091 2.3483960831072e-05
-0.060835748910904 -0.70658898353577 -1.5322959423065 -0.90412616729736 -4.3514413833618 -0.00060801208019257 7.1539589043823e-06
-0.054283291101456 -0.68740773200989 -1.5687391757965 -0.88735032081604 -4.3451833724976 -0.00083713233470917 6.9642257585656e-05
-0.047586113214493 -0.66817188262939 -1.6047723293304 -0.8701319694519 -4.3386340141296 -0.00070361793041229 2.3610440621269e-05
-0.040633112192154 -0.64932203292847 -1.6400899887085 -0.8536970615387 -4.3315062522888 -0.0006735771894455 1.0833787200681e-06
-0.033391863107681 -0.63092541694641 -1.6746819019318 -0.83795285224915 -4.3244595527649 -0.00088100135326385 0.00010658926476026
-0.025908857584 -0.6124415397644 -1.7089128494263 -0.8221960067749 -4.3168935775757 -0.0008731335401535 6.4197112806141e-05
-0.018120676279068 -0.59421110153198 -1.742623090744 -0.8066074848175 -4.3089890480042 -0.00085882842540741 -5.5692576097499e-06
-0.010054498910904 -0.57611846923828 -1.7757980823517 -0.79153752326965 -4.3008999824524 -0.00084619224071503 1.9516133761499e-05
-0.0015963613986969 -0.55822467803955 -1.8085432052612 -0.77670812606812 -4.2925295829773 -0.0009036511182785 7.1799106081016e-05
0.0072282254695892 -0.54039025306702 -1.8408453464508 -0.7621738910675 -4.2839913368225 -0.00087933242321014 2.3092997025742e-07
0.016320556402206 -0.5225932598114 -1.8728387355804 -0.74788045883179 -4.2745871543884 -0.00083331763744354 -4.3775021367765e-06
0.025793880224228 -0.50504446029663 -1.9043626785278 -0.7339141368866 -4.2649970054626 -0.000871941447258 1.1096524758614e-05
0.035777896642685 -0.48745203018188 -1.9355397224426 -0.72031164169312 -4.2549786567688 -0.00089769065380096 2.3212534870254e-05
0.046159118413925 -0.46998071670532 -1.9663319587708 -0.70696592330933 -4.2447609901428 -0.00095991790294647 -1.6585921969181e-08
0.05706200003624 -0.45261406898499 -1.9968147277832 -0.69390511512756 -4.2339468002319 -0.00094418227672577 -1.5498886568821e-05
0.068438857793808 -0.4351794719696 -2.0270044803619 -0.68111705780029 -4.2227072715759 -0.00099925696849823 1.5655527022318e-05
0.080383628606796 -0.41775846481323 -2.0569293498993 -0.66855955123901 -4.2108159065247 -0.00095514953136444 9.3137241492514e-06
0.092839568853378 -0.40036678314209 -2.0865499973297 -0.65636420249939 -4.1980271339417 -0.0010121315717697 5.9628131566569e-05
0.10601076483727 -0.38290357589722 -2.1158990859985 -0.64445996284485 -4.1850070953369 -0.00097255408763885 4.5301731006475e-05
0.11976513266563 -0.36547207832336 -2.1449661254883 -0.6328489780426 -4.1711611747742 -0.0010581463575363 -1.2842291653214e-05
0.13424572348595 -0.34794211387634 -2.1738033294678 -0.62151885032654 -4.1565036773682 -0.0010006874799728 4.4995056668995e-05
0.1496556699276 -0.33040595054626 -2.2023510932922 -0.61054372787476 -4.1414756774902 -0.0010862797498703 1.7149277482531e-05
0.16584381461143 -0.31271266937256 -2.2306916713715 -0.5999014377594 -4.1253981590271 -0.0011387318372726 6.0361424402799e-05
