8.7482135313621e-08 -3.2713337816404e-08 0.91483896970749
2.9745967822237e-07 4.6628031213913e-07 0.91483914852142
8.0983127759282e-08 8.1175204513784e-07 0.91483944654465
-9.9368982375836e-08 7.5561064249996e-07 0.91483944654465
-3.6876153330923e-07 4.6951771537351e-07 0.91483956575394
-3.3465138926658e-07 2.1633506719354e-07 0.91483962535858
-7.4752711043402e-07 -2.5392878910679e-07 0.91483938694
-6.0234600596232e-07 -4.9146223091157e-07 0.91483920812607
-3.6100735201217e-07 -4.8230896254609e-07 0.91483932733536
-5.0920124294862e-07 -5.3010765554973e-08 0.91483950614929
-5.126333348926e-07 1.3311975521901e-07 0.91483950614929
-6.1657681271754e-07 1.2924721204399e-07 0.91483950614929
-5.8026216720464e-07 -6.7847430784695e-08 0.91483968496323
-4.6536698050659e-07 8.9346862353068e-08 0.91483962535858
-5.8478889286562e-07 1.0511173798022e-07 0.91483968496323
-9.1450635864021e-07 -2.1935173677434e-08 0.91483962535858
-1.0587499446046e-06 -3.848875849144e-07 0.91483968496323
-1.2773540447597e-06 -4.5678115156988e-07 0.91483980417252
-1.3725858707403e-06 -1.6420509041382e-07 0.91483980417252
-1.3965715197628e-06 -8.0823451753531e-07 0.91483950614929
-9.7611484761728e-07 -4.4064836401958e-07 0.91483950614929
-7.1072565788199e-07 -6.1981086219021e-07 0.91483974456787
-6.2919554011387e-07 -9.5207701633626e-07 0.91483974456787
-4.7193361751852e-07 -9.359699788547e-07 0.91483986377716
-2.2878748495714e-07 -6.0603019846894e-07 0.91483998298645
-3.2426438423272e-08 -4.2881694639618e-07 0.91483980417252
-3.3976280633397e-07 2.2253921372339e-08 0.91483986377716
-2.7785819156634e-07 -1.521725891962e-07 0.91483980417252
-4.7052921559043e-07 -5.0034481091643e-07 0.91483992338181
-7.4096175239902e-07 -2.0572770154104e-07 0.91484004259109
-9.4313469389817e-07 -3.9838002408032e-07 0.91484004259109
-1.0873399105549e-06 -3.7564285548797e-07 0.91484010219574
-1.1009965419362e-06 -2.1661661264716e-07 0.91484016180038
-9.3839014425612e-07 -2.5176902340718e-08 0.91484034061432
-9.2424926378953e-07 -3.5151032307112e-07 0.91484034061432
-6.4509299591009e-07 -5.1459795713527e-07 0.91484040021896
-6.4367867480541e-07 -1.0382864275016e-06 0.91484045982361
-5.7451040902379e-07 -8.6433476553793e-07 0.9148405790329
-3.9410855379174e-07 -9.2389558403738e-07 0.91484069824219
1.0793509375162e-07 -6.967571266614e-07 0.91484075784683
-1.061229149002e-08 -5.6792146096996e-07 0.91484069824219
3.8659408119202e-08 -7.3905823683162e-07 0.91484069824219
-6.6058376546607e-08 -2.8224445713931e-07 0.91484069824219
-4.5709214191447e-11 1.5478312320738e-07 0.91484087705612
4.1369384007339e-07 2.7121583912049e-07 0.91484087705612
5.4832514706504e-07 6.9889239284748e-08 0.91484075784683
2.3951369598763e-07 -3.3129123266917e-07 0.91484087705612
3.8669671198477e-07 -8.8061068481693e-07 0.91484093666077
4.5792205582984e-07 -1.1627743106146e-06 0.91484081745148
8.0753488873597e-07 -1.0573467079666e-06 0.91484105587006
9.1698910864579e-07 -5.8099647048948e-07 0.91484129428864
8.8904187123262e-07 -7.140716320464e-07 0.91484129428864
7.1309216309601e-07 -7.8823421745255e-07 0.91484123468399
1.407862441738e-06 -1.1309266483295e-06 0.91484117507935
1.2744999366987e-06 -8.6059054638099e-07 0.91484123468399
1.2205817938593e-06 -1.1659352594506e-06 0.91484135389328
1.0748610748124e-06 -1.1675251698762e-06 0.91484153270721
1.3109829524183e-06 -1.0143803592655e-06 0.91484171152115
1.1777749477915e-06 -1.0087283044413e-06 0.91484189033508
1.0926040658887e-06 -7.3910121045628e-07 0.9148416519165
9.9698070243903e-07 -7.7937892228874e-07 0.9148416519165
1.0900774896072e-06 -1.1176489351783e-06 0.91484183073044
1.2544751371024e-06 -1.1077061117248e-06 0.91484212875366
1.4272525277192e-06 -1.364059471598e-06 0.91484212875366
1.9805318061117e-06 -1.5376517694676e-06 0.91484248638153
2.1916514469922e-06 -1.2740717920678e-06 0.9148428440094
2.2146293758851e-06 -1.5908221939753e-06 0.91484290361404
2.4153378035408e-06 -1.1433091913204e-06 0.91484278440475
2.1065031887701e-06 -1.122635808315e-06 0.9148428440094
2.2819519926998e-06 -1.2555152579807e-06 0.9148428440094
2.4073885924736e-06 -5.8391395896251e-07 0.91484290361404
0.0017820263747126 0.0088980868458748 0.91489714384079
0.003990822006017 0.019438944756985 0.91501587629318
0.0062395343557 0.029896447435021 0.91520190238953
0.0084799863398075 0.040485393255949 0.91531008481979
0.010669295676053 0.0510826818645 0.91535705327988
0.014395706355572 0.061034239828587 0.91542255878448
0.018829550594091 0.070610225200653 0.91544169187546
0.022939367219806 0.080415099859238 0.91546612977982
0.027282487601042 0.089968331158161 0.91548383235931
0.031544603407383 0.099591709673405 0.91546279191971
0.035922635346651 0.10918037593365 0.91548573970795
0.040156077593565 0.11881704628468 0.9155016541481
0.044494446367025 0.12839770317078 0.91550505161285
0.048766430467367 0.1379871070385 0.91550821065903
0.053114552050829 0.14759983122349 0.91550105810165
0.057414177805185 0.15721440315247 0.91549557447433
0.061670638620853 0.16681033372879 0.91551393270493
0.066067717969418 0.17636767029762 0.91550701856613
0.070280686020851 0.18600150942802 0.91548895835876
0.074699215590954 0.19552575051785 0.91547733545303
0.078930661082268 0.20520475506783 0.91544765233994
0.083272196352482 0.21476456522942 0.91544622182846
0.087499469518661 0.2244118899107 0.91545039415359
0.091798797249794 0.23401193320751 0.91542822122574
0.096072405576706 0.24361927807331 0.91545563936234
0.10037983953953 0.25320595502853 0.91546076536179
0.10474573820829 0.262799680233 0.91546845436096
0.1090689599514 0.27241086959839 0.91549205780029
0.11344591528177 0.28195932507515 0.91550177335739
0.11768887192011 0.29158598184586 0.91551905870438
0.12194229662418 0.30122277140617 0.9155221581459
0.12620782852173 0.31081706285477 0.91553729772568
