0.0042495047673583 0.074452951550484 1.2736072540283 0.0030386389698833 -0.00020276161376387 3.0915791988373 4.2413263145136e-05
0.011911006644368 0.084026217460632 1.2521250247955 0.0030066482722759 -0.00042205554200336 3.0619850158691 9.2330753886927e-07
0.019605990499258 0.093645498156548 1.2306513786316 0.002915166085586 -0.00042764269164763 3.0328443050385 4.017021637992e-06
0.027253054082394 0.10324814915657 1.2091777324677 0.0028598560020328 -0.00060073606437072 3.0030300617218 3.8020647480153e-05
0.034985192120075 0.11285775899887 1.1877048015594 0.0029215533286333 -0.00083817885024473 2.9741027355194 -1.1745200936275e-05
0.04264560341835 0.12245380878448 1.1662133932114 0.0030755088664591 -0.00095940049504861 2.9446380138397 4.2186366044916e-06
0.050357967615128 0.13205075263977 1.1447328329086 0.0034063002094626 -0.0012839310802519 2.9154114723206 1.3936876712251e-05
0.058045901358128 0.14167121052742 1.1232613325119 0.0036650560796261 -0.0015980236930773 2.8860943317413 1.6875792425708e-05
0.065718092024326 0.15126138925552 1.1017810106277 0.004205881152302 -0.0017773904837668 2.8563463687897 2.6974787033396e-05
0.073407500982285 0.1608592569828 1.0802985429764 0.0048911608755589 -0.0022959995549172 2.8266043663025 4.4832518142357e-06
0.081104651093483 0.17045649886131 1.0588119029999 0.006006789393723 -0.0029334207065403 2.796703338623 6.4584215579089e-05
0.088781073689461 0.18005132675171 1.0373392105103 0.0073184827342629 -0.0036790305748582 2.766313791275 1.2099853847758e-05
0.096488073468208 0.18965914845467 1.0158475637436 0.0083705354481936 -0.0039614988490939 2.7365341186523 1.3333227798284e-05
0.10417728126049 0.19925537705421 0.99437165260315 0.0067914561368525 -0.0029229489155114 2.706330537796 -1.0607984222588e-05
0.1118565350771 0.2088371515274 0.97289246320724 -0.0016701717395335 0.001217310433276 2.6768271923065 2.0101233531022e-05
0.1195296049118 0.21844407916069 0.95142102241516 -0.017478296533227 0.0077884620986879 2.6481876373291 4.6510928086718e-07
0.1152309179306 0.21021896600723 0.94999277591705 -0.0077170766890049 0.0039033542852849 2.6402721405029 4.6047032810748e-05
0.10995449125767 0.20061251521111 0.94999158382416 0.0005207359790802 -0.00019697485549841 2.6386821269989 5.1760398491751e-06
0.10469375550747 0.19101539254189 0.94999265670776 0.0068007642403245 -0.0040931445546448 2.6377649307251 -1.1242457730987e-05
0.099438846111298 0.18141356110573 0.94999217987061 0.010343387722969 -0.0066335867159069 2.6373190879822 2.8755099265254e-05
0.094184011220932 0.17180848121643 0.94999516010284 0.0099845798686147 -0.0069489534944296 2.6375026702881 2.1411082343548e-05
0.088910117745399 0.16221213340759 0.94999438524246 0.0070845722220838 -0.0050931624136865 2.6381025314331 2.3317787054111e-05
0.083645448088646 0.15261614322662 0.94998627901077 0.0035891446750611 -0.0025214273482561 2.6382584571838 3.8515499909408e-05
0.078385263681412 0.14301919937134 0.94999152421951 0.0010641505941749 -0.00076654570875689 2.6384024620056 -2.2922527023184e-06
0.073130249977112 0.13341695070267 0.94998466968536 -0.00019781033915933 0.00018826028099284 2.637975692749 5.213106123847e-05
0.067874595522881 0.12382367253304 0.94998496770859 -0.00064643350197002 0.00049839250277728 2.6389677524567 9.1062982392032e-05
0.062579363584518 0.11421391367912 0.94997954368591 -0.00073137535946444 0.00068791536614299 2.6382360458374 -3.6465433367994e-05
0.057342477142811 0.10463407635689 0.94998174905777 -0.00074569723801687 0.00068705028388649 2.6387557983398 2.0373825464048e-05
0.05207771807909 0.095032289624214 0.94998383522034 -0.00080868566874415 0.00064287974964827 2.6390924453735 8.4130333561916e-05
0.046821936964989 0.085436299443245 0.94997549057007 -0.00073543126927689 0.00065561517840251 2.6387507915497 2.5453062335146e-05
0.041569121181965 0.075825333595276 0.94998294115067 -0.00075793004361913 0.00071968376869336 2.6389873027802 6.5910098783206e-05
0.036322541534901 0.066219016909599 0.94998157024384 -0.00086006155470386 0.00082498334813863 2.6389803886414 2.0257457435946e-06
0.031035996973515 0.056609839200974 0.94997674226761 -0.00085814076010138 0.00071689009200782 2.638688325882 7.3343988333363e-05
0.025794297456741 0.047036483883858 0.94997799396515 -0.0012143075000495 0.00074421335011721 2.6385807991028 1.9811444872175e-05
0.020526170730591 0.03742890059948 0.94998860359192 -0.001292081666179 0.00083256734069437 2.6385016441345 9.8562732091523e-06
0.015263304114342 0.027818560600281 0.94997853040695 -0.0013373786350712 0.0010411776602268 2.6385324001312 -5.3281951295503e-06
0.010007955133915 0.018215358257294 0.94997221231461 -0.0012154511641711 0.00091185566270724 2.6388943195343 7.9928968261811e-06
0.0047649517655373 0.0086197406053543 0.94997406005859 -0.0013027405366302 0.00086537812603638 2.6390147209167 2.9398826882243e-05
-0.00048007816076279 -0.00097931176424026 0.94997400045395 -0.0012921569868922 0.00092069967649877 2.6398086547852 3.4480730391806e-05
-0.0057791024446487 -0.010589048266411 0.94997322559357 -0.0011571134673432 0.00074401433812454 2.6390771865845 3.1115483579924e-05
-0.011038064956665 -0.020173206925392 0.9499591588974 -0.0012454354437068 0.00095881137531251 2.6387362480164 7.5135540100746e-05
-0.016328174620867 -0.029776901006699 0.9499676823616 -0.0011647481005639 0.00091369927395135 2.6388483047485 5.6253949878737e-05
-0.021550849080086 -0.039356328547001 0.94995552301407 -0.0012949266238138 0.00077052105916664 2.6396625041962 -7.5241919148539e-06
-0.026817593723536 -0.048951908946037 0.94995254278183 -0.0013429771643132 0.0008895163773559 2.6391403675079 4.6045235649217e-05
-0.032062891870737 -0.058572515845299 0.94996094703674 -0.0011053718626499 0.00091032404452562 2.640233039856 7.2656534030102e-05
-0.037343479692936 -0.068158403038979 0.94995248317719 -0.001380153815262 0.00080657802755013 2.6397485733032 2.434046837152e-05
-0.042599994689226 -0.077764980494976 0.94996064901352 -0.0010848488891497 0.00089189771097153 2.6395835876465 2.3049396986607e-06
-0.047878183424473 -0.087365612387657 0.94992810487747 -0.0011305251391605 0.00084720843005925 2.6398212909698 3.2987656595651e-05
-0.05312217772007 -0.096967279911041 0.94992852210999 -0.001074509229511 0.0007332696695812 2.6395690441132 4.6659668441862e-05
-0.05838118493557 -0.10655931383371 0.94991362094879 -0.001135969068855 0.00088238529860973 2.6398196220398 5.8227757108398e-05
-0.063648045063019 -0.1161620169878 0.94992780685425 -0.0010175991337746 0.00084198347758502 2.6391789913177 7.3664967203513e-05
-0.068895868957043 -0.12576915323734 0.94990807771683 -0.00087969214655459 0.00071200594538823 2.6396532058716 0.00014807352272328
-0.074127852916718 -0.1353611946106 0.94989633560181 -0.0011629716027528 0.00078923307592049 2.6400337219238 5.4390187870013e-05
-0.079435206949711 -0.14496320486069 0.9498462677002 -0.001066705910489 0.00091935560340062 2.6398820877075 3.6933364754077e-05
-0.084699392318726 -0.15455389022827 0.94991439580917 -0.0012071037199348 0.00085044145816937 2.6395983695984 9.6858595497906e-05
-0.089947395026684 -0.16415812075138 0.9499009847641 -0.00089080061297864 0.00085539382416755 2.6404292583466 1.7055775970221e-05
-0.095208898186684 -0.17375756800175 0.94980853796005 -0.00080048094969243 0.00084099941886961 2.6404542922974 3.0690709536429e-05
-0.10050407797098 -0.18333631753922 0.94987314939499 -0.00084532506298274 0.00067997974110767 2.639928817749 -9.9854414656875e-06
-0.10571023821831 -0.192955493927 0.94985616207123 -0.00096593925263733 0.00091302039800212 2.6404263973236 8.4884835814591e-05
-0.11098271608353 -0.20255279541016 0.94981026649475 -0.0008144453749992 0.00079120340524241 2.6406280994415 -1.7313988792012e-05
-0.11625194549561 -0.21215116977692 0.94984185695648 -0.00086610892321914 0.00086423952598125 2.6407129764557 3.5670476790983e-05
