0.075301736593246 0.29508778452873 -1.8712921142578 -1.5683596134186 -1.4454226493835 0.0004467552062124 4.2413263145136e-05
0.12202224135399 0.32682034373283 -1.9473042488098 -1.5240931510925 -1.3692681789398 0.00087161711417139 9.2330753886927e-07
0.17267665266991 0.35638901591301 -2.0210516452789 -1.4798798561096 -1.2892394065857 0.0010428016539663 4.017021637992e-06
0.22753867506981 0.38344094157219 -2.0925650596619 -1.4355437755585 -1.2049705982208 0.0013527458067983 3.8020647480153e-05
0.28690728545189 0.40781256556511 -2.1620564460754 -1.3906533718109 -1.1165270805359 0.001882511889562 -1.1745200936275e-05
0.35113009810448 0.42902418971062 -2.2296526432037 -1.3446559906006 -1.022830247879 0.0023507659789175 4.2186366044916e-06
0.42053279280663 0.44650599360466 -2.2953341007233 -1.2971351146698 -0.92369985580444 0.0030989234801382 1.3936876712251e-05
0.49488839507103 0.45969960093498 -2.3592290878296 -1.2473306655884 -0.82019090652466 0.0042533464729786 1.6875792425708e-05
0.57440102100372 0.46716925501823 -2.4210510253906 -1.194667339325 -0.71096897125244 0.0058898515999317 2.6974787033396e-05
0.65893709659576 0.46756836771965 -2.4807550907135 -1.1380450725555 -0.59668588638306 0.0087613649666309 4.4832518142357e-06
0.74773561954498 0.4587034881115 -2.5379226207733 -1.0767707824707 -0.47825765609741 0.013566453009844 6.4584215579089e-05
0.84010136127472 0.43720433115959 -2.5918521881104 -1.0101943016052 -0.35559272766113 0.022546250373125 1.2099853847758e-05
0.93475162982941 0.39834925532341 -2.6415977478027 -0.93844294548035 -0.23100352287292 0.03946490958333 1.3333227798284e-05
1.0300260782242 0.33487126231194 -2.6857180595398 -0.86102342605591 -0.10544061660767 0.06974358856678 -1.0607984222588e-05
1.1241737604141 0.24064347147942 -2.7239234447479 -0.77089953422546 0.018562078475952 0.11218638718128 2.0101233531022e-05
1.2155557870865 0.12265726923943 -2.759028673172 -0.64333510398865 0.1394031047821 0.13823409378529 4.6510928086718e-07
1.1429687738419 0.10476824641228 -2.7450218200684 -0.61841726303101 0.074466466903687 0.11710448563099 4.6047032810748e-05
1.0632101297379 0.088838547468185 -2.7260241508484 -0.61355233192444 -0.0048213005065918 0.10914511978626 5.1760398491751e-06
0.98820126056671 0.071700543165207 -2.7066345214844 -0.60690426826477 -0.07901668548584 0.10025496780872 -1.1242457730987e-05
0.91807901859283 0.055373638868332 -2.6890044212341 -0.59041833877563 -0.1486599445343 0.082377389073372 2.8755099265254e-05
0.85239517688751 0.03865858912468 -2.6732037067413 -0.56388711929321 -0.21452236175537 0.056808426976204 2.1411082343548e-05
0.79106104373932 0.019912213087082 -2.6574382781982 -0.53549075126648 -0.27639365196228 0.031261399388313 2.3317787054111e-05
0.73392021656036 -0.0010478794574738 -2.6395962238312 -0.51408219337463 -0.33356547355652 0.012949422001839 3.8515499909408e-05
0.68074572086334 -0.022884398698807 -2.6191396713257 -0.50283670425415 -0.38657736778259 0.0031981021165848 -2.2922527023184e-06
0.63109457492828 -0.044673711061478 -2.5967264175415 -0.4994843006134 -0.43630337715149 -0.00069193542003632 5.213106123847e-05
0.58485853672028 -0.065944701433182 -2.5731749534607 -0.50060105323792 -0.48298358917236 -0.0017676800489426 9.1062982392032e-05
0.54177153110504 -0.086938172578812 -2.548730134964 -0.5038583278656 -0.52550053596497 -0.0019495934247971 -3.6465433367994e-05
0.50142967700958 -0.10724213719368 -2.5240366458893 -0.50834345817566 -0.56636810302734 -0.0018687695264816 2.0373825464048e-05
0.46378147602081 -0.1272192299366 -2.4988915920258 -0.51359629631042 -0.60405802726746 -0.0016792267560959 8.4130333561916e-05
0.42860519886017 -0.14687040448189 -2.4734103679657 -0.519526720047 -0.6393301486969 -0.0016699284315109 2.5453062335146e-05
0.39550793170929 -0.16623023152351 -2.4475405216217 -0.52609038352966 -0.67261290550232 -0.0015418976545334 6.5910098783206e-05
0.36459314823151 -0.18533757328987 -2.4213902950287 -0.53305506706238 -0.70339012145996 -0.0015955418348312 2.0257457435946e-06
0.33561718463898 -0.20414760708809 -2.3949534893036 -0.54057025909424 -0.73213410377502 -0.0016398876905441 7.3343988333363e-05
0.30842077732086 -0.22272089123726 -2.3683063983917 -0.54837703704834 -0.75910663604736 -0.0016942471265793 1.9811444872175e-05
0.28265154361725 -0.24108412861824 -2.3413028717041 -0.55690336227417 -0.78480386734009 -0.0017598122358322 9.8562732091523e-06
0.25848639011383 -0.25935271382332 -2.3139884471893 -0.56581592559814 -0.8087043762207 -0.0019629448652267 -5.3281951295503e-06
0.23543655872345 -0.27731612324715 -2.286404132843 -0.57569861412048 -0.83223104476929 -0.0017185658216476 7.9928968261811e-06
0.21384680271149 -0.29522278904915 -2.2585742473602 -0.58561301231384 -0.8540256023407 -0.0015917271375656 2.9398826882243e-05
0.19337475299835 -0.31304076313972 -2.2304182052612 -0.5959358215332 -0.87443518638611 -0.0016339272260666 3.4480730391806e-05
0.17388689517975 -0.33074167370796 -2.2019338607788 -0.60694646835327 -0.89423203468323 -0.0014782398939133 3.1115483579924e-05
0.1555095911026 -0.3484471142292 -2.1732642650604 -0.61775135993958 -0.91251277923584 -0.0014629811048508 7.5135540100746e-05
0.1380101442337 -0.3660481274128 -2.1441333293915 -0.62954068183899 -0.93008995056152 -0.0013773888349533 5.6253949878737e-05
0.121457695961 -0.38368585705757 -2.1148886680603 -0.64097213745117 -0.9466712474823 -0.0013342350721359 -7.5241919148539e-06
0.1056295633316 -0.40126326680183 -2.0852875709534 -0.65290260314941 -0.96271252632141 -0.0014315098524094 4.6045235649217e-05
0.090505242347717 -0.41882255673409 -2.0551905632019 -0.66580629348755 -0.97798323631287 -0.0012174099683762 7.2656534030102e-05
0.076170086860657 -0.43645742535591 -2.0249993801117 -0.67810392379761 -0.99238848686218 -0.001280352473259 2.434046837152e-05
0.062483429908752 -0.4540756046772 -1.9941971302032 -0.69165658950806 -1.0062673091888 -0.0011389702558517 2.3049396986607e-06
0.049334645271301 -0.47188380360603 -1.9632234573364 -0.70469403266907 -1.0193073749542 -0.0011027306318283 3.2987656595651e-05
0.036904454231262 -0.48964551091194 -1.9317417144775 -0.71855139732361 -1.031464099884 -0.0010588616132736 4.6659668441862e-05
0.024830460548401 -0.50753498077393 -1.9000310897827 -0.73227310180664 -1.0437552928925 -0.0010767430067062 5.8227757108398e-05
0.013445973396301 -0.52546000480652 -1.8677747249603 -0.74679231643677 -1.0553002357483 -0.0010123699903488 7.3664967203513e-05
0.0024105310440063 -0.54354929924011 -1.8351089954376 -0.76148295402527 -1.0663013458252 -0.0009334534406662 0.00014807352272328
-0.008116602897644 -0.56173586845398 -1.802211523056 -0.77590775489807 -1.0771565437317 -0.001008078455925 5.4390187870013e-05
-0.018307089805603 -0.58022093772888 -1.7686376571655 -0.79098773002625 -1.0872132778168 -0.0010531395673752 3.6933364754077e-05
-0.028039574623108 -0.5985951423645 -1.7345230579376 -0.80675959587097 -1.0968573093414 -0.00093655288219452 9.6858595497906e-05
-0.03740394115448 -0.61730742454529 -1.6998991966248 -0.82291507720947 -1.1064944267273 -0.0008571594953537 1.7055775970221e-05
-0.046384215354919 -0.63636636734009 -1.664694070816 -0.83915066719055 -1.1153216362 -0.00088123977184296 3.0690709536429e-05
-0.05503237247467 -0.65539240837097 -1.6289503574371 -0.85575771331787 -1.1237981319427 -0.00087504088878632 -9.9854414656875e-06
-0.063383221626282 -0.67481017112732 -1.5925676822662 -0.8726863861084 -1.1325123310089 -0.00090675055980682 8.4884835814591e-05
-0.071452021598816 -0.69450807571411 -1.5554630756378 -0.89021897315979 -1.1406743526459 -0.00095634162425995 -1.7313988792012e-05
-0.079258322715759 -0.71439170837402 -1.5176668167114 -0.90796327590942 -1.1486213207245 -0.0008886307477951 3.5670476790983e-05
