-2.6190193125331e-07 1.659474975213e-07 0.91483944654465
-3.3678480804156e-07 -3.7072564396112e-07 0.91483944654465
1.9235524462147e-07 -4.7362155441988e-07 0.91483956575394
-2.4850775659502e-08 -1.0955811831082e-06 0.91483974456787
3.7693575904996e-07 -1.1212881645406e-06 0.91483974456787
4.288257287044e-07 -1.199248345074e-06 0.91483968496323
7.5394160603537e-07 -1.5407686078106e-06 0.91483968496323
7.4647438452757e-08 -1.6443186723336e-06 0.91483974456787
1.0169441111429e-07 -1.1704958069458e-06 0.91483974456787
-2.5540995807205e-07 -8.1375452509747e-07 0.91483962535858
-5.2341874834383e-07 -1.1281507568128e-06 0.91483992338181
1.0231510572112e-07 -1.607013928151e-06 0.91484010219574
4.7286499693655e-07 -1.8588609691506e-06 0.91484010219574
5.7267925512861e-07 -1.6419717212557e-06 0.91484016180038
5.5458934866692e-07 -1.6009494174796e-06 0.91483992338181
1.5727096069895e-07 -1.6875218307177e-06 0.91484004259109
-5.4079684730368e-08 -1.6084027265606e-06 0.91483956575394
2.8408794605639e-07 -1.4820740261712e-06 0.91483950614929
2.134208756388e-07 -1.5754785636091e-06 0.91483956575394
-7.8884738741181e-08 -2.0805232452403e-06 0.91483962535858
-1.3603282411623e-07 -1.9235985746491e-06 0.91483968496323
-1.0608547995616e-07 -2.4038488390943e-06 0.91483944654465
-3.2396792448708e-07 -2.6632446861186e-06 0.91483944654465
-1.8908977494903e-07 -2.1160562937439e-06 0.91483962535858
-2.3027473616821e-07 -2.1952716906526e-06 0.91483962535858
2.3994425646379e-07 -1.9539656932466e-06 0.91483956575394
6.5763558154686e-08 -1.4933342527002e-06 0.91483968496323
5.8329851526651e-07 -1.8413661564409e-06 0.91483998298645
6.9491591148108e-07 -1.8867272046919e-06 0.91484004259109
9.1241946620357e-07 -1.052486595654e-06 0.91484004259109
-0.00074910116381943 -0.0027333525940776 0.91486746072769
-0.0036618888843805 -0.013618851080537 0.91501027345657
-0.0065639046952128 -0.024539431557059 0.91514259576797
-0.0094198929145932 -0.035445425659418 0.91527676582336
-0.012468744069338 -0.046362780034542 0.91539603471756
-0.017573675140738 -0.056039530783892 0.91543912887573
-0.022874305024743 -0.065621927380562 0.91546267271042
-0.027997637167573 -0.075331196188927 0.91550761461258
-0.033355612307787 -0.084846556186676 0.91552698612213
-0.038543913513422 -0.094523310661316 0.91553556919098
-0.043853603303432 -0.10403869301081 0.91553777456284
-0.049153599888086 -0.1136389374733 0.91554939746857
-0.054357014596462 -0.12326472997665 0.91555082798004
-0.059608995914459 -0.13283859193325 0.91557222604752
-0.064807765185833 -0.14252495765686 0.91558891534805
-0.07013988494873 -0.15205435454845 0.91561627388
-0.075278043746948 -0.1617950797081 0.91556364297867
-0.080699913203716 -0.17124447226524 0.91555571556091
-0.085906475782394 -0.18088026344776 0.91555100679398
-0.091205082833767 -0.19045497477055 0.91555035114288
-0.09638112783432 -0.20006972551346 0.91557306051254
-0.10166682302952 -0.20965366065502 0.9156082868576
-0.10689899325371 -0.21923066675663 0.91558343172073
-0.11216816306114 -0.22888837754726 0.91554772853851
-0.11749938875437 -0.23840445280075 0.91556644439697
-0.12269696593285 -0.24808496236801 0.91555523872375
-0.12797796726227 -0.25764268636703 0.91549408435822
-0.13326220214367 -0.26724892854691 0.9155410528183
-0.13846135139465 -0.27686250209808 0.91551148891449
-0.14380340278149 -0.28638333082199 0.91545540094376
-0.14902465045452 -0.296018242836 0.91548484563828
