-0.0087749790400267 0.047706380486488 1.3023418188095 0.00083395082037896 -8.9791567006614e-05 3.058210849762 0.00010341731831431
-0.0080951806157827 0.042845651507378 1.2965347766876 0.00095870555378497 -0.00011211969831493 3.0106859207153 -3.1034331186675e-05
-0.007470553740859 0.038021370768547 1.2907848358154 0.00082661432679743 -0.000135968264658 2.9619529247284 -1.0920855856966e-05
-0.0068050231784582 0.033188819885254 1.2850205898285 0.00086537899915129 -8.4126259025652e-05 2.9139082431793 9.2733862402383e-05
-0.0061500184237957 0.028338104486465 1.2792304754257 0.00087230780627578 -0.00012099152809242 2.8658103942871 6.505614874186e-05
-0.0054708011448383 0.023505300283432 1.2734892368317 0.00072565011214465 -0.000301211461192 2.8176412582397 7.5910778832622e-05
-0.0048217736184597 0.018637865781784 1.2676922082901 0.00083846278721467 -0.0002702321507968 2.7694385051727 -3.6926551274519e-06
-0.0041485875844955 0.013809233903885 1.2619342803955 0.00074006378417835 -0.00028638262301683 2.721613407135 -2.3279873857973e-05
-0.003493957221508 0.0089744180440903 1.2561371326447 0.00086321320850402 -0.00042786303674802 2.6736309528351 4.561377409118e-06
-0.0028193295001984 0.0041104853153229 1.2503709793091 0.00072802120121196 -0.00050480634672567 2.625518321991 4.7017878387123e-05
-0.0021743923425674 -0.00073515623807907 1.2445842027664 0.0007546236156486 -0.00050361227476969 2.576993227005 3.2240022846963e-05
-0.0015053749084473 -0.0055704563856125 1.2388255596161 0.00079997791908681 -0.00049266393762082 2.5284929275513 -1.4260695934354e-05
-0.00084195286035538 -0.010394245386124 1.2330886125565 0.00063261797185987 -0.00047522998647764 2.4813430309296 9.8741162219085e-05
-0.0001666471362114 -0.015256628394127 1.2273012399673 0.00056454801233485 -0.00043956597801298 2.432879447937 -5.2701285312651e-05
0.00048075616359711 -0.020077064633369 1.2215355634689 0.00040981627535075 -0.00055219465866685 2.38503074646 2.0351024431875e-05
0.0011387690901756 -0.024910345673561 1.2157680988312 0.00046166020911187 -0.00048404044355266 2.3368153572083 2.7684411179507e-05
0.0018106028437614 -0.029752500355244 1.2099938392639 0.00038749116356485 -0.00049644778482616 2.2886986732483 6.8229914177209e-05
0.0024726167321205 -0.034591764211655 1.2042068243027 0.00042531039798632 -0.00052136846352369 2.2406930923462 5.5021987463988e-06
0.0031225308775902 -0.039458401501179 1.1984417438507 0.00035272852983326 -0.00034941296325997 2.1929144859314 1.1175088729942e-05
0.0037818104028702 -0.044307917356491 1.1926518678665 0.0004013045981992 -0.00021500114235096 2.1448183059692 6.8222994741518e-05
0.0044345632195473 -0.049148607999086 1.1868889331818 0.00018572989210952 -0.0001676854735706 2.0971381664276 -1.6415531717939e-05
0.0051089972257614 -0.053979393094778 1.1811144351959 0.00029933068435639 -1.4560559066013e-05 2.048228263855 1.7829164789873e-05
0.0057781264185905 -0.058853633701801 1.1753042936325 0.00010665941226762 5.6601093092468e-06 2.0010304450989 6.1021851252008e-06
0.0064229667186737 -0.063646510243416 1.1695868968964 0.00022207709844224 0.00022570849978365 1.9523458480835 6.7245498939883e-05
0.007100123912096 -0.06853398680687 1.163771033287 0.0002168423961848 0.0001740969310049 1.904810667038 3.3490849205009e-07
0.0077430680394173 -0.07335053384304 1.158042550087 3.3993579563685e-05 5.822317689308e-06 1.8562816381454 3.4571090509417e-05
0.0083969235420227 -0.078223824501038 1.1522318124771 2.6111667466466e-05 -0.00041026622056961 1.8084924221039 5.5118052841863e-05
0.0090688019990921 -0.08304701000452 1.1464251279831 0.00033292273292318 -0.0010921636130661 1.7605276107788 2.9764314604108e-05
0.009731836616993 -0.087879277765751 1.140692949295 0.0006288611330092 -0.0020569330081344 1.7127138376236 -1.7401515606252e-06
0.010377293452621 -0.092714309692383 1.1349209547043 0.00066641281591728 -0.0030389809980989 1.6643440723419 3.640380964498e-05
0.011049154214561 -0.097578816115856 1.129117846489 0.00072042614920065 -0.0038591565098614 1.6167507171631 -2.9910414014012e-05
0.011705923825502 -0.10243975371122 1.1233100891113 0.00073368917219341 -0.00400828756392 1.5687540769577 3.9520640711999e-05
0.01237160153687 -0.1072743088007 1.117626786232 0.00031489692628384 -0.0039315465837717 1.5207724571228 2.7681002393365e-05
0.01303625293076 -0.11211358010769 1.1117941141129 0.00023597630206496 -0.0032798966858536 1.4725866317749 3.2024981919676e-05
0.01370757445693 -0.11698539555073 1.1059341430664 0.00043672279571183 -0.0028386269696057 1.4249641895294 2.2592430468649e-05
0.014349766075611 -0.12175270915031 1.1002827882767 9.0230569185223e-05 -0.0026290938258171 1.3766059875488 3.9592367102159e-05
0.015009079128504 -0.12661458551884 1.0945134162903 -0.00014972240023781 -0.0023795219603926 1.3282766342163 2.2981275833445e-05
0.015664983540773 -0.13147221505642 1.0887138843536 -0.00010515673784539 -0.002339405240491 1.2807738780975 9.1814086772501e-05
0.016331650316715 -0.13629503548145 1.0829451084137 -0.00023172676446848 -0.0021801763214171 1.2322474718094 -1.662504291744e-05
0.017011791467667 -0.14117343723774 1.0771070718765 8.6190811998677e-05 -0.0019408063963056 1.1850802898407 1.3574631338997e-05
0.017650477588177 -0.14600656926632 1.0713887214661 -0.00050588307203725 -0.0019097747281194 1.1367293596268 8.5017036326462e-06
0.018302515149117 -0.15079927444458 1.0657153129578 -0.00050510547589511 -0.0019345465116203 1.0887584686279 6.2034028815106e-05
0.018974304199219 -0.15569375455379 1.0598206520081 -0.00049314025091007 -0.0017667468637228 1.0409269332886 7.7487529779319e-05
0.019627347588539 -0.16052198410034 1.0540778636932 -0.00053796044085175 -0.001801876234822 0.99299949407578 7.8108951129252e-06
0.020292572677135 -0.1653496325016 1.0483056306839 -0.00077954021980986 -0.0018035778775811 0.94511157274246 9.1086309112143e-05
0.020966440439224 -0.17021691799164 1.0424456596375 -0.00073203473584726 -0.001954676117748 0.89701676368713 2.8728052711813e-05
0.021620899438858 -0.17506408691406 1.0366616249084 -0.00077276775846258 -0.00174127263017 0.84925502538681 8.0031604738906e-05
0.022268064320087 -0.17990210652351 1.030895113945 -0.0010848796227947 -0.0019356205593795 0.80135458707809 -3.5201359423809e-05
0.022932887077332 -0.18473255634308 1.0251086950302 -0.0011759886983782 -0.0018133410485461 0.75306022167206 -1.372640417685e-05
0.023599088191986 -0.18958035111427 1.0194302797318 -0.0015119598247111 -0.0019052647985518 0.70579934120178 -4.6610963181593e-05
0.024262100458145 -0.19440758228302 1.0135884284973 -0.0017395336180925 -0.0019821878522635 0.65781855583191 3.6205761716701e-05
0.024914935231209 -0.19927006959915 1.0077658891678 -0.0019435629947111 -0.0020219623111188 0.60987430810928 7.8451419540215e-05
0.025580152869225 -0.20410043001175 1.0021245479584 -0.0028037107549608 -0.0023249019868672 0.56189131736755 3.5727465728996e-05
0.026236653327942 -0.20896261930466 0.99624663591385 -0.0036011359188706 -0.002621951745823 0.51452970504761 7.7984019299038e-05
0.026899948716164 -0.21379581093788 0.99043095111847 -0.0051037152297795 -0.00288425385952 0.46723145246506 6.7980276071467e-05
0.027565009891987 -0.21863532066345 0.98471617698669 -0.0081224292516708 -0.0041643115691841 0.42093345522881 0.00012930818775203
0.028228782117367 -0.22344833612442 0.97900879383087 -0.0163788869977 -0.00702517433092 0.37697100639343 2.2361995434039e-05
0.028894782066345 -0.22825327515602 0.97317326068878 -0.042874410748482 -0.015531606040895 0.34289792180061 1.9867105947924e-05
0.029565095901489 -0.2330416738987 0.96743750572205 -0.092931501567364 -0.030595129355788 0.3190810084343 0.00010049129195977
0.030229166150093 -0.23782557249069 0.96167749166489 -0.14647698402405 -0.044129438698292 0.28866022825241 -1.7102405536207e-07
0.030878357589245 -0.24262455105782 0.95582389831543 -0.20000272989273 -0.052468497306108 0.25138577818871 7.311756053241e-05
0.031560052186251 -0.24743917584419 0.95004898309708 -0.25306224822998 -0.055310230702162 0.20705826580524 4.3689924495993e-05
0.030439157038927 -0.23876720666885 0.94964361190796 -0.18348030745983 -0.034382149577141 0.18049262464046 -0.0076670860871673
0.029231943190098 -0.22925049066544 0.94952738285065 -0.096868813037872 -0.015511306002736 0.15458703041077 -0.013717561028898
0.027962051331997 -0.21976101398468 0.94986510276794 -0.00048302704817615 -0.00019911074195988 0.12664876878262 -0.020020203664899
0.026763018220663 -0.21026808023453 0.94971239566803 0.0514015853405 0.0058625359088182 0.11307337135077 -0.026196490973234
0.025542426854372 -0.20058491826057 0.94980639219284 0.010121338069439 0.0013407886726782 0.12423288822174 -0.032586369663477
0.024315435439348 -0.19097223877907 0.94982016086578 0.0054741930216551 0.00058463908499107 0.12554323673248 -0.039082523435354
0.023091234266758 -0.18136295676231 0.94972735643387 0.0041496139019728 0.00039321684744209 0.12588249146938 -0.045648761093616
0.021864052861929 -0.17176163196564 0.94985949993134 0.0029826380778104 0.00037166511174291 0.12622538208961 -0.051876340061426
0.020652383565903 -0.16216558218002 0.9497492313385 0.0029689620714635 0.00029345721122809 0.12594449520111 -0.058205589652061
0.019429925829172 -0.15256929397583 0.94978022575378 0.002369781723246 0.00031919789034873 0.12627516686916 -0.064584314823151
0.018216919153929 -0.14296373724937 0.94985085725784 0.0021276224870235 0.00029403512598947 0.12649908661842 -0.07086157053709
0.016987547278404 -0.13336026668549 0.94985085725784 0.0019125691615045 0.0002063916035695 0.12610077857971 -0.077177450060844
0.015769496560097 -0.12378358840942 0.94996583461761 0.0014862200478092 0.00032502846443094 0.12627030909061 -0.083527117967606
0.014559250324965 -0.11418941617012 0.94988203048706 0.0015698667848483 0.00017507064330857 0.12654207646847 -0.088977329432964
0.013332014903426 -0.10458567738533 0.94992995262146 0.0015436176909134 0.00026661358424462 0.12681820988655 -0.093987531960011
0.012105923146009 -0.094964787364006 0.94992011785507 0.00084052601596341 0.00027397047961131 0.12649075686932 -0.098953783512115
0.011361623182893 -0.089311525225639 0.96647483110428 -0.0013481916394085 -0.00050940830260515 0.12681756913662 -0.10155349969864
0.011386865749955 -0.089290454983711 1.014420747757 -0.0013224713038653 -0.00047986916615628 0.12653106451035 -0.10301648825407
0.011394741013646 -0.089308321475983 1.0624740123749 -0.0011036614887416 -0.00063037732616067 0.12696444988251 -0.1034117937088
0.011356394737959 -0.089344099164009 1.1105239391327 -0.0016961805522442 -0.00048825138946995 0.12742663919926 -0.10505240410566
0.011388584971428 -0.089365780353546 1.1585566997528 -0.0022158718202263 -0.00013692856009584 0.1270294636488 -0.10496734827757
0.011369597166777 -0.089417546987534 1.2064306735992 -0.0022402186878026 -0.00061374442884699 0.12768876552582 -0.10390854626894
