0.038686130195856 0.2203731238842 -1.744624376297 -1.6181173324585 -1.4486773014069 0.00020929031597916 0.00010341731831431
0.059790942817926 0.21250531077385 -1.7533884048462 -1.6015512943268 -1.3797285556793 0.0001558845397085 -3.1034331186675e-05
0.080116122961044 0.20330902934074 -1.7609491348267 -1.5847327709198 -1.3111455440521 0.00015874556265771 -1.0920855856966e-05
0.099495261907578 0.19265553355217 -1.7672595977783 -1.5677418708801 -1.2436871528625 0.00028510740958154 9.2733862402383e-05
0.11789211630821 0.1804732978344 -1.7722792625427 -1.5506367683411 -1.1770422458649 0.00032134703360498 6.505614874186e-05
0.13518890738487 0.16699978709221 -1.7760117053986 -1.5333890914917 -1.1119413375854 0.00049110106192529 7.5910778832622e-05
0.15147480368614 0.15205523371696 -1.778395652771 -1.5161111354828 -1.0472931861877 0.00045247725211084 -3.6926551274519e-06
0.16665109992027 0.13581225275993 -1.7794070243835 -1.4988491535187 -0.98375725746155 0.0004925315733999 -2.3279873857973e-05
0.1805771291256 0.11825606226921 -1.7790861129761 -1.4817886352539 -0.92186307907104 0.00062795332632959 4.561377409118e-06
0.19338592886925 0.099636524915695 -1.7774617671967 -1.4647431373596 -0.86134767532349 0.00070233992300928 4.7017878387123e-05
0.20518812537193 0.079645127058029 -1.7742908000946 -1.4480857849121 -0.80106902122498 0.00080152205191553 3.2240022846963e-05
0.21587452292442 0.058857887983322 -1.7698602676392 -1.4316754341125 -0.74232625961304 0.00075431517325342 -1.4260695934354e-05
0.22536739706993 0.037067383527756 -1.7640776634216 -1.4156537055969 -0.68510699272156 0.00089259794913232 9.8741162219085e-05
0.23397383093834 0.014208287000656 -1.7567918300629 -1.4000833034515 -0.62798118591309 0.00092120817862451 -5.2701285312651e-05
0.2414844930172 -0.0094051659107208 -1.7482347488403 -1.3850898742676 -0.57242298126221 0.0010532920714468 2.0351024431875e-05
0.24801477789879 -0.033728152513504 -1.7383296489716 -1.3707256317139 -0.51823210716248 0.001086670672521 2.7684411179507e-05
0.25368294119835 -0.058862000703812 -1.7269496917725 -1.3570182323456 -0.46421766281128 0.0010909622069448 6.8229914177209e-05
0.25841364264488 -0.084527045488358 -1.7143473625183 -1.3439388275146 -0.41150379180908 0.001142937457189 5.5021987463988e-06
0.26230987906456 -0.11076119542122 -1.7004396915436 -1.3315281867981 -0.35967946052551 0.0010056083556265 1.1175088729942e-05
0.26540312170982 -0.13754037022591 -1.6852226257324 -1.3197927474976 -0.30828285217285 0.00077434233389795 6.8222994741518e-05
0.26772865653038 -0.16454222798347 -1.668897151947 -1.3087732791901 -0.25815749168396 0.00063224486075342 -1.6415531717939e-05
0.26939424872398 -0.19202211499214 -1.6512131690979 -1.298495054245 -0.20825552940369 4.1443621739745e-05 1.7829164789873e-05
0.27033314108849 -0.21969178318977 -1.6326167583466 -1.2886443138123 -0.15971851348877 -0.00064806290902197 6.1021851252008e-06
0.27066645026207 -0.2476010620594 -1.6126842498779 -1.2793107032776 -0.11071825027466 -0.0020811969880015 6.7245498939883e-05
0.27039322257042 -0.27561691403389 -1.5919706821442 -1.2702322006226 -0.063358068466187 -0.0039847306907177 3.3490849205009e-07
0.26954159140587 -0.30356791615486 -1.5702140331268 -1.2612464427948 -0.015970945358276 -0.0065608434379101 3.4571090509417e-05
0.26815351843834 -0.33152344822884 -1.5476567745209 -1.2525904178619 0.030262470245361 -0.009659331291914 5.5118052841863e-05
0.26629957556725 -0.3598258793354 -1.5238177776337 -1.2447426319122 0.076964378356934 -0.0133409909904 2.9764314604108e-05
0.26399645209312 -0.38793113827705 -1.4990277290344 -1.2383368015289 0.12228536605835 -0.01634244248271 -1.7401515606252e-06
0.26122125983238 -0.4166205227375 -1.4726624488831 -1.234267950058 0.1677770614624 -0.017912905663252 3.640380964498e-05
0.2581008374691 -0.44582036137581 -1.4449014663696 -1.2333431243896 0.21223020553589 -0.017518322914839 -2.9910414014012e-05
0.25457510352135 -0.47558787465096 -1.415500164032 -1.2350716590881 0.25679779052734 -0.015337508171797 3.9520640711999e-05
0.25069269537926 -0.50554156303406 -1.3848443031311 -1.2386915683746 0.30099582672119 -0.012401383370161 2.7681002393365e-05
0.24653419852257 -0.53562831878662 -1.3533990383148 -1.2430534362793 0.34463500976562 -0.009370606392622 3.2024981919676e-05
0.24201473593712 -0.56593942642212 -1.3210000991821 -1.2475728988647 0.3880615234375 -0.0071864537894726 2.2592430468649e-05
0.23723587393761 -0.59556818008423 -1.287957906723 -1.2522051334381 0.43142366409302 -0.0056500844657421 3.9592367102159e-05
0.23220857977867 -0.62556982040405 -1.2539768218994 -1.2571740150452 0.47437191009521 -0.004696648567915 2.2981275833445e-05
0.22693476080894 -0.65548157691956 -1.2192537784576 -1.2626311779022 0.51700162887573 -0.0041301660239697 9.1814086772501e-05
0.22142395377159 -0.68550968170166 -1.1834301948547 -1.2687709331512 0.55985450744629 -0.0036342553794384 -1.662504291744e-05
0.21579632163048 -0.7157199382782 -1.1467366218567 -1.2758817672729 0.60181045532227 -0.0031078271567822 1.3574631338997e-05
0.20985969901085 -0.74604177474976 -1.108895778656 -1.2834846973419 0.64421796798706 -0.0029025487601757 8.5017036326462e-06
0.20385870337486 -0.77624702453613 -1.0702180862427 -1.2920968532562 0.68593645095825 -0.0026979856193066 6.2034028815106e-05
0.19766029715538 -0.80706024169922 -1.0302495956421 -1.3015565872192 0.72776412963867 -0.0023603849112988 7.7487529779319e-05
0.19136175513268 -0.83784627914429 -0.98924231529236 -1.3118095397949 0.76918601989746 -0.0023112706840038 7.8108951129252e-06
0.18488678336143 -0.8691828250885 -0.94670701026917 -1.3230483531952 0.8109769821167 -0.0020811967551708 9.1086309112143e-05
0.1783512532711 -0.9010124206543 -0.9029529094696 -1.335301399231 0.8523383140564 -0.0020568780601025 2.8728052711813e-05
0.17173704504967 -0.9330370426178 -0.85776472091675 -1.3485672473907 0.89332723617554 -0.001846831291914 8.0031604738906e-05
0.16500362753868 -0.96567344665527 -0.8106415271759 -1.362922668457 0.93460941314697 -0.0017850808799267 -3.5201359423809e-05
0.1581948697567 -0.99904298782349 -0.76154160499573 -1.3785290718079 0.97588872909546 -0.0018501691520214 -1.372640417685e-05
0.15138801932335 -1.0331490039825 -0.71027278900146 -1.3955185413361 1.0166234970093 -0.0018344335258007 -4.6610963181593e-05
0.14447864890099 -1.068500995636 -0.65600752830505 -1.4142649173737 1.0578465461731 -0.0016940049827099 3.6205761716701e-05
0.13755497336388 -1.1053400039673 -0.59835863113403 -1.434720993042 1.0986166000366 -0.0019677095115185 7.8451419540215e-05
0.13063177466393 -1.1437313556671 -0.53639149665833 -1.4575254917145 1.1394057273865 -0.0018771104514599 3.5727465728996e-05
0.12368521094322 -1.1852643489838 -0.46809577941895 -1.4835333824158 1.1801280975342 -0.0021062307059765 7.7984019299038e-05
0.11684116721153 -1.2303149700165 -0.39177584648132 -1.5132882595062 1.2204036712646 -0.0024090223014355 6.7980276071467e-05
0.11010918021202 -1.2812683582306 -0.30194401741028 -1.5488910675049 1.2599501609802 -0.003215353935957 0.00012930818775203
0.10376963019371 -1.3410611152649 -0.19108986854553 -1.5909039974213 1.2973098754883 -0.0053880624473095 2.2361995434039e-05
0.098919719457626 -1.4059772491455 -0.063534498214722 -1.6253092288971 1.3265705108643 -0.011305373162031 1.9867105947924e-05
0.095584720373154 -1.4356470108032 -0.00083541870117188 -1.6050562858582 1.3473591804504 -0.022121470421553 0.00010049129195977
0.091479629278183 -1.437141418457 0.00350022315979 -1.5520009994507 1.3725004196167 -0.031029980629683 -1.7102405536207e-07
0.08630833029747 -1.4369621276855 0.0024683475494385 -1.4975354671478 1.4041390419006 -0.03570656105876 7.311756053241e-05
0.080219119787216 -1.4373047351837 0.0017406940460205 -1.4450562000275 1.4413838386536 -0.035188239067793 4.3689924495993e-05
0.075543254613876 -1.4439167976379 -0.0039002895355225 -1.5061390399933 1.4646363258362 -0.020540039986372 -0.0076670860871673
0.070922702550888 -1.4543826580048 -0.0077266693115234 -1.5811376571655 1.4865002632141 -0.0086486749351025 -0.013717561028898
0.065856784582138 -1.4590227603912 -0.027057409286499 -1.6551358699799 1.509961605072 -0.00011758133769035 -0.020020203664899
0.063029617071152 -1.3730771541595 -0.22266507148743 -1.5978443622589 1.5206804275513 0.0028063841164112 -0.026196490973234
0.063981384038925 -1.2686324119568 -0.42311072349548 -1.4601347446442 1.5106182098389 0.00070257857441902 -0.032586369663477
0.063486903905869 -1.2169115543365 -0.52675676345825 -1.4034886360168 1.5084700584412 0.00042601302266121 -0.039082523435354
0.062700599431992 -1.1752412319183 -0.61112999916077 -1.3594028949738 1.5076026916504 0.00035114958882332 -0.045648761093616
0.061903327703476 -1.1383891105652 -0.6849627494812 -1.3214204311371 1.5067119598389 0.00029011443257332 -0.051876340061426
0.061113208532333 -1.1055190563202 -0.75153565406799 -1.2875514030457 1.5057764053345 0.00027962401509285 -0.058205589652061
0.060294955968857 -1.074747800827 -0.81290817260742 -1.2564470767975 1.5047626495361 0.0002872534096241 -0.064584314823151
0.059424251317978 -1.0460643768311 -0.87012147903442 -1.2276685237885 1.5039253234863 0.00029106810688972 -0.07086157053709
0.058514922857285 -1.0190465450287 -0.92392921447754 -1.200620174408 1.5030498504639 0.0001809187233448 -0.077177450060844
0.05762705206871 -0.99315738677979 -0.97489476203918 -1.1751935482025 1.5020208358765 0.00026007369160652 -0.083527117967606
0.056675285100937 -0.96861529350281 -1.0237262248993 -1.1506016254425 1.5012211799622 0.00018664076924324 -0.088977329432964
0.055740684270859 -0.94485759735107 -1.0705323219299 -1.1269454956055 1.5002059936523 9.4134360551834e-05 -0.093987531960011
0.0547054708004 -0.92219376564026 -1.1151833534241 -1.1051008701324 1.4993262290955 -0.00014094635844231 -0.098953783512115
0.054170459508896 -0.88910460472107 -1.1317133903503 -1.1199431419373 1.4982099533081 -0.00024060532450676 -0.10155349969864
0.054181903600693 -0.83928537368774 -1.0928864479065 -1.2081959247589 1.49827003479 0.00025387480854988 -0.10301648825407
0.054190009832382 -0.7994966506958 -1.0371253490448 -1.3037614822388 1.498318195343 -0.00020317360758781 -0.1034117937088
0.054262489080429 -0.77075529098511 -0.96275043487549 -1.4063746929169 1.4978218078613 -0.0001101903617382 -0.10505240410566
0.054291099309921 -0.75577139854431 -0.86593222618103 -1.5183401107788 1.4977493286133 -0.00020937249064445 -0.10496734827757
0.054274886846542 -0.7573709487915 -0.74060988426208 -1.6413772106171 1.4977521896362 -0.0003841333091259 -0.10390854626894
