4.8065055580082e-07 -2.2812257327587e-07 0.91483932733536
2.2631164142695e-07 -2.600016841825e-07 0.91483938694
-5.1085515906379e-07 -1.662958908355e-07 0.91483950614929
-3.3652892739156e-07 -7.5686848788337e-08 0.91483932733536
-1.5728669211512e-07 1.5601389691255e-07 0.91483938694
-1.121227484191e-07 -4.6033985512395e-09 0.91483944654465
5.325334200279e-07 2.3148749050961e-07 0.91483932733536
4.834241167373e-07 -8.0143163216917e-09 0.91483950614929
6.6195099179822e-07 5.1270501444378e-07 0.91483962535858
6.2929433397585e-07 6.3836654362603e-07 0.91483962535858
7.6672290560964e-07 1.9503416126554e-07 0.91483956575394
7.012577043497e-07 2.9647376109665e-08 0.91483974456787
2.9915503318989e-07 1.0018038665294e-07 0.91484004259109
4.5502747525461e-07 -9.8585758223635e-08 0.91484016180038
8.5751473477558e-08 2.3571382712362e-07 0.91484034061432
1.7144030550753e-07 -3.1387369148206e-08 0.9148405790329
1.1937602550915e-07 1.7844996591521e-07 0.91484040021896
1.550440202891e-07 3.2018195383898e-07 0.91484045982361
3.2942858751994e-07 4.1023788810435e-08 0.91484075784683
3.8996989815132e-07 -7.7094448158732e-08 0.91484093666077
4.3932703874816e-07 2.0590229610207e-07 0.9148411154747
2.8411625407898e-07 -1.1079475115139e-07 0.9148411154747
1.100910829166e-08 -1.7314695810455e-07 0.91484129428864
-3.7000143038313e-07 -2.1211988610048e-07 0.91484147310257
-2.8167434606985e-07 -1.1904507601912e-07 0.91484141349792
-4.9538761004442e-07 -1.2976988728042e-07 0.91484135389328
-5.8758968179973e-07 -9.6792724946226e-08 0.9148411154747
-3.5559710909183e-07 1.6722530915558e-08 0.91484123468399
-2.2124208953755e-07 1.5848917200856e-07 0.91484141349792
-2.3576397722991e-07 2.4937747866716e-07 0.9148416519165
-2.7234648314334e-07 1.6691798521151e-07 0.9148416519165
-3.9097216131267e-07 -1.1405755628857e-07 0.9148416519165
-4.0220999153462e-07 -5.0994253797398e-07 0.91484177112579
-7.3874235795302e-07 -9.6955034223356e-07 0.91484171152115
-3.7861656210225e-07 -1.0588067880235e-06 0.91484171152115
-1.3984880808948e-07 -1.0667693004507e-06 0.9148416519165
-4.3453897546897e-07 -1.1270274171693e-06 0.91484177112579
-2.4557476763221e-07 -1.4874904081807e-06 0.91484177112579
-3.100338119566e-07 -1.6515780316695e-06 0.91484200954437
-3.1909956987874e-07 -1.9134688500344e-06 0.91484200954437
-2.1040591491328e-07 -2.1217317680566e-06 0.91484212875366
-1.5999451363768e-07 -2.3631055228179e-06 0.91484200954437
-1.9979817977855e-07 -2.1820437723363e-06 0.91484218835831
-2.2803065746757e-07 -2.8823856155213e-06 0.91484236717224
-1.3533211529193e-07 -2.8002223189105e-06 0.91484218835831
-1.1015991674412e-08 -3.1830127227295e-06 0.91484224796295
-1.2916251534989e-07 -2.9610052934004e-06 0.91484236717224
-1.8073046703648e-07 -3.2265324989567e-06 0.91484242677689
-5.1262708211652e-07 -3.2056475447462e-06 0.91484224796295
-4.5308675566957e-07 -3.0727874218428e-06 0.91484242677689
-7.5425759860082e-07 -2.8835038392572e-06 0.91484236717224
-4.2636816033337e-07 -3.181643478456e-06 0.91484248638153
-1.6442618289148e-07 -3.1183499231702e-06 0.91484242677689
7.2025258646136e-08 -3.0321050417115e-06 0.91484260559082
4.0992739513968e-07 -2.8041467885487e-06 0.91484290361404
4.2565375224513e-07 -2.6019170036307e-06 0.91484278440475
5.5392143849531e-07 -2.4187904728024e-06 0.9148428440094
1.0721142871262e-06 -2.0993948055548e-06 0.91484302282333
3.2269426242237e-07 -2.3311329186981e-06 0.91484302282333
6.4123446463782e-07 -2.2152378278406e-06 0.91484302282333
4.9767623977459e-07 -2.2925935354579e-06 0.91484302282333
3.4576538610054e-07 -2.8079184630769e-06 0.91484266519547
5.6885880894697e-07 -3.2513228234166e-06 0.91484278440475
8.1019970821217e-07 -2.9068676212773e-06 0.91484272480011
8.9152285909222e-07 -2.8988824851695e-06 0.9148428440094
1.1580905265873e-06 -2.7760213470174e-06 0.9148428440094
1.095524567063e-06 -3.0004696327524e-06 0.91484272480011
9.5652967502247e-07 -3.1945369300956e-06 0.9148428440094
1.3706302297578e-06 -3.5844900594384e-06 0.91484266519547
1.3569924703916e-06 -3.7668426102755e-06 0.91484272480011
1.3788849173579e-06 -3.604316361816e-06 0.91484278440475
1.2749939060086e-06 -3.9426140574506e-06 0.91484254598618
1.4919413615644e-06 -3.9473361539422e-06 0.91484272480011
1.546232738292e-06 -3.784022283071e-06 0.91484290361404
1.6464872487632e-06 -3.7435229387484e-06 0.91484278440475
-8.2790407759603e-05 0.0011869848240167 0.91541105508804
-0.00044357377919368 0.004074523691088 0.91694492101669
-0.00070370337925851 0.006727802567184 0.91830837726593
-0.0011728927493095 0.0092119639739394 0.93431931734085
-0.0013092337176204 0.0082333656027913 0.98130887746811
-0.001433668890968 0.0082457289099693 1.0284675359726
-0.0013861864572391 0.0075805890373886 1.0750480890274
-0.0013597867218778 0.009949054569006 1.1207319498062
-0.001396780833602 0.01100298576057 1.1673293113708
