0.0077300481498241 0.063986212015152 1.2830390930176 0.0023720043245703 -0.00033533736132085 3.0687899589539 2.5552426450304e-05
0.017341244965792 0.067910015583038 1.2667624950409 0.0022839554585516 -0.00033611548133194 3.0260915756226 4.8123023589142e-05
0.026972215622663 0.071838721632957 1.2504640817642 0.0022913962602615 -0.00055002968292683 2.9837810993195 7.0978660460241e-07
0.036556415259838 0.07575786113739 1.2341638803482 0.002459587296471 -0.00072012463351712 2.9403295516968 8.8719047198538e-05
0.04614631831646 0.079718381166458 1.2178952693939 0.0023881036322564 -0.00084297830471769 2.897168636322 6.9488756707869e-05
0.055769838392735 0.083645880222321 1.2016005516052 0.0026738313026726 -0.001137237297371 2.8544104099274 3.525316969899e-06
0.065335892140865 0.08757321536541 1.1853097677231 0.0029213333036751 -0.0014068636810407 2.8105452060699 -1.210119080497e-05
0.074945703148842 0.091494247317314 1.1690266132355 0.0032041415106505 -0.0018378434469923 2.7671718597412 1.4587790246878e-05
0.084539413452148 0.095433965325356 1.1527255773544 0.0036229668185115 -0.0021831602789462 2.7241945266724 2.9679198632948e-05
0.094140663743019 0.099359065294266 1.1364436149597 0.0040366221219301 -0.0026606649626046 2.6804738044739 7.9114588515949e-06
0.1037417948246 0.10328516364098 1.1201478242874 0.0046144225634634 -0.0030991134699434 2.6373453140259 -3.1201864203467e-06
0.11333617568016 0.10721588134766 1.1038610935211 0.0052176704630256 -0.0036666803061962 2.5940227508545 3.8103309634607e-05
0.12293623387814 0.11113494634628 1.0875705480576 0.0055147684179246 -0.0040466664358974 2.5506539344788 7.1926035161596e-05
0.13254627585411 0.11507591605186 1.0712729692459 0.0052192276343703 -0.0037246106658131 2.5073850154877 3.7042875192128e-05
0.14213338494301 0.11899471282959 1.0549914836884 0.003348236437887 -0.0023634214885533 2.4643313884735 2.9374457881204e-05
0.1517236828804 0.12294770777225 1.0387040376663 -0.00085145182674751 0.0011499302927405 2.4215259552002 6.6687272919808e-05
0.16133542358875 0.12686997652054 1.0224137306213 -0.0070296921767294 0.0065026925876737 2.379390001297 0.00010573579493212
0.17092601954937 0.13078844547272 1.0061182975769 -0.012828296050429 0.01149544864893 2.3365619182587 -3.9695256418781e-05
0.18053896725178 0.13472363352776 0.98983418941498 -0.014352605678141 0.01301924046129 2.2931246757507 -1.5291412637453e-05
0.19012558460236 0.13864983618259 0.97353827953339 -0.010997092351317 0.010137109085917 2.2488825321198 0.00010544387623668
0.19972755014896 0.14257805049419 0.95724684000015 -0.0062924907542765 0.0059425146318972 2.205361366272 2.7088137358078e-05
0.19853939116001 0.14048589766026 0.94998800754547 -0.002017940627411 0.0022211438044906 2.1860074996948 5.6518852943555e-05
0.18894298374653 0.13368473947048 0.94998103380203 -0.00068040721816942 0.0010165944695473 2.1854963302612 7.4994139140472e-05
0.17935451865196 0.12688435614109 0.94997751712799 -0.00024362941621803 0.00053629174362868 2.1856486797333 4.0843802707968e-05
0.16974766552448 0.12012314796448 0.9499836564064 9.6440890047234e-05 0.00019398400036152 2.1847293376923 -1.8297760107089e-05
0.16015456616879 0.11331996321678 0.94998329877853 0.00020495067292359 -9.3446578830481e-06 2.1852855682373 3.9431346522179e-05
0.15054957568645 0.10652278363705 0.94998013973236 0.00026285299099982 -0.00021341122919694 2.1850368976593 6.7034678068012e-05
0.14095997810364 0.099699422717094 0.94997024536133 0.00045553845120594 -0.00029788582469337 2.1856198310852 4.4970878661843e-05
0.13133800029755 0.09295092523098 0.94998228549957 0.00039338087663054 -0.00039603139157407 2.1845529079437 4.2672905692598e-05
0.12174584716558 0.086152717471123 0.9499716758728 0.00045749088167213 -0.00048594779218547 2.1847739219666 4.6647739509353e-05
0.11215972900391 0.079356789588928 0.94997680187225 0.00034955437877215 -0.00039759956416674 2.1848123073578 5.3525986004388e-05
0.10257333517075 0.072567462921143 0.94997131824493 0.00027938353014179 -0.00016857076843735 2.1848630905151 7.7640135714319e-05
0.092955715954304 0.065782010555267 0.94997763633728 -3.842190199066e-05 0.00021260710491333 2.185019493103 -2.7715939268091e-06
0.083354949951172 0.058970168232918 0.94997251033783 -0.00042180289165117 0.00086222146637738 2.1851274967194 5.3202779781714e-06
0.07374082505703 0.052198484539986 0.94996666908264 -0.00085116393165663 0.0016849773237482 2.1852204799652 2.0402052541613e-05
0.06417615711689 0.04539555311203 0.94997775554657 -0.0013314266689122 0.0025416272692382 2.1859669685364 5.1107974286424e-05
0.054558962583542 0.03859868645668 0.94997769594193 -0.0018834375077859 0.003087414894253 2.1857509613037 6.5825108322315e-05
0.044942200183868 0.031842909753323 0.94997638463974 -0.0020977463573217 0.0036836806684732 2.1851115226746 -1.2305599739193e-05
0.035388723015785 0.025017783045769 0.94998174905777 -0.0020556633826345 0.0040005259215832 2.1856865882874 -4.5471620069293e-06
0.025761447846889 0.01824676245451 0.94997251033783 -0.0018849174957722 0.003837211523205 2.1859738826752 4.6052191464696e-05
0.016180515289307 0.011457309126854 0.94996333122253 -0.0017318776808679 0.003383430885151 2.1856603622437 -1.8038155758404e-05
0.0065670683979988 0.0046642050147057 0.94997322559357 -0.0015550134703517 0.0030578547157347 2.1858847141266 5.8299654483562e-05
-0.0030409097671509 -0.002127505838871 0.9499608874321 -0.0010462033096701 0.0028498186729848 2.1858105659485 1.5259000065271e-05
-0.012618504464626 -0.0089493319392204 0.94994294643402 -0.0011042397236452 0.0022574106696993 2.1864166259766 2.4382752599195e-06
-0.02220643311739 -0.015706941485405 0.94995403289795 -0.00082562799798325 0.0022419800516218 2.1861741542816 8.8703673100099e-05
-0.031833074986935 -0.022495768964291 0.94995892047882 -0.00082197395386174 0.0021502329036593 2.186087846756 6.6728905949276e-05
-0.041420124471188 -0.029290292412043 0.94995176792145 -0.00097135780379176 0.0019606053829193 2.1862587928772 5.8092977269553e-05
-0.051008611917496 -0.036095693707466 0.94994556903839 -0.00088656990556046 0.0018217441393062 2.1866264343262 0.00010557666246314
-0.060621812939644 -0.042876750230789 0.94994425773621 -0.00090797082521021 0.0016426115762442 2.1860308647156 9.957782458514e-05
-0.070218481123447 -0.049659918993711 0.94994312524796 -0.00066847028210759 0.0017543190624565 2.1857028007507 5.2201554353815e-05
-0.079794034361839 -0.056482747197151 0.94992303848267 -0.00078193884110078 0.0015995260328054 2.1865863800049 -1.4243320038076e-05
-0.089406490325928 -0.06322617828846 0.94998526573181 -0.00089437450515106 0.0018081482267007 2.1858751773834 8.1068001236417e-06
-0.099018037319183 -0.070045441389084 0.94998323917389 -0.0007382002659142 0.0018103292677552 2.1860790252686 -1.2225138561917e-05
-0.10862688720226 -0.076827302575111 0.94996505975723 -0.00074139382923022 0.001534022972919 2.1864488124847 -1.0047700925497e-05
-0.11819043010473 -0.083624869585037 0.94994354248047 -0.00073591124964878 0.0016872538253665 2.1867468357086 2.2773352611694e-05
-0.12779304385185 -0.090424992144108 0.9499529004097 -0.00062744738534093 0.0016856339061633 2.1864771842957 3.2224415917881e-05
-0.13740307092667 -0.097197026014328 0.94991028308868 -0.00059636397054419 0.001676106476225 2.1863188743591 6.5198371885344e-05
-0.1469981521368 -0.10400305688381 0.94991707801819 -0.00051718525355682 0.0016044214135036 2.1865620613098 1.2253433851583e-05
-0.15659154951572 -0.11078508943319 0.94992172718048 -0.0006901283049956 0.0016625303542241 2.1863543987274 -4.1092266656051e-06
-0.16620923578739 -0.11755467951298 0.94990253448486 -0.00068792462116107 0.001638964866288 2.1861901283264 2.9562794225058e-05
-0.17581322789192 -0.1243674904108 0.94986629486084 -0.00056882167700678 0.0016198055818677 2.1863620281219 4.5673132262891e-05
-0.18537931144238 -0.13116480410099 0.94987821578979 -0.0005525914602913 0.0016895773587748 2.1863856315613 9.675562614575e-05
-0.19500139355659 -0.1379524320364 0.9498438835144 -0.00038227121694945 0.0017087548039854 2.1865766048431 -3.6111418921791e-06
