0.095089048147202 0.27324625849724 -1.8322379589081 -1.5849235057831 -1.4031472206116 0.00050206831656396 2.5552426450304e-05
0.1508341729641 0.29190728068352 -1.8868036270142 -1.5489859580994 -1.3044667243958 0.00070996931754053 4.8123023589142e-05
0.20809277892113 0.3070692718029 -1.9386720657349 -1.5124316215515 -1.2044842243195 0.0011462753172964 7.0978660460241e-07
0.26656541228294 0.31843373179436 -1.9878966808319 -1.4748473167419 -1.1027655601501 0.0015053336974233 8.8719047198538e-05
0.32547244429588 0.32576128840446 -2.0344521999359 -1.4359128475189 -1.0009393692017 0.0019659583922476 6.9488756707869e-05
0.38446196913719 0.3284954726696 -2.0782170295715 -1.3954555988312 -0.89879250526428 0.0026473586913198 3.525316969899e-06
0.44286641478539 0.32634636759758 -2.119122505188 -1.353175163269 -0.79683136940002 0.0035638397093862 -1.210119080497e-05
0.50007545948029 0.3190059363842 -2.1570677757263 -1.3090479373932 -0.69630527496338 0.0047745294868946 1.4587790246878e-05
0.55542242527008 0.30620858073235 -2.1919214725494 -1.2631807327271 -0.59788370132446 0.0066175051033497 2.9679198632948e-05
0.60867321491241 0.28756472468376 -2.2233865261078 -1.2156789302826 -0.50105786323547 0.0092882700264454 7.9114588515949e-06
0.65927851200104 0.26307579874992 -2.2514147758484 -1.1670677661896 -0.40738582611084 0.01331802085042 -3.1201864203467e-06
0.70702040195465 0.23230788111687 -2.2754900455475 -1.1184823513031 -0.31633186340332 0.019486386328936 3.8103309634607e-05
0.75168859958649 0.19514939188957 -2.2953338623047 -1.071074962616 -0.22805166244507 0.02927728369832 7.1926035161596e-05
0.79325020313263 0.15166184306145 -2.3107554912567 -1.0267217159271 -0.14380812644958 0.043820340186357 3.7042875192128e-05
0.83163797855377 0.10155388712883 -2.3212637901306 -0.98623299598694 -0.061867713928223 0.064090684056282 2.9374457881204e-05
0.86701166629791 0.046042412519455 -2.3276777267456 -0.94775176048279 0.016394376754761 0.087542966008186 6.6687272919808e-05
0.89943611621857 -0.012186080217361 -2.3313794136047 -0.90395259857178 0.091469049453735 0.10572429001331 0.00010573579493212
0.92902386188507 -0.068943530321121 -2.3343498706818 -0.84431099891663 0.16431927680969 0.10592646896839 -3.9695256418781e-05
0.95601665973663 -0.12141826748848 -2.3374645709991 -0.76603102684021 0.23472380638123 0.083302929997444 -1.5291412637453e-05
0.98049223423004 -0.17194560170174 -2.3386986255646 -0.68107318878174 0.30296349525452 0.050169423222542 0.00010544387623668
1.0027738809586 -0.22454407811165 -2.3353314399719 -0.6055474281311 0.36830449104309 0.023852780461311 2.7088137358078e-05
0.99216949939728 -0.24623706936836 -2.3344123363495 -0.5692572593689 0.37702775001526 0.0081362277269363 5.6518852943555e-05
0.9567037820816 -0.2446029484272 -2.3357856273651 -0.56495428085327 0.34229254722595 0.003534272313118 7.4994139140472e-05
0.92092001438141 -0.2444649040699 -2.3355975151062 -0.56352162361145 0.30647110939026 0.0018124133348465 4.0843802707968e-05
0.88472950458527 -0.24530223011971 -2.3341104984283 -0.56304788589478 0.27049422264099 0.000790074467659 -1.8297760107089e-05
0.84833252429962 -0.24691322445869 -2.3315539360046 -0.56306433677673 0.23387932777405 -0.00014214217662811 3.9431346522179e-05
0.81169950962067 -0.24936917424202 -2.3277461528778 -0.56330418586731 0.19759440422058 -0.0011964291334152 6.7034678068012e-05
0.77502071857452 -0.25252535939217 -2.3229517936707 -0.56366038322449 0.16090273857117 -0.0024774521589279 4.4970878661843e-05
0.73840582370758 -0.25628235936165 -2.3171646595001 -0.56408929824829 0.12437844276428 -0.004097506403923 4.2672905692598e-05
0.70194160938263 -0.26075008511543 -2.3104360103607 -0.56433248519897 0.087702989578247 -0.0060801953077316 4.6647739509353e-05
0.66570198535919 -0.2658419907093 -2.3027281761169 -0.56446623802185 0.051384210586548 -0.0085649937391281 5.3525986004388e-05
0.62975227832794 -0.27162340283394 -2.2941045761108 -0.56441855430603 0.015487909317017 -0.011501833796501 7.7640135714319e-05
0.59416925907135 -0.27799013257027 -2.2845361232758 -0.56425309181213 -0.019859075546265 -0.014846846461296 -2.7715939268091e-06
0.55907022953033 -0.28506210446358 -2.2740635871887 -0.56424570083618 -0.055061101913452 -0.018292233347893 5.3202779781714e-06
0.52449715137482 -0.29266741871834 -2.262763261795 -0.56495189666748 -0.090129613876343 -0.02133397758007 2.0402052541613e-05
0.49042093753815 -0.30110171437263 -2.2501170635223 -0.56728959083557 -0.12486100196838 -0.023068949580193 5.1107974286424e-05
0.45706951618195 -0.31031969189644 -2.2360110282898 -0.57165789604187 -0.15772247314453 -0.023514315485954 6.5825108322315e-05
0.4244304895401 -0.32009676098824 -2.2207202911377 -0.57833552360535 -0.19028830528259 -0.022470280528069 -1.2305599739193e-05
0.39254820346832 -0.33038666844368 -2.2042136192322 -0.58682370185852 -0.22235107421875 -0.020143076777458 -4.5471620069293e-06
0.36138164997101 -0.34110549092293 -2.1867196559906 -0.5968029499054 -0.25377058982849 -0.016931340098381 4.6052191464696e-05
0.33101427555084 -0.35222080349922 -2.16832280159 -0.6071765422821 -0.28400278091431 -0.013775631785393 -1.8038155758404e-05
0.30136120319366 -0.36361244320869 -2.1492505073547 -0.61763072013855 -0.31367635726929 -0.011105582118034 5.8299654483562e-05
0.27254688739777 -0.37528470158577 -2.1295890808105 -0.62769460678101 -0.34259176254272 -0.0092251747846603 1.5259000065271e-05
0.24458992481232 -0.38730219006538 -2.1093580722809 -0.63741993904114 -0.37067651748657 -0.0074625462293625 2.4382752599195e-06
0.21741020679474 -0.39961794018745 -2.0884177684784 -0.64717650413513 -0.39756798744202 -0.006365105509758 8.8703673100099e-05
0.19097292423248 -0.41217234730721 -2.0670289993286 -0.65653991699219 -0.42410159111023 -0.0056951493024826 6.6728905949276e-05
0.16535818576813 -0.42509773373604 -2.0448949337006 -0.66631937026978 -0.44980907440186 -0.0051548928022385 5.8092977269553e-05
0.14052498340607 -0.43824270367622 -2.0221111774445 -0.67652368545532 -0.47469568252563 -0.0045307129621506 0.00010557666246314
0.11646616458893 -0.45175102353096 -1.9986505508423 -0.68690586090088 -0.49870347976685 -0.004125639796257 9.957782458514e-05
0.093186497688293 -0.46550634503365 -1.974600315094 -0.69751071929932 -0.52192735671997 -0.0039170235395432 5.2201554353815e-05
0.070623517036438 -0.47948578000069 -1.9499895572662 -0.70826482772827 -0.5446982383728 -0.0036504715681076 -1.4243320038076e-05
0.048746705055237 -0.49378398060799 -1.9246566295624 -0.7194344997406 -0.56656312942505 -0.003456637263298 8.1068001236417e-06
0.027547478675842 -0.50836849212646 -1.8985781669617 -0.73127913475037 -0.58780026435852 -0.0031171292066574 -1.2225138561917e-05
0.0070830583572388 -0.52318429946899 -1.8720157146454 -0.74321436882019 -0.60829997062683 -0.0029864758253098 -1.0047700925497e-05
-0.012728810310364 -0.53829002380371 -1.8448667526245 -0.75526213645935 -0.62813901901245 -0.00299172103405 2.2773352611694e-05
-0.031947731971741 -0.55362439155579 -1.8170375823975 -0.76788187026978 -0.64774537086487 -0.0027745217084885 3.2224415917881e-05
-0.050447106361389 -0.56930208206177 -1.7884812355042 -0.78077912330627 -0.66574263572693 -0.0028613060712814 6.5198371885344e-05
-0.068444609642029 -0.58521771430969 -1.7593359947205 -0.7941038608551 -0.68397212028503 -0.0026243180036545 1.2253433851583e-05
-0.085809588432312 -0.60146141052246 -1.7294518947601 -0.80783867835999 -0.70128297805786 -0.0025706738233566 -4.1092266656051e-06
-0.10264337062836 -0.61796593666077 -1.6989312171936 -0.82185387611389 -0.71805167198181 -0.0025802105665207 2.9562794225058e-05
-0.11897313594818 -0.63477802276611 -1.6677176952362 -0.83621835708618 -0.73453283309937 -0.0025427788496017 4.5673132262891e-05
-0.13472783565521 -0.65191149711609 -1.6356949806213 -0.85120868682861 -0.75030469894409 -0.0025234669446945 9.675562614575e-05
-0.1500152349472 -0.66949939727783 -1.6028726100922 -0.86660957336426 -0.76554393768311 -0.0024452656507492 -3.6111418921791e-06
