-7.6261591175353e-07 4.3321193743395e-07 0.91483891010284
-1.0538044534769e-06 6.4704693159001e-07 0.91483896970749
-9.7550332611718e-07 3.8566673765672e-07 0.91483908891678
-8.7855045194374e-07 3.5057095715274e-07 0.91483908891678
-3.0940387318878e-07 2.423954583719e-07 0.91483938694
-3.920294773252e-07 2.8702746135423e-07 0.91483944654465
-4.4708721702591e-07 5.6373278312094e-07 0.91483944654465
-1.1496175034154e-07 6.3449641629632e-07 0.91483974456787
1.0669330663404e-07 3.6139434200777e-07 0.91483998298645
-3.6604262731998e-08 1.2618721711988e-07 0.91484010219574
-1.5807137287993e-07 2.5504419909339e-07 0.91483992338181
1.5978079659362e-07 3.096971568084e-07 0.91483992338181
5.5190820802409e-09 6.3047718867892e-07 0.91483992338181
-2.8193949219713e-07 7.5992528536517e-07 0.91484022140503
-4.5663415448871e-07 1.0330471695852e-06 0.91484016180038
-3.9245009020306e-07 1.117665988204e-06 0.91484028100967
-1.2375386404528e-07 1.0488665793673e-06 0.91484034061432
2.0313155602025e-08 1.1246969506828e-06 0.9148405790329
1.3783784424959e-07 3.8324830597958e-07 0.91484075784683
6.9337573904704e-08 5.9960814269289e-07 0.91484075784683
1.4296914230272e-07 7.9396050978175e-07 0.91484099626541
7.819815550647e-08 7.4701495123008e-07 0.91484123468399
-5.4614176292489e-08 1.2392065400491e-06 0.91484117507935
1.3589307457096e-07 8.2882490914926e-07 0.91484075784683
3.2565279184382e-07 8.9226836053058e-07 0.91484081745148
1.267068796551e-07 9.0781855988098e-07 0.91484105587006
2.6637692940312e-07 6.4587999304422e-07 0.91484123468399
2.5055925334527e-07 6.7056623720418e-07 0.91484129428864
1.1511797026742e-07 4.9717829142537e-07 0.91484117507935
-7.7379368690345e-08 9.7042072866316e-07 0.91484123468399
3.4749237443066e-07 7.7726997460559e-07 0.91484147310257
-2.7280245262773e-07 7.4744673383975e-07 0.91484171152115
-1.2193774523439e-07 4.8579488520772e-07 0.91484177112579
-2.6538504016571e-07 2.9329063977457e-07 0.91484177112579
-3.2730486054788e-07 3.402067605407e-08 0.91484194993973
-0.010448227636516 -0.0036768545396626 0.91499465703964
-0.022165847942233 -0.0075812917202711 0.91511869430542
-0.033819049596786 -0.011470595374703 0.91529262065887
-0.044144049286842 -0.017266375944018 0.91536200046539
-0.053720206022263 -0.023975124582648 0.91543388366699
-0.063419818878174 -0.030752966180444 0.91547471284866
-0.072897657752037 -0.037676602602005 0.91546630859375
-0.082461759448051 -0.044547699391842 0.91545057296753
-0.092059053480625 -0.05125518143177 0.91543191671371
-0.10155312716961 -0.05809224396944 0.91547656059265
-0.1113448664546 -0.064694352447987 0.91547828912735
-0.12080653011799 -0.071682408452034 0.91542083024979
-0.13037061691284 -0.078465715050697 0.91543745994568
-0.13998433947563 -0.085238143801689 0.91542369127274
-0.14959926903248 -0.092020019888878 0.91540086269379
-0.15909449756145 -0.098916232585907 0.9154035449028
-0.16868150234222 -0.10557848960161 0.91521847248077
-0.17828959226608 -0.11245940625668 0.91528487205505
-0.18794657289982 -0.11919473111629 0.91533041000366
-0.19751404225826 -0.12605921924114 0.9153578877449
-0.20720924437046 -0.13274882733822 0.91539871692657
-0.21678368747234 -0.13956671953201 0.91547673940659
-0.22634907066822 -0.14638344943523 0.91546648740768
-0.23600648343563 -0.15311071276665 0.91541492938995
-0.24557492136955 -0.15991459786892 0.91540312767029
-0.25524124503136 -0.16666294634342 0.91541016101837
-0.26467999815941 -0.17365097999573 0.91535878181458
-0.27422279119492 -0.18048293888569 0.91532868146896
