-0.018770134076476 0.048983693122864 1.2976665496826 0.00098710833117366 7.5270138040651e-05 -3.0588150024414 2.0035353372805e-05
-0.023490514606237 0.044839963316917 1.2893716096878 0.00084684189641848 0.00020688507356681 -3.0112762451172 0.00011906928557437
-0.028196688741446 0.04067774116993 1.2810389995575 0.00096755038248375 0.0002072640490951 -2.9622287750244 4.3142290451215e-06
-0.032926738262177 0.036503300070763 1.2727335691452 0.00085451977793127 0.00024328034487553 -2.914577960968 1.2866757970187e-05
-0.037653654813766 0.032362565398216 1.2644332647324 0.00092910783132538 0.00035303272306919 -2.8663561344147 7.2258524596691e-05
-0.042351394891739 0.028221413493156 1.2561376094818 0.00071703351568431 0.00047917515621521 -2.8174188137054 5.4505060688825e-05
-0.04709105193615 0.024057939648628 1.2478227615356 0.00082355079939589 0.00045573260285892 -2.7700068950653 4.2067797039635e-05
-0.051830314099789 0.019885927438736 1.2395128011703 0.00072062807157636 0.00050968711730093 -2.7219655513763 5.7035682402784e-05
-0.056542240083218 0.015745602548122 1.2312177419662 0.00066702871117741 0.00052970281103626 -2.673761844635 -4.4991797039984e-05
-0.061261743307114 0.011579051613808 1.222900390625 0.00062375731067732 0.00052940368186682 -2.6261811256409 2.2865029677632e-05
-0.065976738929749 0.007445715367794 1.2146027088165 0.00067388935713097 0.00039526438922621 -2.5771515369415 2.8657361326623e-05
-0.070695161819458 0.0032911747694016 1.2063010931015 0.00054465985158458 0.00044551814789884 -2.5293967723846 1.0182758160227e-05
-0.075424239039421 -0.00085192173719406 1.1980204582214 0.00041349080856889 0.00054419867228717 -2.4812693595886 6.8428991653491e-05
-0.080136656761169 -0.0050206854939461 1.1896795034409 0.00055437569972128 0.00040613336022943 -2.4327602386475 0.00011168075434398
-0.084846049547195 -0.0091569870710373 1.1814165115356 0.00033612680272199 0.00041566218715161 -2.3853108882904 2.4160321117961e-05
-0.089573219418526 -0.013319037854671 1.1730991601944 0.00014506581646856 0.00024908513296396 -2.3367867469788 8.0138397606788e-06
-0.094315126538277 -0.01748975366354 1.1647514104843 0.00015417256508954 0.00018625287339091 -2.2889516353607 -4.4101257117291e-06
-0.09904257953167 -0.021642055362463 1.1564589738846 0.00011969083425356 3.2117881346494e-05 -2.2413387298584 3.7907502701273e-06
-0.10374584794044 -0.025804214179516 1.148157119751 6.5254280343652e-06 -0.00020716674043797 -2.19331407547 4.5462409616448e-05
-0.10846935212612 -0.029950655996799 1.139836192131 -0.00011468892625999 -0.00031092468998395 -2.1448776721954 2.5304698283435e-05
-0.11318179965019 -0.034084413200617 1.1315634250641 -0.00022653613996226 -0.00052748608868569 -2.0968496799469 -5.4364072639146e-06
-0.11790005862713 -0.038216456770897 1.1232503652573 -0.00024162615591194 -0.00022671994520351 -2.0488891601562 0.00010443410428707
-0.12262233346701 -0.042432364076376 1.1149210929871 0.00017542773275636 6.3466301071458e-05 -2.0009655952454 5.8856203395408e-05
-0.12733241915703 -0.046556957066059 1.1066377162933 0.00033480869024061 0.001044076634571 -1.9528428316116 2.0309706087573e-05
-0.1320485919714 -0.050697084516287 1.0983417034149 0.00091617286670953 0.0022967390250415 -1.9050141572952 7.390516839223e-05
-0.13679072260857 -0.05486274138093 1.0900223255157 0.0014086895389482 0.003746704896912 -1.8569203615189 4.8101443098858e-05
-0.14151857793331 -0.059034869074821 1.0816503763199 0.0017160874558613 0.0050417436286807 -1.8086458444595 -5.2416762628127e-06
-0.14624615013599 -0.063152462244034 1.0733845233917 0.0015250521246344 0.0054721911437809 -1.7606823444366 5.4901684052311e-05
-0.15095826983452 -0.067318551242352 1.0650253295898 0.0015256947372109 0.0053445608355105 -1.7127350568771 1.560172495374e-05
-0.15567034482956 -0.07147254794836 1.0567823648453 0.0010972111485898 0.0047682216390967 -1.6651704311371 -6.1982523220649e-06
-0.16039945185184 -0.075649872422218 1.0484035015106 0.00090455135796219 0.0039556864649057 -1.6169400215149 -3.1698946258985e-05
-0.16510306298733 -0.079820305109024 1.0401920080185 0.00053108989959583 0.0034652044996619 -1.5690948963165 1.037298625306e-05
-0.16986890137196 -0.083900392055511 1.0319103002548 0.00040100648766384 0.0032735832501203 -1.5198090076447 -2.9091754186084e-05
-0.174570992589 -0.088062137365341 1.0236027240753 0.00021194708824623 0.0030677078757435 -1.4723552465439 -9.464510185353e-06
-0.17929311096668 -0.09225033223629 1.0152026414871 0.00023201454314403 0.0029648060444742 -1.4249315261841 9.2071626568213e-05
-0.18401172757149 -0.096425533294678 1.0068824291229 0.00018553460540716 0.0029867705889046 -1.376827955246 -2.5338153136545e-05
-0.18871794641018 -0.10055288672447 0.99860227108002 -0.00017066398868337 0.0029935690108687 -1.3287800550461 4.6198187192203e-05
-0.19343650341034 -0.10470364242792 0.99023902416229 -0.0003452456148807 0.0028660779353231 -1.2810637950897 0.0001041143477778
-0.19816246628761 -0.10885386914015 0.98202264308929 -0.00051023211563006 0.0031456297729164 -1.232846736908 4.4084739784012e-05
-0.2028905749321 -0.11300041526556 0.97362691164017 -0.00064910284709185 0.0032159225083888 -1.184890627861 1.7065877955247e-06
-0.20760971307755 -0.11716023087502 0.96533966064453 -0.00083923898637295 0.0032495292834938 -1.137380361557 4.7567064029863e-05
-0.21231888234615 -0.12131769955158 0.95702797174454 -0.0012462495360523 0.0036794696934521 -1.089485168457 4.2379392652947e-06
-0.21522352099419 -0.12422345578671 0.94971865415573 0.00085671548731625 0.00035379323526286 -1.0471262931824 5.9413028793642e-05
-0.20575612783432 -0.11876665055752 0.94968408346176 0.0025522916112095 -0.0046665072441101 -1.0448360443115 6.4419691625517e-06
-0.19611805677414 -0.11324079334736 0.94980132579803 0.0019620400853455 -0.0042078359983861 -1.0455094575882 4.7641296987422e-05
-0.18653629720211 -0.10769011080265 0.94972336292267 0.0017080289544538 -0.0036915233358741 -1.046003818512 5.6326214689761e-05
-0.1769460439682 -0.102125659585 0.94974535703659 0.0015044771134853 -0.0032257428392768 -1.0456510782242 -3.6881392588839e-05
-0.16732329130173 -0.096589684486389 0.94973182678223 0.001618412672542 -0.0028848212677985 -1.0461186170578 4.4105800043326e-06
-0.15773832798004 -0.091049253940582 0.94979619979858 0.0013698418624699 -0.0027852130588144 -1.0460151433945 6.4697756897658e-05
-0.14813980460167 -0.08551998436451 0.94980299472809 0.0011878465302289 -0.0025796452537179 -1.0463132858276 0.00014161043509375
-0.13852807879448 -0.079968720674515 0.94979643821716 0.0011312098940834 -0.0024504270404577 -1.0465043783188 5.2421393775148e-05
-0.12894821166992 -0.074412316083908 0.94983702898026 0.0010782064637169 -0.002239860361442 -1.0462762117386 9.0383975475561e-05
-0.11934030801058 -0.068892672657967 0.94975173473358 0.0011342391371727 -0.0021977205760777 -1.0464428663254 -1.9575949409045e-05
-0.10973057150841 -0.063379943370819 0.94984328746796 0.00091802864335477 -0.0020784242078662 -1.0464806556702 2.4650586055941e-05
-0.10012875497341 -0.057822231203318 0.94991546869278 0.00092163210501894 -0.0019854970742017 -1.0471842288971 4.5964388846187e-05
-0.090539805591106 -0.052262883633375 0.94983595609665 0.0008891208563 -0.0019475948065519 -1.0465191602707 0.00011102078860858
-0.080932728946209 -0.04672983288765 0.94982469081879 0.00093426578678191 -0.0018782281549647 -1.0465166568756 -2.8065755941498e-06
-0.071365274488926 -0.041177429258823 0.94993931055069 0.00071833084803075 -0.0017052275361493 -1.0466151237488 -3.5928052966483e-05
-0.061760947108269 -0.035639513283968 0.94993013143539 0.00071415666025132 -0.0017573540098965 -1.046754360199 1.2234043424542e-05
-0.05220003426075 -0.03008321672678 0.9499100446701 0.00061487319180742 -0.0017721457406878 -1.0461423397064 -2.2785582132201e-06
-0.042567402124405 -0.024559617042542 0.94994306564331 0.00061592302517965 -0.0016217430820689 -1.0471196174622 7.9325342085212e-05
-0.032988451421261 -0.019036797806621 0.94998049736023 0.00068725104210898 -0.0015903597231954 -1.0466438531876 2.4164934075088e-05
-0.02334439009428 -0.013489527627826 0.94996607303619 0.00057968572946265 -0.0016868232050911 -1.0467259883881 5.0627579639695e-07
-0.013782650232315 -0.0079347845166922 0.94996243715286 0.00079186091898009 -0.0013917984906584 -1.0468541383743 0.00011360014468664
-0.0041696652770042 -0.0024005714803934 0.9499363899231 0.00066769192926586 -0.0015728824073449 -1.046645283699 7.4859403866867e-06
0.0054194405674934 0.0031323879957199 0.9499471783638 0.00067289697472006 -0.0015112905530259 -1.0464957952499 5.0940616347361e-06
0.015042349696159 0.0087114870548248 0.94996452331543 0.00071203208062798 -0.0017086641164497 -1.0464531183243 4.717519004771e-06
0.024651348590851 0.014209989458323 0.94995105266571 0.00046857155393809 -0.0016116376500577 -1.0468642711639 7.9964360338636e-05
0.034238740801811 0.019785707816482 0.94995325803757 0.00056429259711877 -0.0016601107781753 -1.0468982458115 1.1875054951815e-05
0.043824210762978 0.025343846529722 0.94995248317719 0.00072473497129977 -0.001544403959997 -1.0464432239532 -3.7100056943018e-05
0.053448975086212 0.030879007652402 0.94996124505997 0.00077933160355315 -0.0014734278665856 -1.0467882156372 1.1228348739678e-05
0.063031353056431 0.036424532532692 0.94996815919876 0.00071136659244075 -0.001463019521907 -1.0461856126785 3.3704385714373e-05
0.072644263505936 0.041958771646023 0.94996905326843 0.00066997786052525 -0.001166358590126 -1.0465235710144 3.7479614547919e-05
0.082244172692299 0.047490581870079 0.94996953010559 0.00059396657161415 -0.0016294592060149 -1.0469654798508 -3.4106851671822e-05
0.091901369392872 0.053032036870718 0.94997501373291 0.000662931939587 -0.0020228084176779 -1.0471264123917 0.00011580161663005
0.10142156481743 0.058574918657541 0.94993126392365 0.00084100587991998 -0.0017722484190017 -1.0464409589767 6.5632870246191e-05
0.11103131622076 0.064107000827789 0.94994449615479 0.00083308503963053 -0.0016865476500243 -1.0468173027039 0.00010595229832688
0.12063208967447 0.069658309221268 0.94994777441025 0.00087395060108975 -0.0018434139201418 -1.0464794635773 -2.8404960175976e-05
0.1302375793457 0.075202398002148 0.9499654173851 0.00075730605749413 -0.0016550484579057 -1.0465968847275 5.7291172197438e-06
0.13983085751534 0.080716580152512 0.95000249147415 0.00067302765091881 -0.00189558416605 -1.046621799469 -9.9571461760206e-06
0.14941862225533 0.086270585656166 0.9499825835228 0.00081400293856859 -0.0016713057411835 -1.0467430353165 8.4658735431731e-05
0.15902110934258 0.091816283762455 0.94998151063919 0.00087407592218369 -0.0018502228194848 -1.0464903116226 5.9248701290926e-05
0.16861578822136 0.097380384802818 0.95000302791595 0.00085634290007874 -0.0016159473452717 -1.045937538147 2.5804329197854e-05
0.17823013663292 0.10291133821011 0.94998168945312 0.00087212736252695 -0.0018741715466604 -1.0469213724136 4.6520119212801e-05
0.18783611059189 0.10844268649817 0.94997811317444 0.0008641792810522 -0.0018211184069514 -1.046652674675 4.2257699533366e-05
0.19742205739021 0.11397583782673 0.94998669624329 0.00089769589249045 -0.0019100257195532 -1.0469247102737 -5.1629203881021e-06
0.2070272564888 0.11953531205654 0.94997262954712 0.0010602292604744 -0.001755926059559 -1.0468239784241 9.1365836851764e-05
