-0.06245293840766 0.19641873240471 -1.7379264831543 -1.6009767055511 -1.7159178256989 -0.00013069457781967 2.0035353372805e-05
-0.095160633325577 0.17476126551628 -1.7417802810669 -1.5754446983337 -1.7964577674866 -0.00016264268197119 0.00011906928557437
-0.12636581063271 0.15143391489983 -1.74378490448 -1.5501554012299 -1.8762836456299 -0.00027756043709815 4.3142290451215e-06
-0.15557590126991 0.12684485316277 -1.7441120147705 -1.5252475738525 -1.9532208442688 -0.00036601372994483 1.2866757970187e-05
-0.18322935700417 0.1008720099926 -1.7425549030304 -1.5008964538574 -2.029456615448 -0.00043372460640967 7.2258524596691e-05
-0.20902553200722 0.073823899030685 -1.7393233776093 -1.4770011901855 -2.1034483909607 -0.00057319947518408 5.4505060688825e-05
-0.23301592469215 0.045751065015793 -1.7343678474426 -1.4539070129395 -2.175324678421 -0.00065688439644873 4.2067797039635e-05
-0.25543251633644 0.016570538282394 -1.7275853157043 -1.4315872192383 -2.2460889816284 -0.00069312402047217 5.7035682402784e-05
-0.27611342072487 -0.013216525316238 -1.7192342281342 -1.4101223945618 -2.3145730495453 -0.00073055573739111 -4.4991797039984e-05
-0.29527726769447 -0.04387167096138 -1.709109544754 -1.389673948288 -2.3817384243011 -0.0008047039154917 2.2865029677632e-05
-0.31306591629982 -0.075270682573318 -1.6972641944885 -1.370129108429 -2.4481167793274 -0.00084857293404639 2.8657361326623e-05
-0.32929769158363 -0.10707738995552 -1.6838722229004 -1.3516755104065 -2.512401342392 -0.00093821831978858 1.0182758160227e-05
-0.34416595101357 -0.13925245404243 -1.6690130233765 -1.3343272209167 -2.5751128196716 -0.00097803422249854 6.8428991653491e-05
-0.35780730843544 -0.17210224270821 -1.6524000167847 -1.3181145191193 -2.6371521949768 -0.00085930177010596 0.00011168075434398
-0.37014165520668 -0.20495203137398 -1.6345498561859 -1.3029191493988 -2.6972613334656 -0.00078086205758154 2.4160321117961e-05
-0.38140621781349 -0.23826125264168 -1.6150226593018 -1.288955450058 -2.7567937374115 -0.00062755891121924 8.0138397606788e-06
-0.3915664255619 -0.27182939648628 -1.5941345691681 -1.276095867157 -2.8150312900543 -0.00042776414193213 -4.4101257117291e-06
-0.40064731240273 -0.30521228909492 -1.5721523761749 -1.2640769481659 -2.8718535900116 0.00017734221182764 3.7907502701273e-06
-0.40879026055336 -0.33883932232857 -1.548743724823 -1.2528619766235 -2.9282040596008 0.001236874377355 4.5462409616448e-05
-0.41605249047279 -0.37236097455025 -1.5242722034454 -1.2422001361847 -2.9835600852966 0.0027827804442495 2.5304698283435e-05
-0.42243424057961 -0.40570786595345 -1.4987452030182 -1.2319936752319 -3.037947177887 0.0050916261970997 -5.4364072639146e-06
-0.42803707718849 -0.43896701931953 -1.472268819809 -1.2218554019928 -3.0915951728821 0.0084547586739063 0.00010443410428707
-0.43286338448524 -0.4720564186573 -1.4448211193085 -1.2119398117065 -3.1444392204285 0.012855965644121 5.8856203395408e-05
-0.43700090050697 -0.50487780570984 -1.4164576530457 -1.2024710178375 -3.1965746879578 0.017769295722246 2.0309706087573e-05
-0.44046965241432 -0.53768134117126 -1.3868594169617 -1.1946060657501 -3.2477943897247 0.022343117743731 7.390516839223e-05
-0.44337001442909 -0.57101798057556 -1.3553698062897 -1.1899201869965 -3.2990353107452 0.025244671851397 4.8101443098858e-05
-0.44565883278847 -0.60500431060791 -1.3219895362854 -1.1895198822021 -3.3488821983337 0.025149781256914 -5.2416762628127e-06
-0.44743171334267 -0.63943648338318 -1.2865097522736 -1.1933166980743 -3.3987350463867 0.02219720557332 5.4901684052311e-05
-0.44865956902504 -0.67475891113281 -1.2490630149841 -1.1999981403351 -3.4482097625732 0.017695385962725 1.560172495374e-05
-0.44943562150002 -0.70996141433716 -1.2106766700745 -1.2075703144073 -3.4969706535339 0.013243157416582 -6.1982523220649e-06
-0.44979754090309 -0.74518179893494 -1.1713480949402 -1.2151892185211 -3.545031785965 0.0097941942512989 -3.1698946258985e-05
-0.44970598816872 -0.78010392189026 -1.1310591697693 -1.2225594520569 -3.5931429862976 0.0076422281563282 1.037298625306e-05
-0.44928827881813 -0.81497764587402 -1.0898506641388 -1.2301046848297 -3.64084815979 0.0063809938728809 -2.9091754186084e-05
-0.44850817322731 -0.85005664825439 -1.0474405288696 -1.2382290363312 -3.6879510879517 0.0054292269051075 -9.464510185353e-06
-0.44736877083778 -0.88566732406616 -1.0034580230713 -1.2473449707031 -3.734929561615 0.004867035895586 9.2071626568213e-05
-0.44595089554787 -0.92144632339478 -0.95808386802673 -1.2574124336243 -3.7814798355103 0.0043849535286427 -2.5338153136545e-05
-0.44426885247231 -0.95735955238342 -0.91128969192505 -1.2684135437012 -3.8275957107544 0.0040936060249805 4.6198187192203e-05
-0.44231548905373 -0.9941771030426 -0.86224603652954 -1.2810294628143 -3.8737003803253 0.003641564399004 0.0001041143477778
-0.4401516020298 -1.0313451290131 -0.81115317344666 -1.2947897911072 -3.9192876815796 0.0035438127815723 4.4084739784012e-05
-0.43772235512733 -1.0699419975281 -0.75734210014343 -1.310142993927 -3.9650847911835 0.003578145056963 1.7065877955247e-06
-0.43519535660744 -1.1092660427094 -0.70065426826477 -1.3273365497589 -4.0100793838501 0.00343032553792 4.7567064029863e-05
-0.43241348862648 -1.1501212120056 -0.64011645317078 -1.3465962409973 -4.0551500320435 0.0034732408821583 4.2379392652947e-06
-0.4288105070591 -1.1849422454834 -0.59025812149048 -1.3664348125458 -4.0935826301575 0.00086684897542 5.9413028793642e-05
-0.42024484276772 -1.1503200531006 -0.66229009628296 -1.3357715606689 -4.0872993469238 -0.0041211061179638 6.4419691625517e-06
-0.41168680787086 -1.1146614551544 -0.73351716995239 -1.299206495285 -4.0784149169922 -0.0037630014121532 4.7641296987422e-05
-0.40296736359596 -1.0823543071747 -0.79837608337402 -1.2659845352173 -4.0693511962891 -0.0034010820090771 5.6326214689761e-05
-0.39398184418678 -1.0524270534515 -0.85815739631653 -1.2356507778168 -4.0602436065674 -0.0030868463218212 -3.6881392588839e-05
-0.38475432991982 -1.0243816375732 -0.91410064697266 -1.2074747085571 -4.0508613586426 -0.0027099065482616 4.4105800043326e-06
-0.37529078125954 -0.99783158302307 -0.96667504310608 -1.1811366081238 -4.0413684844971 -0.0026078633964062 6.4697756897658e-05
-0.36556997895241 -0.97252130508423 -1.016524553299 -1.1562027931213 -4.0317153930664 -0.0024986676871777 0.00014161043509375
-0.35563817620277 -0.94849443435669 -1.064062833786 -1.1325826644897 -4.021312713623 -0.0024607591331005 5.2421393775148e-05
-0.34539857506752 -0.92546987533569 -1.1094124317169 -1.1101100444794 -4.0112924575806 -0.0023291520774364 9.0383975475561e-05
-0.3349167406559 -0.90327930450439 -1.1531195640564 -1.0885410308838 -4.0004396438599 -0.0022917203605175 -1.9575949409045e-05
-0.32411590218544 -0.88171768188477 -1.1950159072876 -1.0679025650024 -3.9896333217621 -0.0023205690085888 2.4650586055941e-05
-0.3130616247654 -0.86083912849426 -1.2355818748474 -1.0480697154999 -3.978422164917 -0.0022099427878857 4.5964388846187e-05
-0.3016497194767 -0.84095096588135 -1.2746443748474 -1.0289874076843 -3.9673590660095 -0.00222472473979 0.00011102078860858
-0.28994765877724 -0.8213951587677 -1.3126010894775 -1.0106148719788 -3.95565366745 -0.0022328309714794 -2.8065755941498e-06
-0.2779532968998 -0.8021867275238 -1.3494679927826 -0.99260592460632 -3.9437336921692 -0.0020852498710155 -3.5928052966483e-05
-0.26561012864113 -0.78365015983582 -1.3851945400238 -0.97535181045532 -3.9312183856964 -0.0020499639213085 1.2234043424542e-05
-0.25294914841652 -0.76562333106995 -1.4199109077454 -0.95875406265259 -3.9186179637909 -0.0021465234458447 -2.2785582132201e-06
-0.23990789055824 -0.74791097640991 -1.4537773132324 -0.94243669509888 -3.9054379463196 -0.002166073769331 7.9325342085212e-05
-0.2264110147953 -0.73067665100098 -1.486606836319 -0.92679071426392 -3.8924744129181 -0.0020871572196484 2.4164934075088e-05
-0.21264353394508 -0.71378135681152 -1.518785238266 -0.91160154342651 -3.8783977031708 -0.0021048001945019 5.0627579639695e-07
-0.19854655861855 -0.6972484588623 -1.5500900745392 -0.89680433273315 -3.8641304969788 -0.0020742826163769 0.00011360014468664
-0.18391314148903 -0.68113732337952 -1.5806007385254 -0.88250088691711 -3.8497493267059 -0.0021558217704296 7.4859403866867e-06
-0.16891089081764 -0.66530561447144 -1.6103909015656 -0.86860513687134 -3.8346645832062 -0.0023544244468212 5.0940616347361e-06
-0.15347495675087 -0.64979410171509 -1.6395125389099 -0.85531997680664 -3.8192117214203 -0.00257233902812 4.717519004771e-06
-0.13759270310402 -0.63453221321106 -1.6679716110229 -0.84191155433655 -3.8032703399658 -0.0025136880576611 7.9964360338636e-05
-0.12131920456886 -0.61954855918884 -1.6957924365997 -0.82914781570435 -3.7868807315826 -0.0026643685996532 1.1875054951815e-05
-0.10450568795204 -0.60498905181885 -1.7227830886841 -0.81693196296692 -3.7703042030334 -0.0026374273002148 -3.7100056943018e-05
-0.087228685617447 -0.59061527252197 -1.7493283748627 -0.80482339859009 -3.7527894973755 -0.0027602128684521 1.1228348739678e-05
-0.069413334131241 -0.57651495933533 -1.7750716209412 -0.79316449165344 -3.7354824542999 -0.0027940683066845 3.3704385714373e-05
-0.051169544458389 -0.56275463104248 -1.8003566265106 -0.78184938430786 -3.7167403697968 -0.0030029229819775 3.7479614547919e-05
-0.032376438379288 -0.5491623878479 -1.8250114917755 -0.77086019515991 -3.6979334354401 -0.0031459741294384 -3.4106851671822e-05
-0.013040214776993 -0.5358624458313 -1.8490662574768 -0.76012945175171 -3.6784238815308 -0.003032248467207 0.00011580161663005
0.0068741738796234 -0.52314257621765 -1.8721761703491 -0.7503764629364 -3.6590826511383 -0.0036483220756054 6.5632870246191e-05
0.027281850576401 -0.51037788391113 -1.8950576782227 -0.74025106430054 -3.6384418010712 -0.0038083009421825 0.00010595229832688
0.04826220870018 -0.49801969528198 -1.9171016216278 -0.73110723495483 -3.6174309253693 -0.0042632035911083 -2.8404960175976e-05
0.069864362478256 -0.48576664924622 -1.9387781620026 -0.72151923179626 -3.5959599018097 -0.0042140893638134 5.7291172197438e-06
0.092022031545639 -0.4738245010376 -1.9597973823547 -0.71248507499695 -3.573566198349 -0.0044107846915722 -9.9571461760206e-06
0.11473283171654 -0.46232223510742 -1.9800534248352 -0.70409035682678 -3.5509786605835 -0.0046461038291454 8.4658735431731e-05
0.13808211684227 -0.45121288299561 -1.999532699585 -0.69646644592285 -3.5278699398041 -0.0054138116538525 5.9248701290926e-05
0.16200599074364 -0.44021725654602 -2.0186007022858 -0.68857407569885 -3.5039520263672 -0.0055232457816601 2.5804329197854e-05
0.18652734160423 -0.42957282066345 -2.0370018482208 -0.68132543563843 -3.4791626930237 -0.0061285905539989 4.6520119212801e-05
0.21162948012352 -0.41931438446045 -2.0546362400055 -0.67445588111877 -3.4541206359863 -0.006654541939497 4.2257699533366e-05
0.23732528090477 -0.40939211845398 -2.0715870857239 -0.66820979118347 -3.4282398223877 -0.0074310712516308 -5.1629203881021e-06
0.26361522078514 -0.39992690086365 -2.0876891613007 -0.66253137588501 -3.402312040329 -0.0083511285483837 9.1365836851764e-05
