-2.9054103833914e-07 6.8550399134892e-08 0.91483873128891
-7.7313569590842e-07 -1.697304554682e-07 0.91483873128891
-1.0549088074185e-06 1.4809168646934e-07 0.91483873128891
-1.253963318959e-06 -2.953491957669e-07 0.91483867168427
-1.4001703902977e-06 -2.9727752348663e-07 0.91483896970749
-1.3679803032574e-06 2.212953198466e-08 0.91483908891678
-1.2734642496071e-06 -5.2003031214554e-08 0.91483920812607
-1.3334063169168e-06 -3.2432100738333e-07 0.91483908891678
-1.5316572898882e-06 -3.0250021154643e-07 0.91483896970749
-2.1162757093407e-06 -4.4358543505041e-07 0.9148388504982
-2.0864395082754e-06 -4.5713096596955e-07 0.91483891010284
-2.0780262275366e-06 -6.1413152252499e-07 0.91483902931213
-2.0361189854157e-06 -8.603603305346e-07 0.91483902931213
-2.06266463465e-06 -9.4688914487051e-07 0.91483891010284
-2.0336494799267e-06 -1.2222352552271e-06 0.91483891010284
-1.9948545286752e-06 -1.4256053191275e-06 0.91483902931213
-1.9619455997599e-06 -1.4345241652336e-06 0.91483908891678
-2.3244879230333e-06 -1.3792000572721e-06 0.91483908891678
-2.4969024252641e-06 -9.6690860118542e-07 0.91483891010284
-2.1292491965141e-06 -8.390310881623e-07 0.91483914852142
-2.0502207007667e-06 -8.0147378866968e-07 0.91483914852142
-2.0516590666375e-06 -7.7620182992177e-07 0.91483902931213
-1.9015227508135e-06 -2.4000814846659e-07 0.91483896970749
-1.5014333030194e-06 -3.7989465795363e-07 0.91483914852142
-1.7481947907072e-06 1.0863489308122e-07 0.91483944654465
-2.0445497739274e-06 -2.1488702373063e-07 0.91483950614929
-2.4332318844245e-06 -4.9129237567058e-08 0.91483956575394
-2.3633833734493e-06 2.6592692847771e-07 0.91483938694
-2.0552154182951e-06 1.4475025977845e-07 0.91483944654465
-2.0210302409396e-06 3.1818296974961e-07 0.91483944654465
-2.3322270408244e-06 3.0875651191309e-07 0.91483932733536
-2.8086933525628e-06 1.7903329307956e-07 0.91483944654465
-2.3749109914206e-06 -7.4650031933743e-08 0.91483962535858
-2.920952056229e-06 -2.2876014327267e-07 0.91483968496323
-3.3005528621288e-06 -8.1014107422561e-08 0.91483962535858
-3.3145022371173e-06 -1.0164323072104e-07 0.91483980417252
-3.7453344248206e-06 -3.5817002697058e-08 0.91483986377716
-4.0555310079071e-06 7.6936777304581e-07 0.91483998298645
-3.7046725083201e-06 7.0209745217653e-07 0.91484010219574
-3.8362682062143e-06 2.6355991167293e-07 0.91484028100967
-3.3558064842509e-06 -3.7711970435339e-07 0.91484022140503
-2.8239846869837e-06 -3.4280881777704e-07 0.91484022140503
-2.7460218916531e-06 -5.0078989488611e-07 0.91484040021896
-2.8233523607923e-06 -4.1781888171499e-07 0.91484034061432
-2.7733735805668e-06 -2.4118938313222e-07 0.91484022140503
-2.8325457606115e-06 -3.8397672597057e-07 0.91484034061432
-2.5185834147123e-06 -8.9714006890063e-07 0.91484045982361
-2.5562792416167e-06 -7.6737887866329e-07 0.9148405790329
-2.256119842059e-06 -7.855176704652e-07 0.91484069824219
-2.5010522222146e-06 -7.0431491394629e-07 0.91484069824219
-2.2437332063419e-06 -1.5488521398765e-07 0.91484075784683
-1.9261117358838e-06 -2.3823641015497e-07 0.91484075784683
-2.1461901269504e-06 -3.9873211221675e-07 0.91484063863754
-2.207579655078e-06 -6.3038146436156e-07 0.91484063863754
-2.3504146611231e-06 -9.4263543815032e-07 0.91484075784683
-1.8958859300255e-06 -5.2961894425607e-07 0.9148411154747
-1.9598796825449e-06 -3.5501736306287e-07 0.91484087705612
0.0067848996259272 0.0019304157467559 0.91488933563232
0.017787382006645 0.0050342348404229 0.91495877504349
0.028826780617237 0.0080873975530267 0.91504454612732
0.039907358586788 0.011055695824325 0.91521865129471
0.050015088170767 0.015781408175826 0.91530352830887
0.059639867395163 0.021377742290497 0.91542041301727
0.069197699427605 0.026893926784396 0.91551798582077
0.078856825828552 0.032422464340925 0.91553163528442
0.088523328304291 0.037827774882317 0.91560339927673
0.098124086856842 0.043398749083281 0.91570669412613
0.10781011730433 0.048886675387621 0.915687084198
0.11736908555031 0.054386842995882 0.91565322875977
0.12695026397705 0.059996742755175 0.91586846113205
0.13665024936199 0.065420292317867 0.91583508253098
0.14611092209816 0.071129836142063 0.91576147079468
0.15571270883083 0.076595798134804 0.91571342945099
0.16543024778366 0.082089602947235 0.91577649116516
0.17494890093803 0.087669141590595 0.91578704118729
0.18447363376617 0.093380033969879 0.91578269004822
0.19405707716942 0.098927304148674 0.91572695970535
0.20370529592037 0.104502633214 0.91562896966934
0.2132021188736 0.11012353748083 0.91561031341553
0.22310727834702 0.11525240540504 0.91545867919922
0.23250617086887 0.12099619954824 0.91549003124237
0.24202820658684 0.1266592592001 0.91554111242294
0.25164288282394 0.13217113912106 0.91561329364777
0.26129257678986 0.13768909871578 0.91561031341553
0.27083995938301 0.14324989914894 0.91563767194748
0.28051733970642 0.14867709577084 0.91566246747971
0.29010415077209 0.15428873896599 0.91570156812668
