0.0077249221503735 0.072424426674843 1.2732278108597 0.0030262595973909 -0.00034348768531345 3.0759286880493 6.7751876486e-05
0.017338637262583 0.080935955047607 1.2515437602997 0.002987730782479 -0.00049909786321223 3.0376806259155 3.6276374885347e-05
0.026930224150419 0.08943834900856 1.2298585176468 0.0029603387229145 -0.00057538703549653 2.9995639324188 2.5412778995815e-05
0.036535996943712 0.097938239574432 1.2081530094147 0.0031224365811795 -0.00088619126472622 2.9606108665466 2.6088167942362e-05
0.046138919889927 0.10645580291748 1.1864801645279 0.0032759287860245 -0.0011323185171932 2.922093629837 -2.3223537937156e-06
0.055755235254765 0.11495487391949 1.1647927761078 0.0034256572835147 -0.0015218704938889 2.8832578659058 9.4792056188453e-05
0.065340228378773 0.12346383929253 1.1430926322937 0.0038304254412651 -0.0018037783447653 2.8445892333984 2.1721942175645e-05
0.074938267469406 0.13197234272957 1.1213947534561 0.0045369742438197 -0.0022639539092779 2.8051187992096 5.2594026783481e-05
0.084548503160477 0.14046192169189 1.0997128486633 0.0053800693713129 -0.0029801840428263 2.7657465934753 3.2687301427359e-05
0.094131365418434 0.14896607398987 1.0780183076859 0.006508759688586 -0.0037563794758171 2.7267107963562 1.7228256183444e-05
0.10373076796532 0.15747529268265 1.0563305616379 0.0075560151599348 -0.0043734665960073 2.6872389316559 -2.3454214897356e-05
0.11334563791752 0.16597333550453 1.0346347093582 0.0078223077580333 -0.0045022671110928 2.6479258537292 4.2698276956799e-05
0.12294100224972 0.17448815703392 1.0129415988922 0.0051719034090638 -0.0026677942369133 2.6087074279785 2.6949588573189e-05
0.13254170119762 0.18298009037971 0.99124652147293 -0.0036971792578697 0.0027387498412281 2.5705354213715 3.7314217479434e-05
0.14211815595627 0.19149103760719 0.96956104040146 -0.017215594649315 0.010329316370189 2.5331697463989 4.0909922972787e-05
0.14985862374306 0.19796141982079 0.95021605491638 -0.022462381049991 0.013016609475017 2.4962449073792 -0.0025861787144095
0.1427648961544 0.18851721286774 0.94998931884766 -0.010678514838219 0.006882346700877 2.493626832962 -0.0086472434923053
0.13551491498947 0.17892980575562 0.94999444484711 -0.0051588048227131 0.0037070827092975 2.4924519062042 -0.01485020853579
0.12822705507278 0.16933140158653 0.94999331235886 -0.0018513519316912 0.0013959950301796 2.4920840263367 -0.0210832208395
0.12093564867973 0.15974029898643 0.94998836517334 0.00077557313488796 -0.00048700781189837 2.4914488792419 -0.027100941166282
0.11370451748371 0.15014412999153 0.94998776912689 0.0026821286883205 -0.0020039319060743 2.4924206733704 -0.033573519438505
0.10643543303013 0.1405266225338 0.94998997449875 0.0035909966100007 -0.0029704866465181 2.4922461509705 -0.03998401761055
0.099169448018074 0.13094760477543 0.94998389482498 0.0034726329613477 -0.0029083390254527 2.4921250343323 -0.046457961201668
0.091888561844826 0.12133665382862 0.94998526573181 0.0024475916288793 -0.0020770141854882 2.4919810295105 -0.052755814045668
0.084619671106339 0.1117439866066 0.94998568296432 0.0010067956754938 -0.00088698731269687 2.492205619812 -0.059061605483294
0.077341839671135 0.10214640200138 0.94998687505722 -0.0001420449843863 0.00025039908359759 2.4920768737793 -0.065529465675354
0.07007460296154 0.092548176646233 0.94997853040695 -0.00083388440543786 0.00087309291120619 2.4922575950623 -0.071828879415989
0.062810868024826 0.082942694425583 0.94998186826706 -0.0010966747067869 0.0011984705924988 2.4923973083496 -0.078150659799576
0.055551648139954 0.073352143168449 0.94997775554657 -0.0012070499360561 0.0012676500482485 2.4922866821289 -0.084519512951374
0.054353699088097 0.071741655468941 0.98851275444031 -0.011995532549918 0.011259068734944 2.493225812912 -0.089900888502598
0.054337471723557 0.071750283241272 1.0364921092987 -0.014854158274829 0.014925566501915 2.4924626350403 -0.090032681822777
0.054352223873138 0.071722060441971 1.084491610527 -0.014505682513118 0.014598599635065 2.4923877716064 -0.090131506323814
0.054341211915016 0.071743309497833 1.1325063705444 -0.013770589604974 0.013662966899574 2.4924519062042 -0.090163998305798
0.054340064525604 0.071729421615601 1.1804586648941 -0.012768283486366 0.013103409670293 2.4928197860718 -0.08992376178503
0.054355069994926 0.071707516908646 1.2284520864487 -0.011909073218703 0.012456005439162 2.4928357601166 -0.090174868702888
