0.094769805669785 0.29397723078728 -1.8715004920959 -1.5670740604401 -1.410594701767 0.00069852522574365 6.7751876486e-05
0.152957290411 0.32396170496941 -1.9469270706177 -1.5216698646545 -1.3141729831696 0.0010037010069937 3.6276374885347e-05
0.21527370810509 0.35049483180046 -2.0193679332733 -1.4758503437042 -1.2132661342621 0.0013665740843862 2.5412778995815e-05
0.28174194693565 0.37312456965446 -2.0889735221863 -1.4292204380035 -1.108001947403 0.0019535606261343 2.6088167942362e-05
0.35187610983849 0.39140412211418 -2.1557657718658 -1.3811278343201 -0.99952101707458 0.0026387756224722 -2.3223537937156e-06
0.42565521597862 0.40430304408073 -2.2196710109711 -1.3309574127197 -0.88673639297485 0.0035466735716909 9.4792056188453e-05
0.50216519832611 0.41106888651848 -2.2806825637817 -1.277987241745 -0.77146744728088 0.0050291605293751 2.1721942175645e-05
0.58092248439789 0.41028878092766 -2.3384640216827 -1.2216053009033 -0.65358567237854 0.0072011537849903 5.2594026783481e-05
0.66084325313568 0.40051791071892 -2.3926310539246 -1.1613364219666 -0.53432846069336 0.011013943701982 3.2687301427359e-05
0.74071729183197 0.37994191050529 -2.4427213668823 -1.0970222949982 -0.41515398025513 0.017490822821856 1.7228256183444e-05
0.81940257549286 0.3462128341198 -2.4878058433533 -1.0296590328217 -0.29715871810913 0.029038865119219 -2.3454214897356e-05
0.89566838741302 0.29641291499138 -2.5267708301544 -0.96106910705566 -0.18159294128418 0.049269635230303 4.2698276956799e-05
0.9685720205307 0.22758957743645 -2.558465719223 -0.89304327964783 -0.06925630569458 0.081824257969856 2.6949588573189e-05
1.03717648983 0.14011999964714 -2.5833351612091 -0.82047295570374 0.037783861160278 0.12173743546009 3.7314217479434e-05
1.1009782552719 0.042585819959641 -2.6041796207428 -0.72394704818726 0.14036059379578 0.14393658936024 4.0909922972787e-05
1.1460503339767 -0.039761334657669 -2.6216623783112 -0.59757089614868 0.22217631340027 0.11770291626453 -0.0025861787144095
1.0846265554428 -0.035147696733475 -2.617023229599 -0.5680136680603 0.16279101371765 0.078587010502815 -0.0086472434923053
1.0233272314072 -0.039656907320023 -2.6072413921356 -0.55759882926941 0.10137009620667 0.062822297215462 -0.01485020853579
0.96318328380585 -0.048667937517166 -2.5944008827209 -0.55419206619263 0.041866540908813 0.055670216679573 -0.0210832208395
0.90476739406586 -0.059508353471756 -2.5800034999847 -0.55288863182068 -0.016674757003784 0.050819352269173 -0.027100941166282
0.84820210933685 -0.071407586336136 -2.5646378993988 -0.55037212371826 -0.073158025741577 0.044781640172005 -0.033573519438505
0.79361093044281 -0.083926945924759 -2.5489065647125 -0.54479360580444 -0.12773895263672 0.035971119999886 -0.03998401761055
0.74126851558685 -0.097212582826614 -2.5328781604767 -0.53643298149109 -0.18007135391235 0.02482695877552 -0.046457961201668
0.69105041027069 -0.11153915524483 -2.5160210132599 -0.52766466140747 -0.23027610778809 0.013496831059456 -0.052755814045668
0.64308154582977 -0.12689998745918 -2.4978096485138 -0.52147436141968 -0.27828145027161 0.0045346766710281 -0.059061605483294
0.5973733663559 -0.14307668805122 -2.4778821468353 -0.51958727836609 -0.32388091087341 -0.0010402649641037 -0.065529465675354
0.55384576320648 -0.159742385149 -2.4564089775085 -0.52190613746643 -0.36745834350586 -0.0035038441419601 -0.071828879415989
0.51244533061981 -0.17661026120186 -2.4336929321289 -0.52709150314331 -0.40905427932739 -0.004132553935051 -0.078150659799576
0.47315537929535 -0.19363787770271 -2.4100632667542 -0.53379702568054 -0.44843530654907 -0.0039458721876144 -0.084519512951374
0.46663129329681 -0.085870295763016 -2.3821828365326 -0.63557076454163 -0.45578241348267 -0.035948559641838 -0.089900888502598
0.46671092510223 0.030602425336838 -2.3278546333313 -0.79625153541565 -0.45537042617798 -0.045769974589348 -0.090032681822777
0.4666975736618 0.120699852705 -2.2552492618561 -0.96000695228577 -0.45528936386108 -0.045197769999504 -0.090131506323814
0.46669948101044 0.1865071952343 -2.1694664955139 -1.1142852306366 -0.45534610748291 -0.042523428797722 -0.090163998305798
0.46666038036346 0.23038479685783 -2.0725386142731 -1.2576289176941 -0.45556902885437 -0.040201231837273 -0.08992376178503
0.46666181087494 0.25554892420769 -1.9656550884247 -1.3914132118225 -0.45576977729797 -0.03883008658886 -0.090174868702888
