1.2078183431186e-07 3.0381880122832e-08 0.91483908891678
7.9498327920646e-08 1.2633688584174e-07 0.91483920812607
7.6103719948151e-07 8.0224467069456e-08 0.91483932733536
1.4309364360088e-07 -3.2761067814135e-07 0.91483944654465
4.9943817970188e-08 -4.2083129869752e-07 0.91483950614929
3.5470261394721e-08 -4.8756947990114e-07 0.91483962535858
3.392704570615e-07 -5.222408390182e-07 0.91483974456787
4.4188496417519e-07 -3.8350609088411e-07 0.91483962535858
1.3229563933237e-07 -5.720825129174e-07 0.91483962535858
3.4699985462794e-07 -8.3418655094647e-07 0.91483980417252
9.5843518010952e-07 -1.7113593742124e-07 0.91483992338181
7.2797644179445e-07 5.4633645163449e-08 0.91483986377716
1.2060755807397e-06 3.2855659526376e-08 0.91483992338181
1.4398858638742e-06 -1.5080328097383e-08 0.91483986377716
1.4255800806495e-06 4.3111313630106e-08 0.91483986377716
1.6917108496273e-06 2.2755797246532e-08 0.91483998298645
1.8748702359517e-06 -1.0678956385846e-07 0.91483992338181
1.6860648202055e-06 -8.2465425066403e-07 0.91483998298645
1.8619153934196e-06 -1.132080797106e-06 0.91484010219574
1.8708906281972e-06 -1.1186806432306e-06 0.91484022140503
1.2482094007282e-06 -1.089356032935e-06 0.91484051942825
1.0840442428162e-06 -1.3344732678888e-06 0.91484063863754
1.0429544090584e-06 -1.4384776250154e-06 0.91484093666077
9.8470991360955e-07 -9.9341718851065e-07 0.91484105587006
1.0014366580435e-06 -1.2469835155571e-06 0.91484105587006
4.8883521230891e-07 -9.4965344032971e-07 0.9148411154747
8.0705837035566e-07 -6.7677518700293e-07 0.91484105587006
6.5356789491489e-07 -4.3647986558426e-07 0.9148411154747
6.6034488099831e-07 -7.8140647019609e-07 0.91484123468399
-0.00063066428992897 -0.00071225443389267 0.94698464870453
-0.00062779389554635 -0.00076344574335963 0.99463772773743
-0.00036270561395213 -0.00068538781488314 1.0418522357941
-0.00044914317550138 -0.0006257836939767 1.0890544652939
-0.00051235652063042 -0.00097511225612834 1.1363569498062
-0.00028171529993415 -0.00058489484945312 1.1835986375809
