-0.021976139396429 0.051596015691757 1.2946248054504 0.0011815127218142 0.00015407863247674 -3.0593574047089 7.945276593091e-06
-0.028483588248491 0.048839822411537 1.2846513986588 0.0012043566675857 0.00023924052948132 -3.0110673904419 0.00010053563164547
-0.034934736788273 0.046092659235001 1.2747099399567 0.0011087143793702 0.00035870511783287 -2.9628648757935 4.4686217734125e-05
-0.041427284479141 0.043340086936951 1.2647233009338 0.0010842196643353 0.00046758455573581 -2.9146311283112 9.8967946541961e-05
-0.047903202474117 0.04060123860836 1.2547953128815 0.0010907561518252 0.00040654995245859 -2.8668456077576 8.1131118349731e-05
-0.054383173584938 0.037823259830475 1.2447999715805 0.0012495383853093 0.00057285884395242 -2.8182368278503 2.4893079171306e-05
-0.060874298214912 0.035101890563965 1.2348626852036 0.0010891446145251 0.00056408828822896 -2.7703623771667 -1.9777411580435e-05
-0.067336231470108 0.032350555062294 1.2248940467834 0.0010532138403505 0.00065888033714145 -2.7219154834747 1.3854581084161e-05
-0.073825746774673 0.029610604047775 1.2149455547333 0.0009785695001483 0.00066265527857468 -2.674320936203 3.6496930988505e-05
-0.080282106995583 0.0268664509058 1.2050139904022 0.00082942104199901 0.00076448387699202 -2.6256608963013 0.00010431466944283
-0.086755320429802 0.024116545915604 1.1950343847275 0.00090603856369853 0.00076619879109785 -2.5776042938232 3.0863695428707e-05
-0.093244060873985 0.02134232968092 1.1850544214249 0.00098029559012502 0.00082858128007501 -2.5303959846497 8.5205647337716e-05
-0.099726215004921 0.018611997365952 1.1750802993774 0.00094739143969491 0.000696899543982 -2.4813134670258 8.8068249169737e-05
-0.1062116920948 0.015863046050072 1.1651508808136 0.00084022182272747 0.00068625377025455 -2.4331390857697 6.4344647398684e-05
-0.11265251040459 0.013145051896572 1.1551978588104 0.00070595997385681 0.00081003049854189 -2.3853468894958 5.5171130952658e-05
-0.11914460361004 0.01037822291255 1.1452248096466 0.0006203152006492 0.00068204192211851 -2.3370032310486 4.6127279347274e-06
-0.12560941278934 0.0076345056295395 1.1352813243866 0.00048687474918552 0.00072265934431925 -2.289323091507 -2.9742801416432e-05
-0.1320908665657 0.0048841759562492 1.1252467632294 0.00049669900909066 0.00034802383743227 -2.2401633262634 -2.1803918571095e-05
-0.13855847716331 0.002138651907444 1.1153450012207 0.00020573571964633 0.00033294665627182 -2.1930389404297 9.4143011665437e-05
-0.14505763351917 -0.00063828751444817 1.1053397655487 0.00011741332127713 0.00029765773797408 -2.1451723575592 7.4844019763987e-06
-0.15152543783188 -0.0033745542168617 1.0953966379166 0.00014255974383559 2.332010990358e-05 -2.0968632698059 0.00010853378626052
-0.15800258517265 -0.0061122141778469 1.0854187011719 0.00010782736353576 0.00013454334111884 -2.0489020347595 6.615265738219e-05
-0.16446898877621 -0.0088413618505001 1.0755113363266 0.00021116956486367 0.00059895688900724 -2.0014052391052 -2.6924988560495e-05
-0.17095109820366 -0.011592075228691 1.06551861763 0.00061599316541106 0.0011711339466274 -1.9526808261871 2.8960534109501e-05
-0.17741909623146 -0.014332386665046 1.055539727211 0.00098996155429631 0.0020216112025082 -1.9046097993851 -2.8747967917298e-06
-0.18388970196247 -0.017044262960553 1.045621752739 0.0011328528635204 0.002783085918054 -1.8556363582611 -2.010669959418e-05
-0.19038860499859 -0.01982194557786 1.0356163978577 0.0012806081213057 0.0031436388380826 -1.8092020750046 0.00010404565546196
-0.19685052335262 -0.022597456350923 1.0255912542343 0.0010909407865256 0.0029857319314033 -1.7607963085175 7.0681362558389e-06
-0.20332697033882 -0.025325397029519 1.0156862735748 0.00072732754051685 0.0027311004232615 -1.7129051685333 8.4885519754607e-05
-0.20979827642441 -0.028071545064449 1.0057190656662 0.00074107234831899 0.0025046628434211 -1.6649563312531 9.9896409665234e-05
-0.21626530587673 -0.030802946537733 0.9957914352417 0.00052435300312936 0.0024788333103061 -1.6168586015701 0.00011577152326936
-0.22276549041271 -0.033541239798069 0.98580485582352 0.00055961235193536 0.002293354133144 -1.5679768323898 1.182764844998e-05
-0.22921374440193 -0.036307740956545 0.97582960128784 0.00053447461687028 0.0024219518527389 -1.5210378170013 1.1279500540695e-05
-0.23568859696388 -0.039051868021488 0.96588635444641 0.00013577766367234 0.0023490090388805 -1.4725749492645 2.0749046598212e-05
-0.24216720461845 -0.041792143136263 0.95592713356018 1.4695608115289e-05 0.0022377287968993 -1.4249056577682 6.7957435021526e-06
-0.24238134920597 -0.042823396623135 0.94987964630127 0.00081255898112431 -0.0014306700322777 -1.3944083452225 7.423288479913e-05
-0.2327888906002 -0.041106022894382 0.94986033439636 0.00033722328953445 -0.0024704444222152 -1.3947219848633 8.727428939892e-05
-0.22317999601364 -0.039444245398045 0.94983357191086 0.00035825159284286 -0.0025433350820094 -1.3953402042389 1.4858209397062e-05
-0.21357896924019 -0.037771120667458 0.94978910684586 0.00036936934338883 -0.002452831948176 -1.3954726457596 8.2350670709275e-05
-0.20398536324501 -0.036049298942089 0.94979918003082 0.00016479098121636 -0.0023175224196166 -1.3949210643768 1.6983359500955e-06
-0.19437521696091 -0.034347284585238 0.94983500242233 0.00019617918587755 -0.0022610176820308 -1.3950870037079 8.4881125076208e-05
-0.18478626012802 -0.032652478665113 0.94991290569305 0.00023321929620579 -0.0021189015824348 -1.3951981067657 -1.6914682419156e-06
-0.17518793046474 -0.030973132699728 0.94986343383789 0.00030928212800063 -0.0022107057739049 -1.3953256607056 -1.3783310350846e-05
-0.16559180617332 -0.029233258217573 0.94982933998108 0.0001639300462557 -0.0021834578365088 -1.3949447870255 8.5751911683474e-05
-0.15600007772446 -0.027573462575674 0.94983267784119 0.00023722166952211 -0.0021093678660691 -1.3949627876282 1.8387163436273e-05
-0.1463965177536 -0.025863956660032 0.94978851079941 0.0002395030023763 -0.002218178473413 -1.395296216011 2.4127753022185e-06
-0.13679948449135 -0.024148967117071 0.94989228248596 0.00025533977895975 -0.0020071126054972 -1.3952522277832 7.03036566847e-05
-0.12717841565609 -0.022464621812105 0.94986611604691 0.00023887027055025 -0.0019568426068872 -1.3956271409988 -9.6127305369009e-06
-0.11759224534035 -0.020763218402863 0.94984793663025 0.0003459656436462 -0.0021802901756018 -1.3952723741531 0.00014032371109352
-0.10800603032112 -0.019059300422668 0.94985604286194 0.00035107944859192 -0.0019052217248827 -1.3948891162872 -9.5896371021809e-07
-0.098390474915504 -0.01737155765295 0.9499260187149 0.00027903736918233 -0.0019919988699257 -1.3957673311234 3.5889675018552e-06
-0.088788479566574 -0.015681859105825 0.94990080595016 0.00031811353983358 -0.001865518395789 -1.3956048488617 4.3815813114634e-05
-0.079205602407455 -0.01401671487838 0.94994992017746 0.00025076113524847 -0.001874744775705 -1.3958698511124 6.9560875999741e-05
-0.069620072841644 -0.012298159301281 0.94992339611053 0.00018452199583407 -0.0019145000260323 -1.3954949378967 -5.3918415687804e-06
-0.060023870319128 -0.010599519126117 0.94993859529495 3.0571074603358e-05 -0.0020177797414362 -1.395862698555 -1.9564611648093e-05
-0.050424344837666 -0.0089022051542997 0.94998770952225 9.788934403332e-05 -0.0019126341212541 -1.3956924676895 0.00011642490426311
-0.040848176926374 -0.0071975514292717 0.94994503259659 0.00017239669978153 -0.0017851861193776 -1.3950896263123 5.01910726598e-05
-0.03122192248702 -0.0054993061348796 0.94996637105942 0.00023608886112925 -0.0019406815990806 -1.3957085609436 3.1860519811744e-05
-0.021628100425005 -0.0038036983460188 0.94993299245834 0.00032496641506441 -0.0020200237631798 -1.395374417305 1.704623173282e-05
-0.012018594890833 -0.0021047806367278 0.94994568824768 0.00022785336477682 -0.002007651142776 -1.3955553770065 1.6167294234037e-05
-0.0024291723966599 -0.00042779557406902 0.9499437212944 0.00015757001528982 -0.0019876891747117 -1.3951823711395 0.00012354804493953
0.0071604363620281 0.0013026418164372 0.94991850852966 0.00037717411760241 -0.0019383796025068 -1.39497423172 -2.2400827219826e-05
0.016773045063019 0.002979526296258 0.94993644952774 0.00019779859576374 -0.0020444237161428 -1.3952486515045 1.0882466995099e-05
0.026372663676739 0.0046732951886952 0.94994932413101 0.00032621374703012 -0.0017928708111867 -1.3951318264008 2.6996074666386e-05
0.035966966301203 0.006347419694066 0.95003288984299 -0.00021806756558362 -0.0021913619711995 -1.3952491283417 7.5825584644917e-05
0.045566368848085 0.0080726658925414 0.94995850324631 0.0004915411118418 -0.0016384242335334 -1.3950542211533 7.5119969551452e-06
0.05514695122838 0.0097374664619565 0.94997280836105 0.00028184452094138 -0.0020136530511081 -1.3955181837082 -1.0908288459177e-05
0.064763091504574 0.011484652757645 0.94995933771133 0.00031073129503056 -0.0021120510064065 -1.394874215126 3.0397393857129e-05
0.0743562951684 0.013146258890629 0.94996708631516 8.7908592831809e-05 -0.0020290915854275 -1.395485162735 1.712457924441e-05
0.083966284990311 0.014842570759356 0.94996273517609 0.00027503032470122 -0.0020419233478606 -1.3952268362045 2.711865818128e-05
0.093548320233822 0.016561485826969 0.94997441768646 0.00026384016382508 -0.0021244792733341 -1.3950282335281 6.1337894294411e-05
0.10316552221775 0.01823334954679 0.9499626159668 0.00031677584047429 -0.0021832252386957 -1.3953785896301 6.3547449826729e-05
0.11276710033417 0.019916171208024 0.9499636888504 0.00035777885932475 -0.0019926812965423 -1.3954690694809 -4.3728246055252e-06
0.12236540019512 0.021649166941643 0.94995212554932 0.00032066341373138 -0.0020920608658344 -1.3951070308685 8.7081120000221e-05
0.13197615742683 0.023322455585003 0.94996690750122 0.00044271047227085 -0.0019775559194386 -1.3955290317535 3.3703869121382e-05
0.14155392348766 0.025031141936779 0.94994312524796 0.00049158395268023 -0.0017826843541116 -1.3955258131027 2.0097097149119e-05
0.15113937854767 0.026737466454506 0.94996547698975 0.00052884942851961 -0.0016280801501125 -1.3937087059021 2.430568656564e-06
0.16077771782875 0.028429353609681 0.94994115829468 0.00066455395426601 -0.0013541559455916 -1.3949941396713 6.0675836721202e-05
0.17035464942455 0.030114451423287 0.94996505975723 0.00041777957812883 -0.0010540811344981 -1.3944685459137 1.8272630768479e-05
0.17996735870838 0.03181080520153 0.94993335008621 0.00048101574066095 -0.00081415066961199 -1.3948163986206 0.0001088013741537
0.18956610560417 0.03352277725935 0.94995009899139 0.00033300276845694 -9.3399823526852e-05 -1.3945029973984 2.4551085516578e-05
0.19916653633118 0.035217080265284 0.94995218515396 0.00011592236114666 0.00069205218460411 -1.3946746587753 4.1868097468978e-05
0.20877376198769 0.036907903850079 0.94995087385178 5.0180755351903e-05 0.0013962362427264 -1.3946446180344 9.1364330728538e-05
0.21835985779762 0.038618568331003 0.94993829727173 -0.00019586016424 0.0021629447583109 -1.3950961828232 0.00011532485223142
0.22795239090919 0.040317054837942 0.94992363452911 -0.00040042694308795 0.0030651434790343 -1.3947887420654 7.7717682870571e-05
0.23755466938019 0.041987985372543 0.94993329048157 -0.00055142753990367 0.0037435642443597 -1.3952587842941 2.0081430193386e-05
