-0.073431402444839 0.1993303000927 -1.7479484081268 -1.5940849781036 -1.7268433570862 -0.00016431159747299 7.945276593091e-06
-0.11215725541115 0.1784882247448 -1.756728887558 -1.564514875412 -1.81360912323 -0.00026254006661475 0.00010053563164547
-0.14889732003212 0.15569064021111 -1.7634434700012 -1.5349717140198 -1.8981432914734 -0.00038151093758643 4.4686217734125e-05
-0.1838621199131 0.13095185160637 -1.7680056095123 -1.5057611465454 -1.9813983440399 -0.00055841752327979 9.8967946541961e-05
-0.21676316857338 0.10460564494133 -1.7704620361328 -1.4769787788391 -2.0624582767487 -0.00072221108712256 8.1131118349731e-05
-0.24774399399757 0.076519459486008 -1.7707605361938 -1.4487631320953 -2.1417992115021 -0.00081114121712744 2.4893079171306e-05
-0.27667036652565 0.04726168513298 -1.7690622806549 -1.4211556911469 -2.2188611030579 -0.0009570533875376 -1.9777411580435e-05
-0.30366411805153 0.016660183668137 -1.7652909755707 -1.3944702148438 -2.2939491271973 -0.0010662490967661 1.3854581084161e-05
-0.32884159684181 -0.015001565217972 -1.7595040798187 -1.3686442375183 -2.3673951625824 -0.0012116844300181 3.6496930988505e-05
-0.35210791230202 -0.047609835863113 -1.751720905304 -1.3439617156982 -2.4386341571808 -0.0014038498047739 0.00010431466944283
-0.37369313836098 -0.081079035997391 -1.742018699646 -1.3203535079956 -2.508501291275 -0.0015945846680552 3.0863695428707e-05
-0.39357772469521 -0.11521580815315 -1.7304861545563 -1.2979941368103 -2.5760490894318 -0.0018387252930552 8.5205647337716e-05
-0.41196456551552 -0.15008690953255 -1.7169275283813 -1.2768898010254 -2.6430017948151 -0.0020208770874888 8.8068249169737e-05
-0.42885819077492 -0.1852665245533 -1.7016282081604 -1.2571184635162 -2.7081768512726 -0.0022285396698862 6.4344647398684e-05
-0.44424000382423 -0.22069910168648 -1.684846162796 -1.2387149333954 -2.7713277339935 -0.0025341922882944 5.5171130952658e-05
-0.45836606621742 -0.25660589337349 -1.666214466095 -1.2215938568115 -2.8334496021271 -0.0027456695679575 4.6127279347274e-06
-0.47122493386269 -0.29264286160469 -1.6460022926331 -1.2058048248291 -2.8945281505585 -0.0028343612793833 -2.9742801416432e-05
-0.48294988274574 -0.32903364300728 -1.6242096424103 -1.1913287639618 -2.9546175003052 -0.0027988369110972 -2.1803918571095e-05
-0.49353232979774 -0.36500528454781 -1.6012070178986 -1.1778454780579 -3.0129334926605 -0.002469819271937 9.4143011665437e-05
-0.5031121969223 -0.4012363255024 -1.5768089294434 -1.1652147769928 -3.0705513954163 -0.0016532356385142 7.4844019763987e-06
-0.51172125339508 -0.43727591633797 -1.5511868000031 -1.1532771587372 -3.1271748542786 -5.249329842627e-05 0.00010853378626052
-0.51943075656891 -0.47311642765999 -1.5244915485382 -1.1416645050049 -3.1830968856812 0.0023805683013052 6.615265738219e-05
-0.52630650997162 -0.50846838951111 -1.4968817234039 -1.1307728290558 -3.2375407218933 0.0054895468056202 -2.6924988560495e-05
-0.53239285945892 -0.54407262802124 -1.4677729606628 -1.121068239212 -3.2918999195099 0.0086719579994678 2.8960534109501e-05
-0.53774154186249 -0.57964396476746 -1.4372947216034 -1.1137993335724 -3.3452208042145 0.010845381766558 -2.8747967917298e-06
-0.54238212108612 -0.61547446250916 -1.4049973487854 -1.1096017360687 -3.3981523513794 0.011443335562944 -2.010669959418e-05
-0.54647052288055 -0.65173125267029 -1.3712048530579 -1.1082472801208 -3.4498820304871 0.010401923209429 0.00010404565546196
-0.54989016056061 -0.68821001052856 -1.3359282016754 -1.1089046001434 -3.5013077259064 0.0085990019142628 7.0681362558389e-06
-0.55280196666718 -0.7243640422821 -1.2995049953461 -1.1106626987457 -3.5523467063904 0.0069095678627491 8.4885519754607e-05
-0.5552009344101 -0.76060938835144 -1.2620677947998 -1.1131637096405 -3.6026039123535 0.0056240148842335 9.9896409665234e-05
-0.55708801746368 -0.796799659729 -1.2235214710236 -1.1163167953491 -3.6526851654053 0.0047437734901905 0.00011577152326936
-0.55855333805084 -0.83307933807373 -1.183709859848 -1.1205451488495 -3.7023377418518 0.0040990896522999 1.182764844998e-05
-0.55964291095734 -0.86928057670593 -1.1431491374969 -1.1253428459167 -3.7511944770813 0.0037204809486866 1.1279500540695e-05
-0.56030642986298 -0.90559458732605 -1.1010420322418 -1.1314146518707 -3.8000831604004 0.0032689161598682 2.0749046598212e-05
-0.56069028377533 -0.94204354286194 -1.0577540397644 -1.1384317874908 -3.8481695652008 0.0030119009315968 6.7957435021526e-06
-0.55661928653717 -0.95915484428406 -1.042439699173 -1.1423642635345 -3.8743114471436 -0.0011218003928661 7.423288479913e-05
-0.54627859592438 -0.94090104103088 -1.0787477493286 -1.1258249282837 -3.8636116981506 -0.0030413083732128 8.727428939892e-05
-0.53564608097076 -0.9231116771698 -1.1140465736389 -1.1084146499634 -3.8528566360474 -0.0031085424125195 1.4858209397062e-05
-0.52483689785004 -0.90575504302979 -1.1482479572296 -1.0915420055389 -3.8419079780579 -0.0030379705131054 8.2350670709275e-05
-0.51375210285187 -0.88895392417908 -1.1812107563019 -1.0752954483032 -3.8310811519623 -0.0030634813010693 1.6983359500955e-06
-0.50246751308441 -0.87246799468994 -1.213175535202 -1.0596981048584 -3.8197734355927 -0.0031078271567822 8.4881125076208e-05
-0.4909542798996 -0.85650682449341 -1.2441058158875 -1.0445683002472 -3.8085327148438 -0.0029817037284374 -1.6914682419156e-06
-0.47924029827118 -0.84112071990967 -1.2742300033569 -1.0300028324127 -3.7962255477905 -0.0030479840934277 -1.3783310350846e-05
-0.46722853183746 -0.8261194229126 -1.3033916950226 -1.0157639980316 -3.7846488952637 -0.0030420236289501 8.5751911683474e-05
-0.45499956607819 -0.81159591674805 -1.3316693305969 -1.0020456314087 -3.7725503444672 -0.0030556134879589 1.8387163436273e-05
-0.44254410266876 -0.79727435112 -1.3593327999115 -0.98882341384888 -3.7597093582153 -0.0031605176627636 2.4127753022185e-06
-0.42981326580048 -0.78321099281311 -1.3861818313599 -0.9759087562561 -3.7471280097961 -0.0032227449119091 7.03036566847e-05
-0.41682517528534 -0.76963877677917 -1.4124186038971 -0.96335077285767 -3.7338228225708 -0.0032489709556103 -9.6127305369009e-06
-0.40359508991241 -0.75642132759094 -1.4378156661987 -0.95136094093323 -3.7204418182373 -0.0033266954123974 0.00014032371109352
-0.39007675647736 -0.74348711967468 -1.4626019001007 -0.9395170211792 -3.7070074081421 -0.0033235959708691 -9.5896371021809e-07
-0.37629902362823 -0.73061966896057 -1.4867873191833 -0.92804431915283 -3.6932470798492 -0.003400843590498 3.5889675018552e-06
-0.36222159862518 -0.71841216087341 -1.5102360248566 -0.91704416275024 -3.6791641712189 -0.0035455636680126 4.3815813114634e-05
-0.34788978099823 -0.70619773864746 -1.5332489013672 -0.90610909461975 -3.6646449565887 -0.0035319738090038 6.9560875999741e-05
-0.33324134349823 -0.69452619552612 -1.5554585456848 -0.89569044113159 -3.6502547264099 -0.0036902837455273 -5.3918415687804e-06
-0.31836879253387 -0.68293786048889 -1.5772652626038 -0.8855607509613 -3.6352257728577 -0.0038927011191845 -1.9564611648093e-05
-0.30318772792816 -0.67162394523621 -1.5984573364258 -0.87569904327393 -3.6199700832367 -0.0039532594382763 0.00011642490426311
-0.2876809835434 -0.66084361076355 -1.618842124939 -0.86630272865295 -3.6050782203674 -0.0040350370109081 5.01910726598e-05
-0.27188622951508 -0.65005874633789 -1.6389968395233 -0.85714626312256 -3.5890293121338 -0.0043254308402538 3.1860519811744e-05
-0.25584638118744 -0.63967442512512 -1.6585168838501 -0.84841251373291 -3.5725767612457 -0.0045776776969433 1.704623173282e-05
-0.23944699764252 -0.62958264350891 -1.677346944809 -0.83983325958252 -3.5564756393433 -0.0048139505088329 1.6167294234037e-05
-0.22279131412506 -0.61967897415161 -1.6957249641418 -0.83149337768555 -3.5399014949799 -0.0049369744956493 0.00012354804493953
-0.20584261417389 -0.61015963554382 -1.7134876251221 -0.82365465164185 -3.5232424736023 -0.0053062848746777 -2.2400827219826e-05
-0.1886066198349 -0.60065054893494 -1.7309820652008 -0.8159544467926 -3.5054097175598 -0.0057311467826366 1.0882466995099e-05
-0.17104494571686 -0.59154868125916 -1.7476687431335 -0.8086371421814 -3.488184928894 -0.0059059076011181 2.6996074666386e-05
-0.15318167209625 -0.58261203765869 -1.764003276825 -0.80091643333435 -3.4706904888153 -0.0058322362601757 7.5825584644917e-05
-0.13508665561676 -0.57411217689514 -1.7796921730042 -0.79431247711182 -3.4525408744812 -0.0062244348227978 7.5119969551452e-06
-0.11672055721283 -0.56585025787354 -1.7948014736176 -0.78807497024536 -3.4339416027069 -0.0068445615470409 -1.0908288459177e-05
-0.097954154014587 -0.55789828300476 -1.809383392334 -0.78215742111206 -3.4152941703796 -0.0076101236045361 3.0397393857129e-05
-0.079020142555237 -0.55011200904846 -1.8234753608704 -0.77662682533264 -3.3959016799927 -0.0084259919822216 1.712457924441e-05
-0.059787392616272 -0.54278564453125 -1.8368184566498 -0.77142405509949 -3.3769891262054 -0.0092771463096142 2.711865818128e-05
-0.040311932563782 -0.53567552566528 -1.8496420383453 -0.76671361923218 -3.3577613830566 -0.010189335793257 6.1337894294411e-05
-0.020551085472107 -0.52888059616089 -1.8619554042816 -0.76227235794067 -3.3376603126526 -0.011219304054976 6.3547449826729e-05
-0.00053298473358154 -0.52235627174377 -1.8736217021942 -0.75831627845764 -3.3177647590637 -0.012578766793013 -4.3728246055252e-06
0.019744038581848 -0.51621770858765 -1.8847198486328 -0.75492668151855 -3.2974741458893 -0.014071028679609 8.7081120000221e-05
0.040178894996643 -0.51039552688599 -1.8950982093811 -0.75198602676392 -3.277107000351 -0.015671532601118 3.3703869121382e-05
0.060868382453918 -0.50485229492188 -1.9050340652466 -0.74952483177185 -3.2561964988708 -0.01749400421977 2.0097097149119e-05
0.081766247749329 -0.49987030029297 -1.9137470722198 -0.7479043006897 -3.2367105484009 -0.019645731896162 2.430568656564e-06
0.10285437107086 -0.49497103691101 -1.9224696159363 -0.7469584941864 -3.2147479057312 -0.022375863045454 6.0675836721202e-05
0.12405550479889 -0.49045848846436 -1.9302065372467 -0.74629235267639 -3.1938707828522 -0.025099795311689 1.8272630768479e-05
0.14545834064484 -0.48631715774536 -1.9375231266022 -0.74596524238586 -3.1723725795746 -0.027844708412886 0.0001088013741537
0.16700756549835 -0.48237347602844 -1.9442005157471 -0.74581503868103 -3.150919675827 -0.030516665428877 2.4551085516578e-05
0.18864500522614 -0.47861886024475 -1.9503998756409 -0.74575781822205 -3.1291561126709 -0.032960217446089 4.1868097468978e-05
0.21040499210358 -0.47523880004883 -1.9560494422913 -0.74559020996094 -3.1074995994568 -0.034992020577192 9.1364330728538e-05
0.23226034641266 -0.47189617156982 -1.961564540863 -0.74468159675598 -3.0849776268005 -0.036348860710859 0.00011532485223142
0.25416052341461 -0.46886157989502 -1.9665386676788 -0.74299645423889 -3.0629861354828 -0.036557000130415 7.7717682870571e-05
0.27610552310944 -0.46599125862122 -1.9712128639221 -0.74012112617493 -3.0410482883453 -0.035407345741987 2.0081430193386e-05
