-1.5523397678407e-08 -4.4329148352062e-08 0.91483879089355
-7.9958489607179e-08 4.1152870267069e-07 0.91483861207962
1.71308798258e-07 3.6781131029784e-07 0.91483855247498
-1.4609108234254e-07 2.3752330946536e-07 0.91483867168427
-4.9681995051287e-07 7.7785745133951e-07 0.91483861207962
-2.9908582632743e-07 1.0512667358853e-06 0.91483867168427
-2.713294975365e-07 1.1070724212914e-06 0.91483873128891
-7.1817524371909e-08 1.4700884776175e-06 0.9148388504982
5.0796877815174e-10 8.6348603645092e-07 0.91483896970749
3.1831677915761e-07 1.0131681165149e-06 0.91483896970749
2.0060625161022e-07 1.2619328799701e-06 0.91483932733536
-2.7682517611538e-07 1.6575625068072e-06 0.91483920812607
-2.6260956076385e-08 1.8375997115072e-06 0.91483926773071
-5.1526342303987e-07 2.0135137219768e-06 0.91483914852142
-8.8116280494432e-07 1.9681660887727e-06 0.91483920812607
-1.2036663292747e-06 1.9198801055609e-06 0.91483926773071
-1.3059512866676e-06 1.8975202920046e-06 0.91483938694
-1.2214649132147e-06 1.7630123920753e-06 0.91483944654465
-7.4489088319751e-07 1.5135886997086e-06 0.91483950614929
-3.373054369149e-07 1.402478574164e-06 0.91483962535858
-3.3436739954595e-07 1.0860600241358e-06 0.91483956575394
-3.459105357706e-07 1.1555822538867e-06 0.91483956575394
-5.0758194447553e-07 1.2033034408887e-06 0.91483956575394
-7.3488564567015e-07 1.2586308457685e-06 0.91483980417252
-9.5872769634298e-07 1.3142171155778e-06 0.91483980417252
-6.4934801002892e-07 1.0955645848298e-06 0.91483998298645
-6.5390958070566e-07 1.2709951988654e-06 0.91483992338181
-9.0893604465236e-07 1.6711193211449e-06 0.91484010219574
-1.0857841061807e-06 1.1202934047105e-06 0.91484004259109
-7.1171069748743e-07 9.3034964265826e-07 0.91484016180038
-7.9190778023985e-07 6.6353436523059e-07 0.91483992338181
-8.2762994679797e-07 4.5436226514539e-07 0.91484022140503
-5.0976711918338e-07 3.9339533941529e-07 0.91484016180038
-1.4322144181733e-07 -6.0074057728343e-08 0.91484022140503
-3.8724729733985e-07 1.5660569374631e-07 0.91484028100967
-6.8927778329453e-07 2.7765000254476e-07 0.91484051942825
-7.8237542311399e-07 2.9966994929964e-07 0.91484069824219
-1.023671643452e-06 3.1766026609148e-07 0.91484069824219
-1.3725913277085e-06 9.1422780457151e-09 0.91484087705612
-1.5199971130642e-06 8.0000411628589e-08 0.9148411154747
-1.4001087720317e-06 2.285034668148e-07 0.91484129428864
-9.2645797167279e-07 5.138455207998e-07 0.91484135389328
-9.4889981028246e-07 4.134877258366e-07 0.91484153270721
-2.7486271392263e-07 1.0370150675953e-06 0.91484147310257
-3.1642979791968e-08 9.5141297151713e-07 0.91484141349792
-9.5038672043302e-08 8.4476954498314e-07 0.91484135389328
-1.7804968877044e-07 1.2190408824608e-06 0.91484159231186
-3.5704627521227e-07 1.2716923265543e-06 0.91484159231186
-4.8669471652829e-07 1.5337762988565e-06 0.9148416519165
-9.0508239791731e-10 1.9353767584107e-06 0.91484177112579
4.4792096787205e-07 1.518122530797e-06 0.91484212875366
4.8816150410858e-07 1.5384554217235e-06 0.9148423075676
0.0088617783039808 0.00062848074594513 0.91485953330994
0.018618801608682 0.0013113947352394 0.91488343477249
0.028402827680111 0.002086854306981 0.91495096683502
0.038128271698952 0.0028998695779592 0.91505825519562
0.047897260636091 0.0036288572009653 0.91525202989578
0.057717327028513 0.0043133483268321 0.91529446840286
0.067486204206944 0.0050601996481419 0.91525328159332
0.077241636812687 0.0058280806988478 0.91519224643707
0.087006598711014 0.0065758875571191 0.91517078876495
0.096795789897442 0.0072838705964386 0.91511452198029
0.10657203197479 0.0080992467701435 0.91510450839996
0.11646366864443 0.0090550631284714 0.91495102643967
0.12600675225258 0.010286019183695 0.91538596153259
0.13566379249096 0.011981780640781 0.91562920808792
0.14537468552589 0.013333590701222 0.91581493616104
0.15545430779457 0.014477805234492 0.91596710681915
0.16548496484756 0.015606727451086 0.91607815027237
0.17558133602142 0.016728872433305 0.91614788770676
0.18574145436287 0.017845651134849 0.91626578569412
0.19584277272224 0.01877722889185 0.91624546051025
0.20607127249241 0.019829301163554 0.91627186536789
0.21613284945488 0.020866507664323 0.91628640890121
0.22624495625496 0.021831553429365 0.91625338792801
0.23643000423908 0.022837007418275 0.91621488332748
0.24657993018627 0.023791469633579 0.91621142625809
0.25685754418373 0.024674018844962 0.91613799333572
0.26693487167358 0.025492575019598 0.91611981391907
0.27709951996803 0.026387695223093 0.9160618185997
0.28729286789894 0.027226019650698 0.91598677635193
0.29734247922897 0.028008442372084 0.91598236560822
0.30747711658478 0.028867654502392 0.9159209728241
0.31750836968422 0.029782315716147 0.91583979129791
0.32759341597557 0.03059621155262 0.91586601734161
0.33755806088448 0.031443130224943 0.91584229469299
