-0.026278592646122 0.058771252632141 1.2868210077286 0.0018268912099302 0.00029630842618644 -3.0596740245819 -1.5227867152134e-05
-0.035101003944874 0.059912517666817 1.2726027965546 0.0018686878029257 0.00050086807459593 -3.0115914344788 6.7502497813621e-07
-0.043892003595829 0.061008080840111 1.2583793401718 0.0019014294957742 0.00051738048205152 -2.963228225708 2.570278775238e-05
-0.05267982929945 0.062141612172127 1.2441769838333 0.001855377224274 0.00066001940285787 -2.9153645038605 1.1536433703441e-05
-0.061513960361481 0.063277587294579 1.2299720048904 0.0018905261531472 0.00066805479582399 -2.8669357299805 2.0699219021481e-05
-0.070308312773705 0.064384832978249 1.2157435417175 0.0019767486955971 0.00092292740009725 -2.8187139034271 -2.1207697500358e-05
-0.079103276133537 0.065528571605682 1.2015689611435 0.0017987577011809 0.001153205987066 -2.7704930305481 -3.1599050998921e-05
-0.087914332747459 0.06662543118 1.1872967481613 0.0019422279438004 0.0012895186664537 -2.7223882675171 -4.6349850890692e-05
-0.096713557839394 0.06778746843338 1.1731075048447 0.001909981132485 0.0014835245674476 -2.6739451885223 2.1979330995237e-05
-0.10553507506847 0.068874336779118 1.1588858366013 0.002089552115649 0.001594785717316 -2.6265106201172 4.166339567746e-05
-0.11430093646049 0.07000307738781 1.1446585655212 0.002174572320655 0.0017949836328626 -2.5780146121979 1.841208904807e-05
-0.12311781942844 0.071129903197289 1.1304557323456 0.002261923160404 0.0018295637564734 -2.5296092033386 5.2215302275727e-05
-0.13192629814148 0.07224353402853 1.1162295341492 0.0022313497029245 0.0020362744107842 -2.4815573692322 4.0031907701632e-05
-0.14071749150753 0.073369964957237 1.1020230054855 0.0021593905985355 0.002292332937941 -2.4333384037018 6.8996727350168e-05
-0.14953485131264 0.074490055441856 1.0878009796143 0.0021538897417486 0.0021843779832125 -2.3853988647461 2.675761379578e-06
-0.15831853449345 0.075620137155056 1.0735926628113 0.0018637670436874 0.0020329712424427 -2.3371739387512 6.8665718799821e-07
-0.1671306937933 0.076756432652473 1.0593688488007 0.0013678590767086 0.0016243900172412 -2.2887780666351 8.0625497503206e-05
-0.17591296136379 0.077885769307613 1.0451610088348 0.00070213986327872 0.00065101345535368 -2.2404234409332 9.2831569418195e-06
-0.1847281306982 0.078992396593094 1.0309436321259 -0.00043833872769028 -0.00075378728797659 -2.1928372383118 8.4214778325986e-05
-0.19353164732456 0.08012393116951 1.0167323350906 -0.0016640288522467 -0.0024386839941144 -2.1444518566132 8.6961053966661e-06
-0.20233315229416 0.081248499453068 1.0024943351746 -0.0025707774329931 -0.0036811353638768 -2.0962929725647 -2.2822387109045e-05
-0.21112853288651 0.082357548177242 0.98830670118332 -0.002570238430053 -0.0038897218182683 -2.0491814613342 -1.4863669093756e-05
-0.21993799507618 0.083490312099457 0.97405391931534 -0.0017119870753959 -0.0028384658508003 -2.0001451969147 4.1312778193969e-05
-0.22872404754162 0.084617003798485 0.95981985330582 -0.00064899766584858 -0.0012069140793756 -1.9528088569641 0.00010012350685429
-0.23200683295727 0.084320858120918 0.94987744092941 7.9893383372109e-05 -0.001159003120847 -1.9187240600586 -0.004302435554564
-0.22244518995285 0.080868989229202 0.94988536834717 -0.00063288555247709 -0.001839839736931 -1.9185039997101 -0.010228290222585
-0.21282970905304 0.077366545796394 0.94990962743759 -0.000781194656156 -0.0019896952435374 -1.9190685749054 -0.016342902556062
-0.20323066413403 0.073880270123482 0.9498997926712 -0.00080228666774929 -0.002135991351679 -1.9185039997101 -0.022546650841832
-0.19364652037621 0.070421472191811 0.94992804527283 -0.00072262622416019 -0.0021138426382095 -1.9176903963089 -0.028967333957553
-0.18403515219688 0.066914387047291 0.94993704557419 -0.00085030822083354 -0.0023114758078009 -1.9191383123398 -0.035138215869665
-0.17445230484009 0.063411571085453 0.9499140381813 -0.00074248557211831 -0.0023157203104347 -1.9187269210815 -0.041551757603884
-0.16483557224274 0.059938509017229 0.94994986057281 -0.00083797221304849 -0.0022044230718166 -1.9185246229172 -0.048127353191376
-0.15523721277714 0.056446217000484 0.94992578029633 -0.00088652939302847 -0.0023234060499817 -1.9188309907913 -0.054476227611303
-0.14563807845116 0.052951704710722 0.94993752241135 -0.00081733497790992 -0.0022706463932991 -1.9188364744186 -0.060809034854174
-0.13604114949703 0.049466446042061 0.94991916418076 -0.00069030123995617 -0.0023559902328998 -1.9190818071365 -0.067141726613045
-0.12645855545998 0.045997425913811 0.94995456933975 -0.00071059865877032 -0.0022022717166692 -1.9187458753586 -0.073486432433128
-0.11683267354965 0.042491797357798 0.94991666078568 -0.00061776739312336 -0.0021447844337672 -1.9190603494644 -0.079813934862614
-0.10728756338358 0.039018493145704 0.94995903968811 -0.00062165793497115 -0.0021543609909713 -1.919095158577 -0.086225733160973
-0.097660608589649 0.035527821630239 0.95001691579819 -0.00067883904557675 -0.0024048425257206 -1.9188852310181 -0.090820662677288
-0.088065631687641 0.032030671834946 0.94995874166489 -0.00063953350763768 -0.0019875490106642 -1.9188098907471 -0.095538951456547
-0.084590949118137 0.030749067664146 0.9796998500824 0.00013352089445107 0.0009086502250284 -1.9194059371948 -0.097806930541992
-0.084581218659878 0.030739720910788 1.027751326561 0.0011954768560827 0.0043966444209218 -1.9201818704605 -0.0995699390769
-0.084594093263149 0.030737642198801 1.0757631063461 0.0028550699353218 0.0082379877567291 -1.9210802316666 -0.098671294748783
-0.084602400660515 0.030727488920093 1.1237425804138 0.0040626968257129 0.011882534250617 -1.9218252897263 -0.098676241934299
-0.084617950022221 0.030720831826329 1.1716841459274 0.0052491123788059 0.014936327002943 -1.9236773252487 -0.099164865911007
-0.084624491631985 0.030702862888575 1.2196655273438 0.0066906861029565 0.018523024395108 -1.9256345033646 -0.09931068867445
