-0.089045912027359 0.21167799830437 -1.777241230011 -1.5777945518494 -1.7416458129883 -0.00033549615181983 -1.5227867152134e-05
-0.13732615113258 0.19554325938225 -1.8008568286896 -1.5381140708923 -1.8382067680359 -0.00064210244454443 6.7502497813621e-07
-0.18390694260597 0.17594000697136 -1.821546792984 -1.4979288578033 -1.9327330589294 -0.00085453339852393 2.570278775238e-05
-0.22875943779945 0.15318867564201 -1.839225769043 -1.4576091766357 -2.0258548259735 -0.0010836536530405 1.1536433703441e-05
-0.27164569497108 0.12744757533073 -1.8539559841156 -1.417290687561 -2.1168427467346 -0.0013511592987925 2.0699219021481e-05
-0.31236615777016 0.098779648542404 -1.865663766861 -1.3772187232971 -2.2058110237122 -0.0017540866974741 -2.1207697500358e-05
-0.35088649392128 0.067657440900803 -1.8744292259216 -1.3375322818756 -2.292622089386 -0.0021174366120249 -3.1599050998921e-05
-0.38716951012611 0.033996075391769 -1.8802235126495 -1.2986381053925 -2.3772232532501 -0.0026338512543589 -4.6349850890692e-05
-0.42124834656715 -0.0015018284320831 -1.8831777572632 -1.2605814933777 -2.4596314430237 -0.0031750614289194 2.1979330995237e-05
-0.452999740839 -0.038848906755447 -1.8832597732544 -1.2238597869873 -2.5391838550568 -0.0038950853049755 4.166339567746e-05
-0.48269978165627 -0.077840358018875 -1.8804631233215 -1.1886112689972 -2.6172702312469 -0.0048613958060741 1.841208904807e-05
-0.51031720638275 -0.1181323826313 -1.8749051094055 -1.1550414562225 -2.6930544376373 -0.0060904435813427 5.2215302275727e-05
-0.53596532344818 -0.15954926609993 -1.8666386604309 -1.1234421730042 -2.7668132781982 -0.0077073983848095 4.0031907701632e-05
-0.55972540378571 -0.20184114575386 -1.8557434082031 -1.0940961837769 -2.8386616706848 -0.0098500661551952 6.8996727350168e-05
-0.58170235157013 -0.24491980671883 -1.8422591686249 -1.0672523975372 -2.9086456298828 -0.012634318321943 2.675761379578e-06
-0.60203373432159 -0.28875997662544 -1.8260366916656 -1.0433030128479 -2.9773752689362 -0.016274493187666 6.8665718799821e-07
-0.62077701091766 -0.33300164341927 -1.8075129985809 -1.0220592021942 -3.0442743301392 -0.020849268883467 8.0625497503206e-05
-0.63801252841949 -0.37749746441841 -1.7867748737335 -1.0033404827118 -3.1094353199005 -0.025899212807417 9.2831569418195e-06
-0.65387332439423 -0.42205527424812 -1.7641706466675 -0.98576283454895 -3.1731421947479 -0.030302327126265 8.4214778325986e-05
-0.66847288608551 -0.46614745259285 -1.7402539253235 -0.96726012229919 -3.236079454422 -0.032048743218184 8.6961053966661e-06
-0.68186318874359 -0.50927400588989 -1.7157299518585 -0.94584584236145 -3.2976796627045 -0.029177706688643 -2.2822387109045e-05
-0.69414174556732 -0.55099058151245 -1.690895318985 -0.92146611213684 -3.3577008247375 -0.021689217537642 -1.4863669093756e-05
-0.70535910129547 -0.59220385551453 -1.6647412776947 -0.89685702323914 -3.4174928665161 -0.012137215584517 4.1312778193969e-05
-0.71563708782196 -0.63314032554626 -1.6370024681091 -0.87575793266296 -3.4752602577209 -0.0041892938315868 0.00010012350685429
-0.71714580059052 -0.65972900390625 -1.6207137107849 -0.86408925056458 -3.5108346939087 -0.0022097043693066 -0.004302435554564
-0.69998204708099 -0.65058422088623 -1.6382339000702 -0.858638048172 -3.4934720993042 -0.0054302625358105 -0.010228290222585
-0.68249213695526 -0.64126658439636 -1.6556301116943 -0.85156345367432 -3.4760823249817 -0.006422083824873 -0.016342902556062
-0.66468107700348 -0.63222360610962 -1.6725788116455 -0.84432983398438 -3.4582514762878 -0.0071745328605175 -0.022546650841832
-0.64663636684418 -0.62352132797241 -1.6887865066528 -0.8374662399292 -3.4405558109283 -0.0077138356864452 -0.028967333957553
-0.62832248210907 -0.61488342285156 -1.704756975174 -0.83076214790344 -3.4216227531433 -0.0084076337516308 -0.035138215869665
-0.60970938205719 -0.60686826705933 -1.7197494506836 -0.82445454597473 -3.4033756256104 -0.0090165548026562 -0.041551757603884
-0.59085333347321 -0.5989031791687 -1.7343504428864 -0.81854701042175 -3.3843927383423 -0.0098579339683056 -0.048127353191376
-0.57175385951996 -0.59142255783081 -1.7481596469879 -0.81313967704773 -3.365398645401 -0.010816138237715 -0.054476227611303
-0.55239593982697 -0.58424067497253 -1.7613530158997 -0.80822324752808 -3.3460443019867 -0.011917393654585 -0.060809034854174
-0.53280580043793 -0.5774233341217 -1.7739796638489 -0.80374264717102 -3.3263475894928 -0.013151925057173 -0.067141726613045
-0.51301872730255 -0.57081246376038 -1.7858967781067 -0.79969382286072 -3.3065872192383 -0.014544766396284 -0.073486432433128
-0.49293410778046 -0.56467056274414 -1.7972359657288 -0.79618740081787 -3.2863276004791 -0.016154568642378 -0.079813934862614
-0.47273409366608 -0.55885148048401 -1.8076815605164 -0.79327154159546 -3.2664415836334 -0.017901461571455 -0.086225733160973
-0.45223248004913 -0.55328845977783 -1.817830324173 -0.79031729698181 -3.245486497879 -0.019635956734419 -0.090820662677288
-0.43162882328033 -0.54816508293152 -1.8270392417908 -0.78815722465515 -3.2252969741821 -0.021704476326704 -0.095538951456547
-0.42413580417633 -0.49010038375854 -1.8213641643524 -0.82233619689941 -3.2169625759125 0.0073887892067432 -0.097806930541992
-0.42412197589874 -0.40693593025208 -1.7956612110138 -0.88073992729187 -3.2168500423431 0.057719904929399 -0.0995699390769
-0.42416751384735 -0.33393907546997 -1.7565321922302 -0.94117140769958 -3.2162809371948 0.10948629677296 -0.098671294748783
-0.42417395114899 -0.2723240852356 -1.7041928768158 -1.0025746822357 -3.2156641483307 0.16188545525074 -0.098676241934299
-0.42419898509979 -0.22264742851257 -1.639130115509 -1.0643124580383 -3.2146561145782 0.21481485664845 -0.099164865911007
-0.42421615123749 -0.18504452705383 -1.5613691806793 -1.1256606578827 -3.2137186527252 0.26898020505905 -0.09931068867445
