-2.6660717367122e-07 -2.255722222344e-07 0.91483891010284
-4.8059109758469e-07 -1.2404510130182e-07 0.91483896970749
-1.6688582604729e-07 8.6158262746494e-09 0.91483902931213
-5.6637054512976e-07 -3.9792529271665e-09 0.91483926773071
-2.009478095033e-07 -2.9440357707244e-07 0.91483932733536
-3.345167272073e-07 -3.4735080589599e-07 0.91483956575394
-1.4689763361275e-07 -2.2957530632084e-07 0.91483950614929
-4.1522929450366e-07 -6.102768566052e-07 0.91483956575394
-5.6881827958932e-07 -8.74181182553e-07 0.91483968496323
-8.9138001158062e-07 -9.969721759262e-07 0.91483992338181
-9.2258949280222e-07 -7.5104264851689e-07 0.91483974456787
-1.1340016499162e-06 -5.4218031664277e-07 0.91483980417252
-1.0831874988071e-06 -1.055641973835e-06 0.91483998298645
-9.2354281377993e-07 -9.4287617002919e-07 0.91484016180038
-9.5310883807542e-07 -9.508875677966e-07 0.91484010219574
-1.513724328106e-06 -1.1242594837313e-06 0.91484022140503
-1.4593210835301e-06 -1.1096454954895e-06 0.91484010219574
-1.2930693173985e-06 -1.3018886875216e-06 0.91484022140503
-8.320112669935e-07 -1.0560958116912e-06 0.91484034061432
-6.2372782849707e-07 -9.4409188022837e-07 0.91484040021896
-6.9481990294662e-07 -1.1091458418377e-06 0.91484040021896
-9.5526468157914e-07 -1.214696567331e-06 0.91484069824219
-8.5475630839937e-07 -1.2202601737954e-06 0.91484081745148
-6.2270186163005e-07 -1.2952885981576e-06 0.91484099626541
-1.3006344090627e-07 -5.5824921219028e-07 0.91484105587006
-3.709284044362e-07 -8.5341537214845e-07 0.91484123468399
-3.117863514035e-07 -7.158127459661e-07 0.91484123468399
-2.7239698496828e-08 -7.4663472560133e-07 0.91484135389328
-1.2270365346012e-07 -8.3284351148905e-07 0.91484153270721
-2.2850387892959e-07 -9.8229270406591e-07 0.91484141349792
-1.7100360594213e-07 -8.1270337659589e-07 0.91484153270721
-2.2339681038375e-07 -3.8583564787587e-07 0.91484177112579
5.4536144489248e-08 -4.9274791535936e-07 0.91484200954437
1.8435972037878e-07 -6.1588076505359e-07 0.91484200954437
2.8404872409737e-07 -4.8373743766206e-07 0.91484194993973
2.9261326517371e-07 -8.0135976077145e-07 0.91484212875366
7.0446662903123e-07 -5.7667688224683e-07 0.9148423075676
1.9248140233685e-05 -1.3883953215554e-05 0.91484814882278
0.0033499610144645 -0.0014143356820568 0.91675788164139
0.0061532906256616 -0.0026645625475794 0.91830599308014
0.0089731393381953 -0.003337109927088 0.94574058055878
0.0094397347420454 -0.0036713255103678 0.98885375261307
0.010008841753006 -0.0038986317813396 1.0351647138596
0.0091488929465413 -0.004139615688473 1.0804976224899
0.0078214081004262 -0.0040423683822155 1.1263358592987
0.0069630993530154 -0.0039428295567632 1.1723759174347
