-0.015341930091381 0.047652021050453 1.299908041954 0.00075299793388695 0.0001438022009097 -3.057980298996 -3.9242436287168e-06
-0.018249373883009 0.042741730809212 1.2928129434586 0.0007657281239517 0.00030950666405261 -3.0106439590454 -2.0535220755846e-05
-0.021133534610271 0.037896037101746 1.2857650518417 0.00073098466964439 0.00026060230447911 -2.9620327949524 9.2001631855965e-05
-0.024017848074436 0.033010825514793 1.2786731719971 0.00065724458545446 0.00033134969999082 -2.9140734672546 -1.9065160813625e-05
-0.026941664516926 0.028112351894379 1.2715706825256 0.00072841666406021 0.00026010273722932 -2.866664648056 7.8807934187353e-05
-0.029816396534443 0.02324403822422 1.2645009756088 0.00071490538539365 0.00019987788982689 -2.8182506561279 5.3964660764905e-05
-0.03271671384573 0.018348604440689 1.2573951482773 0.00067026098258793 0.0001865575904958 -2.7695274353027 6.9338188041002e-05
-0.035593643784523 0.013493090867996 1.2503415346146 0.00061182543868199 0.00034342712024227 -2.7220578193665 0.00011832826567115
-0.038489915430546 0.0086038336157799 1.2432291507721 0.00057585508329794 0.00036831316538155 -2.6731851100922 8.9354260126129e-05
-0.041390120983124 0.003717765212059 1.2361841201782 0.00042910611955449 0.00030550395604223 -2.6257123947144 1.180787330668e-05
-0.044278159737587 -0.0011778399348259 1.2290884256363 0.00042671654955484 0.0003135601291433 -2.5774359703064 -1.5178787180048e-05
-0.047164097428322 -0.0060695707798004 1.2219923734665 0.00041278323624283 0.00035321427276358 -2.5294907093048 0.00010137457138626
-0.050047934055328 -0.010926224291325 1.214892745018 0.00044054220779799 0.00015914015239105 -2.4806151390076 -2.4450200726278e-05
-0.052943035960197 -0.015809126198292 1.2078325748444 0.00023741480254102 0.00018435600213706 -2.4334166049957 3.8545527786482e-05
-0.055831104516983 -0.020679257810116 1.2007213830948 0.00019965149112977 0.00018804133287631 -2.3849451541901 6.385116284946e-05
-0.058714270591736 -0.025575779378414 1.1936882734299 9.3554277555086e-05 -2.5788882339839e-05 -2.3372588157654 -9.790843250812e-06
-0.06161442399025 -0.030465811491013 1.186582326889 0.00011441693641245 -6.1778235249221e-05 -2.2893228530884 4.4209620682523e-05
-0.06450529396534 -0.035319279879332 1.1794639825821 2.6987690944225e-05 -0.00021313122124411 -2.2403483390808 -1.3973136447021e-05
-0.067406937479973 -0.040215630084276 1.1723370552063 1.7832719095168e-05 -0.00041148578748107 -2.1925368309021 6.9135843659751e-05
-0.070279464125633 -0.045070055872202 1.1653127670288 -0.00028687343001366 -0.00055330502800643 -2.1447460651398 1.4010989616509e-05
-0.073169931769371 -0.049991603940725 1.1581965684891 -0.00023154143127613 -0.0007810237002559 -2.0966010093689 6.1186641687527e-05
-0.076058566570282 -0.054860986769199 1.1511117219925 -0.00027324975235388 -0.00081055762711912 -2.0486469268799 9.5716122814338e-06
-0.078963734209538 -0.059728972613811 1.1440254449844 -0.0003331343177706 -0.00070606771623716 -2.0004677772522 7.9709934652783e-05
-0.081838265061378 -0.06463260948658 1.1369503736496 -0.00012485799379647 -0.00035234083770774 -1.9528623819351 9.1100573627045e-06
-0.084740146994591 -0.069512784481049 1.1298669576645 0.00027532107196748 0.00049912737449631 -1.90471971035 2.1527417629841e-05
-0.087623074650764 -0.074364520609379 1.122790813446 0.00050805095816031 0.0018788200104609 -1.8564556837082 3.0148754376569e-05
-0.090503036975861 -0.079252913594246 1.1156929731369 0.0010811928659678 0.0038225622847676 -1.8086539506912 7.940384966787e-05
-0.093407854437828 -0.084180682897568 1.1085892915726 0.0013973059831187 0.0055646449327469 -1.7611840963364 6.3905565184541e-05
-0.096285313367844 -0.088993802666664 1.1015841960907 0.001539739430882 0.0069044595584273 -1.7131093740463 3.9077556721168e-05
-0.099173359572887 -0.093894064426422 1.0944002866745 0.0014614620013162 0.007077909540385 -1.6647715568542 -4.3625786929624e-05
-0.10206956416368 -0.098771490156651 1.0873781442642 0.0010224857833236 0.0064469147473574 -1.6170572042465 -2.1611129341181e-05
-0.1049622297287 -0.10365392267704 1.0802431106567 0.00078669551294297 0.0055538220331073 -1.5688669681549 2.6964676180796e-06
-0.10784550756216 -0.10854759067297 1.0731502771378 0.00036982932942919 0.0044721118174493 -1.5210030078888 -3.2952004403342e-05
-0.11073178052902 -0.11342120170593 1.0660555362701 0.00032891918090172 0.0038572165649384 -1.4728082418442 1.4479634955933e-05
-0.11363412439823 -0.11830375343561 1.0589804649353 0.00014515986549668 0.003536001779139 -1.4249317646027 6.3899264205247e-05
-0.11651520431042 -0.12316937744617 1.0519160032272 2.6722469556262e-05 0.003322780597955 -1.3770098686218 0.00010205110447714
-0.11937959492207 -0.12805254757404 1.0449085235596 -0.00038656173273921 0.0033828180748969 -1.3289144039154 3.0702150979778e-05
-0.12230987846851 -0.13291887938976 1.0377951860428 -0.00039690916310064 0.0034114294685423 -1.2805377244949 4.111305315746e-05
-0.12518107891083 -0.13781861960888 1.03060567379 -0.00054237403674051 0.0032292692922056 -1.2332198619843 -5.7219463087677e-06
-0.12808020412922 -0.14268486201763 1.0235193967819 -0.00062465522205457 0.0032973128836602 -1.1846668720245 -2.6268964575138e-05
-0.13096891343594 -0.14757679402828 1.0164737701416 -0.00087615835946053 0.0033354801125824 -1.137050151825 9.9582553957589e-05
-0.13384205102921 -0.15243250131607 1.0094902515411 -0.0013572711031884 0.0035351773258299 -1.0894297361374 9.3874994490761e-05
-0.13675737380981 -0.15732073783875 1.0022393465042 -0.0015312634641305 0.0039128516800702 -1.0413553714752 1.0214886060567e-05
-0.13963966071606 -0.16219948232174 0.99515438079834 -0.0020959263201803 0.0042635463178158 -0.99398922920227 2.1026628473919e-06
-0.14251033961773 -0.16708865761757 0.98832213878632 -0.0032150917686522 0.0052397646941245 -0.94641941785812 1.2840838280681e-05
-0.14539816975594 -0.17196276783943 0.98101431131363 -0.0041029774583876 0.0064948839135468 -0.89963811635971 4.273724698578e-05
-0.1483024507761 -0.17685706913471 0.97380948066711 -0.007119532674551 0.0093426629900932 -0.85288894176483 4.0088158129947e-05
-0.15119025111198 -0.18172919750214 0.96687036752701 -0.015490152873099 0.017174426466227 -0.80982220172882 -8.289148354379e-06
-0.15403692424297 -0.18657548725605 0.95968133211136 -0.040185160934925 0.039310827851295 -0.77652513980865 3.6032015486853e-05
-0.15691259503365 -0.19138342142105 0.95261681079865 -0.08159065246582 0.075872376561165 -0.75032830238342 -1.7320078768535e-05
-0.15363848209381 -0.18795830011368 0.94977426528931 -0.059051688760519 0.053201206028461 -0.71551620960236 -0.0055541889742017
-0.14586539566517 -0.17845356464386 0.94961017370224 0.023051295429468 -0.01699847355485 -0.674525141716 -0.011524841189384
-0.13801270723343 -0.16891829669476 0.94978535175323 0.028352791443467 -0.025418063625693 -0.67367446422577 -0.01759485155344
-0.13014383614063 -0.15926638245583 0.94972604513168 0.0071659968234599 -0.0067351670004427 -0.68257594108582 -0.024053283035755
-0.12228971719742 -0.14964206516743 0.94981777667999 0.0042851925827563 -0.0042339377105236 -0.68393683433533 -0.030287086963654
-0.1144443154335 -0.14002999663353 0.94968658685684 0.0034920431207865 -0.0032619086559862 -0.68402522802353 -0.036418996751308
-0.10661607980728 -0.13042131066322 0.94981652498245 0.0027633528225124 -0.0027934089303017 -0.68402016162872 -0.042941648513079
-0.098762050271034 -0.1208380907774 0.94973993301392 0.0024962469469756 -0.0024397349916399 -0.68424439430237 -0.049272995442152
-0.090904325246811 -0.11122833937407 0.94979131221771 0.0022122089285403 -0.0020987722091377 -0.68451535701752 -0.055710550397635
-0.083073884248734 -0.10162648558617 0.94991832971573 0.0018297045025975 -0.0018522077007219 -0.68466937541962 -0.062032952904701
-0.075215935707092 -0.092034928500652 0.949815928936 0.0017927307635546 -0.0018001366406679 -0.68484205007553 -0.0682632625103
-0.067374303936958 -0.082416623830795 0.94986253976822 0.0014771419810131 -0.0015956767601892 -0.68479108810425 -0.074543669819832
-0.059543803334236 -0.072832196950912 0.9498148560524 0.0016259656986222 -0.0013807881623507 -0.6847158074379 -0.080841682851315
-0.056956768035889 -0.069690346717834 0.97948998212814 -0.00081254943506792 0.001782551407814 -0.68577843904495 -0.089144945144653
-0.056952074170113 -0.069692306220531 1.027682185173 -0.0016595169436187 0.0022358363494277 -0.6857887506485 -0.089012108743191
-0.056958198547363 -0.069733083248138 1.0756318569183 -0.0017216906417161 0.0028152950108051 -0.68530303239822 -0.089194916188717
-0.056973621249199 -0.069760419428349 1.1235688924789 -0.0019990038126707 0.0026511794421822 -0.68586069345474 -0.088910333812237
-0.056983649730682 -0.069775313138962 1.1716092824936 -0.0023991675116122 0.0032124184072018 -0.68597853183746 -0.089041210711002
-0.056992426514626 -0.069807261228561 1.2195636034012 -0.00265460787341 0.0036795199848711 -0.68663042783737 -0.088925868272781
