-0.051446583122015 0.19635674357414 -1.7322325706482 -1.606507062912 -1.7055153846741 -9.0401837951504e-05 -3.9242436287168e-06
-0.078452736139297 0.17516991496086 -1.7333908081055 -1.5841012001038 -1.7803349494934 -0.00016526527178939 -2.0535220755846e-05
-0.10403671860695 0.15286394953728 -1.7329895496368 -1.5621778964996 -1.8540604114532 -0.00022773095406592 9.2001631855965e-05
-0.12812367081642 0.12935587763786 -1.7311809062958 -1.5404703617096 -1.9260714054108 -0.00031499215401709 -1.9065160813625e-05
-0.15078535676003 0.10480019450188 -1.727855682373 -1.5192160606384 -1.996889591217 -0.0003009254578501 7.8807934187353e-05
-0.17195001244545 0.079265087842941 -1.722944021225 -1.498703956604 -2.0661768913269 -0.00034884759224951 5.3964660764905e-05
-0.19175234436989 0.052840203046799 -1.7165946960449 -1.4785931110382 -2.1344010829926 -0.00037483521737158 6.9338188041002e-05
-0.20999875664711 0.025843113660812 -1.7088479995728 -1.459281206131 -2.2006425857544 -0.00043253251351416 0.00011832826567115
-0.22696080803871 -0.0020964443683624 -1.6995351314545 -1.4406769275665 -2.2657463550568 -0.00042752572335303 8.9354260126129e-05
-0.24255791306496 -0.030532628297806 -1.6888120174408 -1.4228973388672 -2.3294658660889 -0.00045995065011084 1.180787330668e-05
-0.2568761408329 -0.059513121843338 -1.6766555309296 -1.4060537815094 -2.3917701244354 -0.00041775056160986 -1.5178787180048e-05
-0.26994410157204 -0.089060097932816 -1.6631436347961 -1.3900701999664 -2.4527704715729 -0.00054959603585303 0.00010137457138626
-0.28197160363197 -0.11904552578926 -1.6481335163116 -1.3750474452972 -2.5132522583008 -0.00042728730477393 -2.4450200726278e-05
-0.29275122284889 -0.14915350079536 -1.6319589614868 -1.360942363739 -2.5718331336975 -0.00044278451241553 3.8545527786482e-05
-0.30255284905434 -0.1798110306263 -1.6143589019775 -1.3478186130524 -2.6298584938049 -0.00025252648629248 6.385116284946e-05
-0.31129041314125 -0.21047428250313 -1.5955185890198 -1.3355913162231 -2.6864862442017 -4.8917019739747e-05 -9.790843250812e-06
-0.31910887360573 -0.24157312512398 -1.5753495693207 -1.324444770813 -2.7422969341278 0.0003861968871206 4.4209620682523e-05
-0.32604041695595 -0.27278998494148 -1.5540661811829 -1.3139102458954 -2.7974925041199 0.00086112669669092 -1.3973136447021e-05
-0.33211031556129 -0.3041105568409 -1.5315871238708 -1.3043630123138 -2.8515303134918 0.0016669814940542 6.9135843659751e-05
-0.3373581469059 -0.33529332280159 -1.508068561554 -1.295369386673 -2.9050016403198 0.0029148643370718 1.4010989616509e-05
-0.34183636307716 -0.36660221219063 -1.48353266716 -1.286830663681 -2.9573624134064 0.0047092027962208 6.1186641687527e-05
-0.34561768174171 -0.3977635204792 -1.4581346511841 -1.278493642807 -3.0091605186462 0.0073213167488575 9.5716122814338e-06
-0.34873738884926 -0.42869284749031 -1.4319355487823 -1.2699453830719 -3.0603985786438 0.011006791144609 7.9709934652783e-05
-0.35117736458778 -0.4593246281147 -1.4050850868225 -1.261328458786 -3.1104142665863 0.015848118811846 9.1100573627045e-06
-0.35305824875832 -0.49004152417183 -1.3771753311157 -1.2527465820312 -3.1607069969177 0.021765667945147 2.1527417629841e-05
-0.35435119271278 -0.52045273780823 -1.3483967781067 -1.2450225353241 -3.2102270126343 0.027626950293779 3.0148754376569e-05
-0.35511389374733 -0.55120182037354 -1.318211555481 -1.2397747039795 -3.258651971817 0.032463986426592 7.940384966787e-05
-0.35540619492531 -0.58271718025208 -1.2859196662903 -1.2386817932129 -3.3070139884949 0.034251648932695 6.3905565184541e-05
-0.35521951317787 -0.61473751068115 -1.251535654068 -1.2427248954773 -3.3544988632202 0.032390553504229 3.9077556721168e-05
-0.35457268357277 -0.6482310295105 -1.2146832942963 -1.2512001991272 -3.40194272995 0.027292210608721 -4.3625786929624e-05
-0.35355749726295 -0.68204665184021 -1.1762588024139 -1.2621982097626 -3.4488785266876 0.02096601203084 -2.1611129341181e-05
-0.35213580727577 -0.71599817276001 -1.1368222236633 -1.2733302116394 -3.4956572055817 0.015302140265703 2.6964676180796e-06
-0.35035791993141 -0.74974942207336 -1.0966906547546 -1.2838954925537 -3.5419001579285 0.011066395789385 -3.2952004403342e-05
-0.34824767708778 -0.78332877159119 -1.0559391975403 -1.2936189174652 -3.5875782966614 0.0085634775459766 1.4479634955933e-05
-0.3458437025547 -0.81698107719421 -1.0140068531036 -1.303286075592 -3.63343334198 0.0071391649544239 6.3899264205247e-05
-0.34316626191139 -0.85062527656555 -0.97103047370911 -1.3134982585907 -3.6783757209778 0.0061626024544239 0.00010205110447714
-0.34017172455788 -0.884685754776 -0.9264612197876 -1.3246049880981 -3.7234578132629 0.005385834723711 3.0702150979778e-05
-0.3369714319706 -0.91940546035767 -0.88007569313049 -1.3366568088531 -3.768214225769 0.0050940103828907 4.111305315746e-05
-0.33353152871132 -0.95464086532593 -0.83206343650818 -1.3498678207397 -3.8125472068787 0.004554707556963 -5.7219463087677e-06
-0.32985416054726 -0.99063372612 -0.78149938583374 -1.3645713329315 -3.8571898937225 0.0043243952095509 -2.6268964575138e-05
-0.32602491974831 -1.0274415016174 -0.728515625 -1.3806798458099 -3.901242017746 0.0043024607002735 9.9582553957589e-05
-0.32201448082924 -1.0653665065765 -0.67256689071655 -1.3985438346863 -3.9449589252472 0.0040750093758106 9.3874994490761e-05
-0.3178690969944 -1.1051840782166 -0.61267232894897 -1.4183979034424 -3.9886193275452 0.0042342729866505 1.0214886060567e-05
-0.3135978281498 -1.1469388008118 -0.54781103134155 -1.4409670829773 -4.0319623947144 0.004437405616045 2.1026628473919e-06
-0.30916133522987 -1.1909539699554 -0.47637009620667 -1.466733455658 -4.0751419067383 0.0049190111458302 1.2840838280681e-05
-0.30472794175148 -1.2401874065399 -0.39538955688477 -1.4969172477722 -4.117555141449 0.0058216638863087 4.273724698578e-05
-0.30026546120644 -1.2957353591919 -0.29922819137573 -1.5329442024231 -4.1595878601074 0.0078439302742481 4.0088158129947e-05
-0.29614034295082 -1.3606863021851 -0.18037033081055 -1.5742101669312 -4.1986465454102 0.013424832373857 -8.289148354379e-06
-0.29327550530434 -1.4269077777863 -0.051518201828003 -1.5998213291168 -4.2291784286499 0.029405552893877 3.6032015486853e-05
-0.29133215546608 -1.4531865119934 0.0013670921325684 -1.565628528595 -4.2537927627563 0.054976899176836 -1.7320078768535e-05
-0.28397312760353 -1.4561631679535 -0.0090048313140869 -1.5891237258911 -4.2808413505554 0.037837937474251 -0.0055541889742017
-0.27230563759804 -1.4516072273254 -0.052749872207642 -1.6684904098511 -4.3099899291992 -0.01100067794323 -0.011524841189384
-0.26595559716225 -1.3166882991791 -0.33395648002625 -1.5325005054474 -4.3042244911194 -0.018500849604607 -0.01759485155344
-0.26077714562416 -1.2272398471832 -0.50746059417725 -1.417667388916 -4.2904348373413 -0.005078598856926 -0.024053283035755
-0.25432482361794 -1.1728234291077 -0.61646962165833 -1.3589131832123 -4.2831826210022 -0.0032182186841965 -0.030287086963654
-0.24757018685341 -1.1278541088104 -0.7074146270752 -1.3117597103119 -4.2761573791504 -0.0025628060102463 -0.036418996751308
-0.24063768982887 -1.0873744487762 -0.78809380531311 -1.270471572876 -4.2687845230103 -0.0021970719099045 -0.042941648513079
-0.23343315720558 -1.0508980751038 -0.86115479469299 -1.2334129810333 -4.2614154815674 -0.001951739192009 -0.049272995442152
-0.22599211335182 -1.0169312953949 -0.92871356010437 -1.199450969696 -4.253851890564 -0.001703068614006 -0.055710550397635
-0.21832385659218 -0.98477935791016 -0.99184799194336 -1.1678099632263 -4.2461733818054 -0.0015531033277512 -0.062032952904701
-0.21038475632668 -0.95492076873779 -1.0513114929199 -1.1381759643555 -4.238196849823 -0.0015085190534592 -0.0682632625103
-0.20221343636513 -0.92608022689819 -1.1079041957855 -1.1101741790771 -4.2298231124878 -0.0014057606458664 -0.074543669819832
-0.19372382760048 -0.89878153800964 -1.1617519855499 -1.0835576057434 -4.2214455604553 -0.0013628453016281 -0.080841682851315
-0.19099965691566 -0.85413837432861 -1.1620278358459 -1.1239948272705 -4.2178945541382 0.0014619380235672 -0.089144945144653
-0.19101443886757 -0.80520796775818 -1.1196577548981 -1.2142324447632 -4.2177696228027 0.0017141848802567 -0.089012108743191
-0.1910072863102 -0.76695919036865 -1.0603339672089 -1.3114724159241 -4.2178039550781 0.0021876841783524 -0.089194916188717
-0.19106045365334 -0.74005746841431 -0.98254895210266 -1.4158840179443 -4.2174320220947 0.002290204167366 -0.088910333812237
-0.19108501076698 -0.72642302513123 -0.88269996643066 -1.5285797119141 -4.2173886299133 0.0028953105211258 -0.089041210711002
-0.1911543905735 -0.73009490966797 -0.75386452674866 -1.6532731056213 -4.2170901298523 0.0031489878892899 -0.088925868272781
