4.7132488134594e-07 2.0230574193647e-07 0.91483879089355
5.1515996801754e-07 2.8979826538489e-07 0.91483861207962
3.973835873694e-07 5.5805907095419e-07 0.91483867168427
3.344636922975e-07 6.7696129235628e-07 0.91483849287033
4.6473672909997e-07 8.6718523562013e-07 0.91483861207962
4.654830547679e-07 7.3606958039818e-07 0.91483861207962
4.6615400606242e-07 7.1475420782008e-07 0.9148388504982
2.4396743469879e-07 5.7696087196746e-07 0.91483891010284
2.9704047221912e-08 3.1726096949569e-07 0.91483879089355
3.5690189292836e-07 7.3071691986115e-07 0.9148388504982
5.4786227110526e-07 3.1253290444511e-07 0.91483891010284
6.1309395960052e-07 -1.5520654983447e-07 0.91483920812607
3.9759251535543e-07 -1.6037372319033e-08 0.91483932733536
7.0865382895136e-08 -3.4436737905708e-07 0.91483962535858
7.3145216106241e-08 -4.2238494302183e-07 0.91483950614929
-6.2312892623595e-08 -6.9614077347069e-07 0.91483950614929
2.5556017746453e-08 -8.9206668008046e-07 0.91483974456787
-4.231202410665e-08 -9.034726531354e-07 0.91483974456787
-2.9954229319173e-08 -8.2510689480841e-07 0.91483974456787
3.3211577488146e-07 -1.0404811519038e-06 0.91483962535858
-3.7430930888149e-07 -9.4624795110576e-07 0.91483974456787
-3.2912220149228e-07 -7.3212498818975e-07 0.91483980417252
-6.1605089740624e-07 -9.4652523330296e-07 0.91483998298645
-2.5473738674009e-07 -7.3539189315852e-07 0.91483992338181
-8.1311657140759e-07 -8.1235594961981e-07 0.91483968496323
-5.3663251264879e-07 -5.4561735396419e-07 0.91483962535858
-6.8455989321592e-07 -4.6015708221603e-07 0.91483968496323
-1.0094739764099e-06 -3.547796723069e-07 0.91483974456787
-6.7766080746878e-07 -6.484206096502e-07 0.91483962535858
-4.7595000296496e-07 -7.6070494969827e-07 0.91483968496323
-7.9768210525799e-07 -6.4781005448822e-07 0.91483962535858
-9.1847738303841e-07 -5.6515744972785e-07 0.91483968496323
-7.1083968578023e-07 -3.6385080193213e-07 0.91483956575394
-6.0911975197087e-07 -1.6932503399403e-07 0.91483938694
-2.4371004769819e-07 -3.5563968481256e-07 0.91483944654465
4.0750347807261e-07 -6.7199283648733e-07 0.91483950614929
4.8475703806616e-07 -9.0643084149633e-07 0.91483944654465
1.0079253343065e-06 -9.3035254167262e-07 0.91483914852142
7.7647086982324e-07 -8.0214516628985e-07 0.91483932733536
7.2970362907654e-07 -6.2659563582201e-07 0.91483908891678
7.4269814831496e-07 -3.8829452364553e-07 0.91483908891678
9.4281523388418e-07 -5.5301114798567e-07 0.91483944654465
1.2262859172552e-06 -3.5088888239443e-07 0.91483956575394
1.0027982852989e-06 -4.9820056347016e-07 0.91483956575394
7.2120673166864e-07 -3.6783583823308e-07 0.91483950614929
2.5828970251496e-07 -3.4294882311769e-07 0.91483956575394
8.3768512126881e-08 -4.3482978639986e-07 0.91483938694
1.8499771670122e-07 -8.1502400917088e-07 0.91483932733536
3.6897014865644e-07 -5.0974591658814e-07 0.91483950614929
5.5232612794498e-07 -3.8149852343849e-07 0.91483962535858
5.1952940793853e-07 -1.812220773445e-07 0.91483986377716
4.8401739149995e-07 -4.7951672854651e-08 0.91483998298645
4.4467680027083e-07 -2.3223894629609e-07 0.91484010219574
8.6461687942574e-07 -4.5262062542406e-08 0.91484045982361
8.3003692452621e-07 2.6328720537094e-07 0.91484034061432
1.2994263443034e-06 5.6104556733771e-07 0.91484040021896
1.3046222875346e-06 6.7795281211147e-07 0.91484040021896
1.2513379488155e-06 5.6204856946351e-07 0.91484034061432
1.0671978998289e-06 5.3161045343586e-07 0.91484028100967
1.6910046269913e-06 1.0775600003399e-06 0.91484034061432
1.2057799949616e-06 1.1085038522651e-06 0.91484028100967
9.7312329216948e-07 9.7630629625201e-07 0.91484034061432
8.3681663909374e-07 8.9148420556739e-07 0.91484051942825
-2.1062796804472e-06 0.00021086409105919 0.93911862373352
9.0711582743097e-05 0.00043589470442384 0.98647689819336
-8.5270861745812e-05 0.0004053867305629 1.0338364839554
0.00016844471974764 0.00038645017775707 1.0809774398804
-6.5600121160969e-05 0.00042288057738915 1.128228187561
9.2112772108521e-05 0.00041811948176473 1.1755672693253
