-0.011924700811505 0.074446797370911 1.2795145511627 0.0026707127690315 -2.6270772650605e-05 -3.1306006908417 1.3555826626543e-05
-0.012939568608999 0.084058687090874 1.2612932920456 0.0025931401178241 5.500567931449e-05 -3.1243391036987 4.7123303374974e-06
-0.013982491567731 0.09364527463913 1.2430577278137 0.002548060612753 7.454620936187e-05 -3.1183359622955 9.0381014160812e-05
-0.014994721859694 0.10326229035854 1.22483253479 0.002423920435831 0.00016580930969212 -3.1118369102478 1.2793992937077e-05
-0.016047116369009 0.11286081373692 1.2066133022308 0.0023831066209823 8.5586390923709e-05 -3.1062660217285 -1.58357561304e-05
-0.017084183171391 0.12244811654091 1.1884021759033 0.0023713961709291 0.00017763121286407 -3.1007189750671 -2.0776031306013e-05
-0.018101092427969 0.13205751776695 1.170158624649 0.0024632250424474 0.00019630510360003 -3.0941834449768 1.6928523791648e-06
-0.019150897860527 0.14166401326656 1.1519376039505 0.0024709212593734 0.00036943561281078 -3.0881366729736 4.2722469515866e-05
-0.020148796960711 0.15125381946564 1.1337122917175 0.0024515229742974 0.00041554711060598 -3.0822279453278 -2.5850189558696e-05
-0.021233096718788 0.16085708141327 1.1154803037643 0.0025339093990624 0.00031246137223206 -3.076495885849 3.2646945328452e-05
-0.022239066660404 0.17045316100121 1.0972551107407 0.0026562758721411 0.00036826520226896 -3.0704207420349 -2.5823486794252e-05
-0.023248206824064 0.18007189035416 1.0790300369263 0.0028674325440079 0.00041689700447023 -3.0638480186462 3.0325247280416e-05
-0.024280589073896 0.18967670202255 1.060807466507 0.0030728611163795 0.00041707081254572 -3.0581533908844 6.9914523919579e-05
-0.025336191058159 0.19925466179848 1.0425833463669 0.003331087063998 0.00048059719847515 -3.0526649951935 2.761355972325e-05
-0.02634521573782 0.20886255800724 1.024352312088 0.003844328224659 0.00053882622160017 -3.0466134548187 4.2956740799127e-05
-0.027374006807804 0.2184631228447 1.0061308145523 0.0044539333321154 0.00081553682684898 -3.0412838459015 5.986823089188e-05
-0.028385020792484 0.22806686162949 0.98790156841278 0.0053221676498652 0.001048582023941 -3.0354526042938 0.00010137127537746
-0.029446445405483 0.23765836656094 0.96967452764511 0.0066499267704785 0.0013648461317644 -3.0302262306213 7.4464769568294e-05
-0.030464597046375 0.24726265668869 0.9514456987381 0.0084687806665897 0.0015864365268499 -3.0243883132935 3.8744990888517e-05
-0.029449790716171 0.23910704255104 0.94998824596405 0.00070858874823898 0.00011626740160864 -3.017041683197 0.00014281619223766
-0.028272576630116 0.22950521111488 0.94999223947525 0.00026022631209344 6.0921087424504e-05 -3.01708984375 4.2116960685235e-05
-0.027066670358181 0.21991758048534 0.94998842477798 0.00030174604034983 -1.4515506336465e-05 -3.0170896053314 3.5868964914698e-05
-0.025896366685629 0.21030178666115 0.94998621940613 0.0003409163618926 -1.1137486580992e-05 -3.0173773765564 4.1337739276059e-06
-0.024716503918171 0.20071545243263 0.94998919963837 0.00022006743529346 -5.655482164002e-05 -3.017192363739 7.2328322858084e-05
-0.023514557629824 0.19112576544285 0.9499853849411 8.0928730312735e-05 4.6633656893391e-05 -3.0165205001831 6.8123404162179e-06
-0.022364586591721 0.18150521814823 0.94997918605804 4.9374822992831e-05 3.3745185646694e-05 -3.01704454422 2.828677497746e-05
-0.021208509802818 0.17190384864807 0.94998615980148 -0.00018377350352239 4.3965494114673e-05 -3.0174195766449 4.550814992399e-05
-0.019990060478449 0.1623125821352 0.94997954368591 -0.000245068105869 7.34270997782e-06 -3.0174496173859 8.1779335232568e-06
-0.018814649432898 0.15271028876305 0.94997656345367 -0.00045772414887324 -7.739582360955e-05 -3.0176758766174 -5.8534042182146e-06
-0.017637610435486 0.1431088745594 0.94998466968536 -0.00071630772436038 -4.6120425395202e-05 -3.0175647735596 1.2415190212778e-05
-0.016428258270025 0.13352683186531 0.94997429847717 -0.00093123456463218 -0.00014467797882389 -3.0174541473389 3.9183571061585e-05
-0.015259370207787 0.12391522526741 0.9499791264534 -0.00098901381716132 -0.00011804352106992 -3.0180678367615 2.5588125936338e-05
-0.014073584228754 0.11430971324444 0.94997221231461 -0.0013276356039569 -0.00016297899128404 -3.0178182125092 1.118244654208e-05
-0.01290812343359 0.10472270846367 0.94996601343155 -0.0015493847895414 -0.00013632926857099 -3.0179979801178 8.9409208158031e-05
-0.011697039008141 0.095123827457428 0.94997560977936 -0.0014211478410289 -0.00019457028247416 -3.0179874897003 2.9061466193525e-05
-0.01055651716888 0.085531443357468 0.94997477531433 -0.0014086995506659 -0.00014069072494749 -3.0184783935547 -1.6435764337075e-05
-0.0093559473752975 0.075943350791931 0.94997471570969 -0.0015595448203385 -0.00021202153584454 -3.018571138382 1.9671346308314e-05
-0.0081729311496019 0.066329315304756 0.94997614622116 -0.0015226727118716 -0.00012031368532917 -3.0184278488159 1.1104674740636e-05
-0.0070094112306833 0.056725323200226 0.94998097419739 -0.0013566289562732 -0.00022638658992946 -3.0188915729523 0.00011062218982261
-0.0057962890714407 0.047145575284958 0.94996589422226 -0.0013588983565569 -0.000153102184413 -3.0182394981384 9.5199662609957e-05
-0.0046296287328005 0.037543281912804 0.94997525215149 -0.0013192837359384 -0.00010230350017082 -3.0188858509064 3.6308239941718e-05
-0.0034297779202461 0.027923122048378 0.94995331764221 -0.0013879539910704 -5.9080441133119e-05 -3.0190522670746 8.0928602983477e-06
-0.0022522266954184 0.018332108855247 0.94995510578156 -0.0013038658071309 -6.8456007284112e-05 -3.0189259052277 5.3586983995046e-05
-0.0010742880403996 0.0087355524301529 0.94995212554932 -0.0011913023190573 -0.00014968987670727 -3.0190680027008 -2.122596015397e-05
7.9995021224022e-05 -0.00086535513401031 0.94997102022171 -0.001483372412622 -0.00024755339836702 -3.0186462402344 1.4901987924532e-05
0.0012960713356733 -0.010458320379257 0.94996058940887 -0.0011131521314383 -0.00020276065333746 -3.0189106464386 -6.1406626628013e-06
0.0024902829900384 -0.020059585571289 0.94996953010559 -0.001181781408377 -0.00010810648382176 -3.0185720920563 2.1500873117475e-05
0.0036523919552565 -0.029656663537025 0.94995325803757 -0.0011807811679319 -0.00020297638548072 -3.0186548233032 1.7678579752101e-05
0.0048304731026292 -0.039260536432266 0.94994783401489 -0.0010934881865978 -0.00020900761592202 -3.0190365314484 4.5456996303983e-05
0.0060145668685436 -0.048856340348721 0.94993740320206 -0.0012618997134268 -6.3318308093585e-05 -3.0191502571106 -8.1438820416224e-06
0.0072066076099873 -0.058454424142838 0.94992971420288 -0.0011844752589241 -0.00023931748000905 -3.0188796520233 7.0084708568174e-05
0.0083659971132874 -0.068057253956795 0.94995802640915 -0.001257452648133 -0.00019126158440486 -3.019002199173 2.3029040676192e-05
0.0095347464084625 -0.077673435211182 0.94996756315231 -0.0014717200538144 -0.00016187482106034 -3.0195913314819 2.2002337573213e-05
0.010715838521719 -0.087260350584984 0.94999140501022 -0.0015906911576167 0.00010866091179196 -3.0189559459686 -1.4299466783996e-05
0.011887992732227 -0.096850335597992 0.94996005296707 -0.0014913529157639 6.3942912674975e-05 -3.0193603038788 3.8137521187309e-05
0.013062911108136 -0.10646170377731 0.94992583990097 -0.0013384200865403 -0.0001136016799137 -3.0191512107849 8.6561652778983e-07
0.014230164699256 -0.11605024337769 0.94993418455124 -0.0013949634740129 -5.5733777116984e-05 -3.0192866325378 -2.6992809125659e-06
0.015476709231734 -0.12564495205879 0.94991266727448 -0.001302832737565 -0.00036375806666911 -3.0188724994659 7.5452720921021e-05
0.016656674444675 -0.13524293899536 0.94990849494934 -0.0016518057091162 6.1138634919189e-06 -3.0191450119019 -2.6371204512543e-05
0.0178137216717 -0.14484930038452 0.94991225004196 -0.0016803069738671 -0.00020617923291866 -3.0193738937378 2.7505369871506e-05
0.019024409353733 -0.15446057915688 0.94986534118652 -0.0014255335554481 -0.00024975574342534 -3.0188126564026 8.7003230873961e-05
0.020175848156214 -0.1640435308218 0.94987338781357 -0.0014432044699788 -0.00028965133242309 -3.019394159317 -1.8545581042417e-05
0.021362796425819 -0.1736354380846 0.94988149404526 -0.0013536036713049 -0.0001629825856071 -3.0190780162811 2.1744979676441e-05
0.022546511143446 -0.18322765827179 0.9498747587204 -0.0012334891362116 -0.00028292069328018 -3.0189518928528 7.2387731052004e-05
0.023728098720312 -0.19282802939415 0.94985520839691 -0.0011764933587983 -0.00025798092246987 -3.0189051628113 8.6632659076713e-05
0.024951696395874 -0.20243316888809 0.94987088441849 -0.0011915602954105 -0.00042827319703065 -3.0188896656036 -2.0995285012759e-06
0.026027090847492 -0.21204107999802 0.94995832443237 -0.0015582415508106 -0.00012915211846121 -3.0193219184875 8.5913481598254e-05
0.02723516151309 -0.22164909541607 0.94992887973785 -0.0015052370727062 -8.8279732153751e-05 -3.0196073055267 0.00010004725481849
0.02842858992517 -0.23124124109745 0.9498490691185 -0.0013512823497877 -0.00024701384245418 -3.0190300941467 0.00013032095739618
0.029668567702174 -0.24085474014282 0.94980108737946 -0.0010137372883037 -0.0003874723915942 -3.0199046134949 2.3671071176068e-05
