-0.011893179267645 0.2738923728466 -1.8416125774384 -1.5764162540436 -1.5936753749847 -1.7207334167324e-05 1.3555826626543e-05
-0.018973257392645 0.294763058424 -1.9026362895966 -1.5362272262573 -1.6068441867828 -1.6968915588222e-05 4.7123303374974e-06
-0.026660587638617 0.31395670771599 -1.9621863365173 -1.4958200454712 -1.6207008361816 -0.00015954322589096 9.0381014160812e-05
-0.03472700342536 0.3315734565258 -2.0204346179962 -1.4550728797913 -1.6346762180328 -0.00016002007760108 1.2793992937077e-05
-0.043515827506781 0.34728381037712 -2.0773582458496 -1.4138522148132 -1.6494414806366 -0.00023583718575537 -1.58357561304e-05
-0.052855636924505 0.3610768020153 -2.133083820343 -1.3719472885132 -1.6646404266357 -0.00023083039559424 -2.0776031306013e-05
-0.063189178705215 0.37259432673454 -2.1876862049103 -1.3289062976837 -1.6814544200897 -0.00027708359993994 1.6928523791648e-06
-0.074160248041153 0.38180348277092 -2.2412643432617 -1.28449177742 -1.6983461380005 -0.0003776962403208 4.2722469515866e-05
-0.086031585931778 0.38824364542961 -2.2937698364258 -1.2384922504425 -1.7162420749664 -0.00050978013314307 -2.5850189558696e-05
-0.099078804254532 0.39142653346062 -2.3451626300812 -1.1904263496399 -1.7353413105011 -0.00050453492440283 3.2646945328452e-05
-0.11296692490578 0.39110180735588 -2.3956151008606 -1.1396908760071 -1.7550747394562 -0.00060157128609717 -2.5823486794252e-05
-0.12827482819557 0.386409252882 -2.444881439209 -1.0859971046448 -1.7762093544006 -0.00073389359749854 3.0325247280416e-05
-0.14489951729774 0.37666603922844 -2.4930596351624 -1.028272151947 -1.7985947132111 -0.00089196511544287 6.9914523919579e-05
-0.1631683409214 0.36072441935539 -2.5398714542389 -0.96589136123657 -1.8225924968719 -0.0010843689087778 2.761355972325e-05
-0.18322792649269 0.33742472529411 -2.5852496623993 -0.89776206016541 -1.8485963344574 -0.001307767117396 4.2956740799127e-05
-0.20529428124428 0.30522009730339 -2.6289377212524 -0.82257962226868 -1.8764038085938 -0.0017431194428355 5.986823089188e-05
-0.22942939400673 0.26233527064323 -2.6706676483154 -0.7389395236969 -1.9061212539673 -0.0022685939911753 0.00010137127537746
-0.2559200823307 0.20670410990715 -2.7098927497864 -0.64561891555786 -1.9379527568817 -0.0030532295349985 7.4464769568294e-05
-0.28535833954811 0.13588091731071 -2.7459726333618 -0.54078030586243 -1.9730498790741 -0.0041180066764355 3.8744990888517e-05
-0.2690033018589 0.10712334513664 -2.7373008728027 -0.51213526725769 -1.9643290042877 -0.00032071396708488 0.00014281619223766
-0.24493327736855 0.088839501142502 -2.7232336997986 -0.5074827671051 -1.9400074481964 -6.1314553022385e-05 4.2116960685235e-05
-0.22324553132057 0.070419758558273 -2.7081325054169 -0.50412654876709 -1.9183671474457 -5.3446739912033e-05 3.5868964914698e-05
-0.20380941033363 0.05183932185173 -2.6921210289001 -0.50154161453247 -1.8990788459778 -0.00012902542948723 4.1337739276059e-06
-0.18598261475563 0.03338810801506 -2.6754760742188 -0.49966859817505 -1.8811056613922 6.910040974617e-05 7.2328322858084e-05
-0.16990128159523 0.014927357435226 -2.6581201553345 -0.49845290184021 -1.8651535511017 4.31127846241e-05 6.8123404162179e-06
-0.15516868233681 -0.0033333599567413 -2.6401617527008 -0.49807167053223 -1.8503155708313 5.6464225053787e-05 2.828677497746e-05
-0.14167991280556 -0.021384745836258 -2.6217136383057 -0.4982578754425 -1.8366613388062 7.7445060014725e-05 4.550814992399e-05
-0.12922230362892 -0.039209634065628 -2.6027536392212 -0.49927043914795 -1.8241012096405 6.5524131059647e-05 8.1779335232568e-06
-0.11793580651283 -0.056918412446976 -2.5832998752594 -0.50079560279846 -1.8127233982086 0.00012846663594246 -5.8534042182146e-06
-0.10762372612953 -0.074349671602249 -2.5633859634399 -0.50305986404419 -1.8026151657104 0.00023623183369637 1.2415190212778e-05
-0.097960859537125 -0.091591387987137 -2.5431497097015 -0.50582408905029 -1.7928528785706 0.00023527815937996 3.9183571061585e-05
-0.088933616876602 -0.10854557156563 -2.5224938392639 -0.50936675071716 -1.7836184501648 0.00025578215718269 2.5588125936338e-05
-0.080730825662613 -0.1254201233387 -2.5014843940735 -0.51318216323853 -1.7754516601562 0.00031252577900887 1.118244654208e-05
-0.073079019784927 -0.14205053448677 -2.4801111221313 -0.51780366897583 -1.7677092552185 0.00035544112324715 8.9409208158031e-05
-0.065831810235977 -0.15839532017708 -2.4583940505981 -0.52321720123291 -1.7601780891418 0.00029726698994637 2.9061466193525e-05
-0.059085518121719 -0.17465975880623 -2.4363675117493 -0.52903389930725 -1.7531404495239 0.00032110884785652 -1.6435764337075e-05
-0.052746444940567 -0.19074729084969 -2.4141523838043 -0.53499984741211 -1.7465591430664 0.00030632689595222 1.9671346308314e-05
-0.046900182962418 -0.20671370625496 -2.391471862793 -0.54186582565308 -1.7406599521637 0.00025816634297371 1.1104674740636e-05
-0.041404873132706 -0.22250393033028 -2.3685526847839 -0.54917311668396 -1.73503947258 0.00027867034077644 0.00011062218982261
-0.036273390054703 -0.23826172947884 -2.3454787731171 -0.55636668205261 -1.7299559116364 0.00022860243916512 9.5199662609957e-05
-0.031431585550308 -0.25384786725044 -2.3220481872559 -0.56429362297058 -1.7249310016632 0.0002567358314991 3.6308239941718e-05
-0.026914983987808 -0.26948240399361 -2.2984504699707 -0.57214426994324 -1.7206394672394 0.00027104094624519 8.0928602983477e-06
-0.022556692361832 -0.2849352657795 -2.274528503418 -0.58071112632751 -1.7160370349884 0.00021954253315926 5.3586983995046e-05
-0.018494516611099 -0.30032256245613 -2.25040102005 -0.58943676948547 -1.7117714881897 0.00023337081074715 -2.122596015397e-05
-0.014662653207779 -0.31574967503548 -2.2260024547577 -0.59834289550781 -1.7080512046814 0.0002715177834034 1.4901987924532e-05
-0.011003166437149 -0.33104851841927 -2.2013430595398 -0.60789895057678 -1.7044589519501 0.00021620467305183 -6.1406626628013e-06
-0.0074850618839264 -0.34635356068611 -2.1764605045319 -0.61747074127197 -1.7007904052734 0.00020428374409676 2.1500873117475e-05
-0.0042060911655426 -0.36168959736824 -2.1513121128082 -0.62730026245117 -1.6975173950195 0.00028629973530769 1.7678579752101e-05
-0.0010689795017242 -0.3769533932209 -2.1259443759918 -0.63740277290344 -1.6944167613983 0.00025435164570808 4.5456996303983e-05
0.0019086301326752 -0.39221385121346 -2.1003758907318 -0.64755082130432 -1.6914706230164 0.00012417510151863 -8.1438820416224e-06
0.0047453343868256 -0.40756991505623 -2.0744440555573 -0.65817809104919 -1.6886842250824 0.00026055052876472 7.0084708568174e-05
0.0074866712093353 -0.42288401722908 -2.0482182502747 -0.66911721229553 -1.6860737800598 0.00027771666646004 2.3029040676192e-05
0.010121196508408 -0.43823435902596 -2.0218315124512 -0.68007969856262 -1.6832184791565 0.00024862959980965 2.2002337573213e-05
0.01249822974205 -0.45363715291023 -1.9950399398804 -0.69142842292786 -1.6814379692078 0.00012942031025887 -1.4299466783996e-05
0.014959663152695 -0.46905091404915 -1.9681003093719 -0.70295596122742 -1.6784830093384 0.00023670867085457 3.8137521187309e-05
0.017130225896835 -0.48461392521858 -1.9407687187195 -0.7147364616394 -1.6764163970947 0.00016947463154793 8.6561652778983e-07
0.019373744726181 -0.50015950202942 -1.9131646156311 -0.72679114341736 -1.6740980148315 0.00020619109272957 -2.6992809125659e-06
0.021456569433212 -0.51577949523926 -1.8852713108063 -0.73893427848816 -1.6720788478851 0.00030060485005379 7.5452720921021e-05
0.023509830236435 -0.53148365020752 -1.857013463974 -0.75155854225159 -1.6700446605682 0.00025196745991707 -2.6371204512543e-05
0.025420039892197 -0.54734015464783 -1.8284065723419 -0.76421642303467 -1.6679637432098 0.0002104826271534 2.7505369871506e-05
0.027324050664902 -0.56331539154053 -1.7994329929352 -0.77711701393127 -1.665992975235 0.00028486922383308 8.7003230873961e-05
0.029159873723984 -0.5793399810791 -1.7701194286346 -0.7904748916626 -1.6639215946198 0.00022907927632332 -1.8545581042417e-05
0.030839294195175 -0.59556698799133 -1.740336894989 -0.80402970314026 -1.6624324321747 0.00038357451558113 2.1744979676441e-05
0.032515376806259 -0.61182689666748 -1.710150718689 -0.81795978546143 -1.660679101944 0.00023050978779793 7.2387731052004e-05
0.034107059240341 -0.62836194038391 -1.6795310974121 -0.83223104476929 -1.6592264175415 0.00018854811787605 8.6632659076713e-05
0.03569158911705 -0.64500451087952 -1.6484570503235 -0.84662890434265 -1.6576457023621 0.00033732131123543 -2.0995285012759e-06
0.037098258733749 -0.66186237335205 -1.6168041229248 -0.86133337020874 -1.6563577651978 0.0002419538795948 8.5913481598254e-05
0.038630336523056 -0.67897295951843 -1.5846779346466 -0.87652325630188 -1.6546232700348 0.00021525099873543 0.00010004725481849
0.039987415075302 -0.69628596305847 -1.552206993103 -0.89145302772522 -1.6532163619995 0.00016136839985847 0.00013032095739618
0.041449874639511 -0.71385550498962 -1.5188817977905 -0.90755248069763 -1.6515357494354 0.0002410002052784 2.3671071176068e-05
