7.3468896744089e-07 8.7200525911157e-08 0.91483896970749
2.0004831924325e-07 1.5934981334453e-08 0.9148388504982
9.1986365191588e-08 3.860629149699e-08 0.91483879089355
7.519082600993e-08 3.4229127976459e-08 0.91483891010284
3.3856738923532e-07 1.8320966432839e-07 0.91483891010284
6.8246185946919e-07 4.6014048393772e-07 0.91483891010284
7.5344217975726e-07 7.3629166763567e-07 0.91483873128891
3.9677743757238e-07 6.0728228845619e-07 0.91483879089355
3.9998829493015e-07 3.0724956445738e-07 0.9148388504982
3.2403414707005e-07 7.8678141335331e-07 0.91483902931213
2.2395823862098e-07 6.831400014562e-07 0.9148388504982
3.5086043226329e-07 8.4954854173702e-07 0.91483873128891
4.3106933844683e-07 1.088859335141e-06 0.91483879089355
3.4073144661306e-07 1.2972818694834e-06 0.9148388504982
2.200567479349e-07 1.7995783991864e-06 0.91483873128891
-1.5097498362593e-08 1.6279913097605e-06 0.91483879089355
-1.9486062541318e-08 1.9867966329912e-06 0.91483891010284
-8.8590958569057e-08 1.9772644463956e-06 0.91483908891678
1.2998259535379e-07 2.03453123504e-06 0.91483902931213
2.4606248416603e-07 2.0324016531958e-06 0.91483914852142
4.9371601562598e-07 2.1961816401017e-06 0.91483908891678
3.8479805652969e-07 2.0504699023149e-06 0.91483902931213
2.9491573627638e-07 1.9964370494563e-06 0.91483891010284
7.7349403682092e-07 1.8015679188466e-06 0.91483908891678
7.941487183416e-07 1.7901030560097e-06 0.91483920812607
6.2684051727047e-07 1.7754779264578e-06 0.91483908891678
9.240252438758e-07 1.5838105582588e-06 0.91483914852142
9.9514772955445e-07 1.3408327959041e-06 0.91483920812607
1.3504433127309e-06 1.6591172879998e-06 0.91483944654465
1.6621262375338e-06 1.5267135040631e-06 0.91483950614929
1.6195886018977e-06 1.338752895208e-06 0.91483944654465
1.5275618352462e-06 1.3410004839898e-06 0.91483974456787
1.2319876532274e-06 1.5168163827184e-06 0.91483962535858
1.7069239675038e-06 1.2221208862684e-06 0.91483968496323
1.8380856090516e-06 1.4681759239465e-06 0.91483950614929
8.4617073298432e-05 -0.0031804228201509 0.91484671831131
0.0006416083779186 -0.012779396958649 0.91489654779434
0.0011183111928403 -0.022448310628533 0.91496688127518
0.001598579925485 -0.032130338251591 0.9150937795639
0.0021098423749208 -0.041841857135296 0.91530376672745
0.0026044570840895 -0.051514439284801 0.91536068916321
0.0030886088497937 -0.061207484453917 0.91534852981567
0.0035297088325024 -0.070898249745369 0.9153054356575
0.0040464997291565 -0.080618731677532 0.91517776250839
0.0044700824655592 -0.090251356363297 0.91490703821182
0.0049893474206328 -0.099915452301502 0.91498690843582
0.0053944839164615 -0.10962226241827 0.91509360074997
0.0058643613010645 -0.11931151151657 0.91528105735779
0.0063761165365577 -0.12897564470768 0.91537708044052
0.0068630785681307 -0.13871102035046 0.91534519195557
0.0073685948736966 -0.1483708024025 0.91528534889221
0.0079878671094775 -0.15814270079136 0.91530990600586
0.0087144868448377 -0.16784358024597 0.9154366850853
0.0096185961738229 -0.17760123312473 0.91562235355377
0.010396080091596 -0.1874226629734 0.9158006310463
0.011025032959878 -0.1974368840456 0.91584920883179
0.011795855127275 -0.20736250281334 0.91590940952301
0.012574413791299 -0.2175008058548 0.91591560840607
0.013088521547616 -0.22740672528744 0.91588646173477
0.013660741969943 -0.23747400939465 0.91586267948151
0.014264641329646 -0.24766199290752 0.91576391458511
0.014837792143226 -0.25764337182045 0.91572153568268
0.015405142679811 -0.26778045296669 0.91560047864914
0.015967370942235 -0.2777823805809 0.9154931306839
0.016595998778939 -0.28793266415596 0.91545927524567
0.017114512622356 -0.2979484796524 0.91508090496063
0.017739728093147 -0.30756992101669 0.91532152891159
0.018392659723759 -0.31748786568642 0.91546207666397
0.018997995182872 -0.32736575603485 0.91564804315567
0.019552743062377 -0.3373214006424 0.91573119163513
