-0.021278869360685 0.050844669342041 1.2954130172729 0.0012467469787225 9.247464913642e-05 -3.059467792511 5.2387531468412e-05
-0.027356136590242 0.047734513878822 1.2859139442444 0.0010794232366607 0.00026989640900865 -3.0113482475281 1.7126838429249e-05
-0.033456109464169 0.044572398066521 1.2763675451279 0.0011866524582729 0.00040005793562159 -2.9629802703857 -2.3172908186098e-05
-0.039527282118797 0.04144711792469 1.2668410539627 0.0010817449074239 0.00030383176635951 -2.9147324562073 -6.1370724324661e-06
-0.045581325888634 0.03832121193409 1.2573224306107 0.0011202048044652 0.00032648275373504 -2.866464138031 5.9074129239889e-05
-0.051651999354362 0.035191461443901 1.2477971315384 0.00098658562637866 0.00045840733218938 -2.8175513744354 0.00011161723523401
-0.057792104780674 0.031996011734009 1.2382611036301 0.0010101372608915 0.00053257285617292 -2.7704203128815 7.3527102358639e-05
-0.063858546316624 0.028869464993477 1.2287410497665 0.00106432789471 0.00053523306269199 -2.7224111557007 6.7522007157095e-05
-0.069922462105751 0.025754973292351 1.2192332744598 0.00087069871369749 0.00067815481452271 -2.6740872859955 -5.3947373999108e-06
-0.076010957360268 0.022614128887653 1.2096966505051 0.0008794289897196 0.00070946122286841 -2.6258482933044 4.9404938181397e-05
-0.082096099853516 0.019494734704494 1.2001858949661 0.00081775494618341 0.00064423982985318 -2.5777463912964 6.8933331931476e-05
-0.088167741894722 0.016336716711521 1.1906498670578 0.00079236342571676 0.00069184484891593 -2.5292394161224 3.6055185773876e-05
-0.094249993562698 0.01321292668581 1.1811400651932 0.00084386969683692 0.00064952101092786 -2.4812455177307 2.7706395485438e-05
-0.10033801198006 0.010076180100441 1.1715861558914 0.00068321358412504 0.00064846454188228 -2.4331305027008 6.9503446866293e-05
-0.1064140945673 0.0069206953048706 1.1620577573776 0.00070707168197259 0.00052993569988757 -2.3850870132446 8.1566562585067e-05
-0.11249651014805 0.003776665776968 1.1525408029556 0.00060922297416255 0.00047118766815402 -2.3371248245239 7.6224845543038e-05
-0.11858712136745 0.00063594803214073 1.14302277565 0.00035264191683382 0.00043226330308244 -2.2891881465912 1.136129230872e-05
-0.12465412914753 -0.0024858191609383 1.1335116624832 0.00025030752294697 0.00042308663250878 -2.2408802509308 1.0486892279005e-05
-0.13073578476906 -0.0056263506412506 1.1239621639252 0.00028927222592756 5.1021102990489e-05 -2.1927902698517 -4.3447631469462e-05
-0.13682726025581 -0.0087786614894867 1.1144216060638 0.00015507980424445 2.3584492737427e-05 -2.1449310779572 6.253167612158e-06
-0.14290423691273 -0.011921420693398 1.1048792600632 -2.763630800473e-05 -3.9981860027183e-05 -2.0968763828278 -3.5179309634259e-05
-0.14898896217346 -0.015015313401818 1.0953876972198 -1.0948977433145e-05 0.00018274805916008 -2.0483822822571 -1.483875712438e-05
-0.15507060289383 -0.018174607306719 1.085844874382 0.00030495633836836 0.00066879502264783 -2.0003604888916 5.7294859288959e-05
-0.161157771945 -0.021319780498743 1.0763293504715 0.00064281822415069 0.0014208585489541 -1.9526895284653 5.4829346481711e-05
-0.16723127663136 -0.024470288306475 1.0667479038239 0.0010000374168158 0.0023658431600779 -1.9052629470825 9.8092030384578e-05
-0.17331543564796 -0.027604334056377 1.0572667121887 0.0012105802306905 0.0032722533214837 -1.8567889928818 1.0036538924396e-06
-0.17938113212585 -0.030725378543139 1.047767162323 0.001330150407739 0.0036270981654525 -1.8088850975037 1.189397789858e-05
-0.18547330796719 -0.033885322511196 1.0381760597229 0.00133308803197 0.0036218194290996 -1.7607156038284 -2.422244688205e-05
-0.19154696166515 -0.037009764462709 1.0286990404129 0.0010951979784295 0.0032222792506218 -1.7130736112595 5.6807381042745e-05
-0.19763195514679 -0.040160156786442 1.0191524028778 0.00069851439911872 0.0028664090204984 -1.6647121906281 -6.1027003539493e-06
-0.2037173807621 -0.043295636773109 1.0095828771591 0.00066724861972034 0.0026114324573427 -1.61694419384 5.6259006669279e-05
-0.20979738235474 -0.046392519026995 1.0000914335251 0.00049444066826254 0.0026400240603834 -1.5687644481659 2.6937697839458e-05
-0.21586579084396 -0.049556292593479 0.99045091867447 0.00053406204096973 0.0023434597533196 -1.5209457874298 -2.8268857931835e-05
-0.2219627648592 -0.052715074270964 0.98104238510132 0.00029601668938994 0.0024847642052919 -1.4725561141968 6.3455860072281e-05
-0.22804163396358 -0.055833414196968 0.97149533033371 0.0001554973423481 0.0024339947849512 -1.4247025251389 2.294997102581e-05
-0.23411174118519 -0.058983892202377 0.96201980113983 4.9210066208616e-06 0.0024459264241159 -1.3766885995865 -2.0120893168496e-05
-0.24018104374409 -0.062129430472851 0.95247799158096 -0.00017474459309597 0.0024642280768603 -1.3290547132492 -1.9377389435249e-06
-0.23552042245865 -0.061327088624239 0.94975656270981 0.00071224645944312 -0.0024843036662787 -1.3148119449615 -0.0068690069019794
-0.22589628398418 -0.05885249003768 0.94979792833328 0.00055212347069755 -0.0027916179969907 -1.3159378767014 -0.013098355382681
-0.2163113951683 -0.056346166878939 0.94981420040131 0.00067015603417531 -0.0026329897809774 -1.3150634765625 -0.019581655040383
-0.20671012997627 -0.053825359791517 0.94973796606064 0.00063755532028154 -0.0026111076585948 -1.3150391578674 -0.026051945984364
-0.19711808860302 -0.051323626190424 0.94984340667725 0.00042580222361721 -0.002363454317674 -1.3148994445801 -0.032238271087408
-0.18751230835915 -0.048823609948158 0.94976967573166 0.0006017591804266 -0.0023787831887603 -1.3147023916245 -0.038683943450451
-0.17790703475475 -0.046328008174896 0.9498690366745 0.00051830749725923 -0.0022767982445657 -1.3152579069138 -0.045125983655453
-0.16832140088081 -0.043832175433636 0.94983625411987 0.00048020161921158 -0.0021811556071043 -1.3150531053543 -0.051756482571363
-0.1587108373642 -0.041328992694616 0.94984406232834 0.00043862927122973 -0.0021306935232133 -1.3154079914093 -0.058087836951017
-0.14911851286888 -0.038834784179926 0.9498216509819 0.00056031323038042 -0.0020907374564558 -1.3154430389404 -0.064505606889725
-0.13952770829201 -0.036338999867439 0.94982957839966 0.00040106649976224 -0.0021360924001783 -1.3154487609863 -0.070774771273136
-0.12991562485695 -0.033833637833595 0.94982182979584 0.0005079447873868 -0.0020520845428109 -1.3154534101486 -0.077088229358196
-0.12033055722713 -0.031319633126259 0.94988894462585 0.00037934095598757 -0.0020179401617497 -1.3152412176132 -0.083388149738312
-0.11073876917362 -0.0288255084306 0.94994562864304 0.00031704394496046 -0.0023766013327986 -1.3156614303589 -0.088836953043938
-0.10116366297007 -0.026323206722736 0.94995486736298 0.00023904304543976 -0.0019938128534704 -1.3150815963745 -0.093701563775539
-0.091562114655972 -0.023844480514526 0.94997733831406 -0.00010799169831444 -0.0021386730950326 -1.3158155679703 -0.098510399460793
-0.087088607251644 -0.022693267092109 0.97530621290207 6.9095490289328e-06 0.0043884590268135 -1.3162707090378 -0.10019712150097
-0.087130218744278 -0.02269222214818 1.0232498645782 9.7394477052148e-05 0.0065929335542023 -1.3169434070587 -0.10033324360847
-0.087110206484795 -0.022682171314955 1.071293592453 -0.00016803047037683 0.0073325322009623 -1.3169106245041 -0.1002349704504
-0.087101742625237 -0.022724762558937 1.1192991733551 -0.00013082988152746 0.0080257160589099 -1.3172299861908 -0.10058610141277
-0.087127648293972 -0.022748850286007 1.1672226190567 5.8672678278526e-05 0.0085627036169171 -1.3170996904373 -0.10135794430971
-0.087134726345539 -0.022793039679527 1.215212225914 1.1885616004292e-05 0.0095561696216464 -1.3179405927658 -0.10248506814241
