-0.070832639932632 0.19832655787468 -1.7451202869415 -1.5959515571594 -1.7239253520966 -0.00020889587176498 5.2387531468412e-05
-0.10824146866798 0.17722889780998 -1.7525429725647 -1.5672883987427 -1.8096902370453 -0.00029115029610693 1.7126838429249e-05
-0.14362707734108 0.15416094660759 -1.7579317092896 -1.5389626026154 -1.8926849365234 -0.00042180367745459 -2.3172908186098e-05
-0.17730417847633 0.12936970591545 -1.7612736225128 -1.5108294487 -1.9750280380249 -0.00051979371346533 -6.1370724324661e-06
-0.20890679955482 0.10302874445915 -1.7626123428345 -1.4831869602203 -2.0548284053802 -0.00057224580086768 5.9074129239889e-05
-0.23860064148903 0.075219124555588 -1.76189661026 -1.4561247825623 -2.1328477859497 -0.00071219750680029 0.00011161723523401
-0.26630249619484 0.046052426099777 -1.759181022644 -1.4298095703125 -2.2083163261414 -0.00084833451546729 7.3527102358639e-05
-0.29211559891701 0.015902012586594 -1.754629611969 -1.4042191505432 -2.2820706367493 -0.0010228569153696 6.7522007157095e-05
-0.31619849801064 -0.015353471040726 -1.7480373382568 -1.3796265125275 -2.3544507026672 -0.0010931903962046 -5.3947373999108e-06
-0.33853879570961 -0.047606259584427 -1.7395198345184 -1.3559727668762 -2.425169467926 -0.0012827331665903 4.9404938181397e-05
-0.35917392373085 -0.080493241548538 -1.7291820049286 -1.3335161209106 -2.4938840866089 -0.0013113433960825 6.8933331931476e-05
-0.37821426987648 -0.11421039700508 -1.7169024944305 -1.3122234344482 -2.5612730979919 -0.0015652591828257 3.6055185773876e-05
-0.39567700028419 -0.14821699261665 -1.703061580658 -1.2922213077545 -2.6265506744385 -0.0016613418702036 2.7706395485438e-05
-0.41169396042824 -0.18276956677437 -1.6874661445618 -1.2733461856842 -2.6905896663666 -0.0018251354340464 6.9503446866293e-05
-0.4264010488987 -0.21779564023018 -1.6700761318207 -1.2558169364929 -2.7535328865051 -0.0019126350525767 8.1566562585067e-05
-0.43980255723 -0.2529790699482 -1.6511187553406 -1.2396440505981 -2.8151638507843 -0.0020075256470591 7.6224845543038e-05
-0.45199289917946 -0.28830769658089 -1.6307129859924 -1.2246077060699 -2.8753318786621 -0.0019786769989878 1.136129230872e-05
-0.46303501725197 -0.32377627491951 -1.6088745594025 -1.2106556892395 -2.9344303607941 -0.0017230922821909 1.0486892279005e-05
-0.47301951050758 -0.35935381054878 -1.5856142044067 -1.1977372169495 -2.9925305843353 -0.00096992799080908 -4.3447631469462e-05
-0.48201194405556 -0.39484599232674 -1.5611283779144 -1.1855900287628 -3.049459695816 0.00011845282278955 6.253167612158e-06
-0.49006119370461 -0.43013742566109 -1.535552740097 -1.1739687919617 -3.105447769165 0.0020281856413931 -3.5179309634259e-05
-0.49724665284157 -0.46516063809395 -1.5088655948639 -1.1627628803253 -3.1607949733734 0.0047599859535694 -1.483875712438e-05
-0.50361049175262 -0.50014495849609 -1.48108959198 -1.1521213054657 -3.215057849884 0.0082623548805714 5.7294859288959e-05
-0.50922787189484 -0.53499293327332 -1.4520666599274 -1.1427798271179 -3.2688360214233 0.011794287711382 5.4829346481711e-05
-0.51409995555878 -0.57001686096191 -1.4216048717499 -1.1357808113098 -3.3216712474823 0.014252860099077 9.8092030384578e-05
-0.51832258701324 -0.60529446601868 -1.3892529010773 -1.1322724819183 -3.3740077018738 0.014703948050737 1.0036538924396e-06
-0.52193486690521 -0.64093089103699 -1.3553521633148 -1.1318771839142 -3.4252874851227 0.013378340750933 1.189397789858e-05
-0.52496445178986 -0.677090883255 -1.3197350502014 -1.1337399482727 -3.4764308929443 0.011055190116167 -2.422244688205e-05
-0.5274623632431 -0.71298050880432 -1.2831947803497 -1.1367151737213 -3.5265119075775 0.0086996145546436 5.6807381042745e-05
-0.52944815158844 -0.74900889396667 -1.245285987854 -1.1404421329498 -3.5768706798553 0.0067202635109425 -6.1027003539493e-06
-0.53096282482147 -0.78492093086243 -1.2065327167511 -1.1444635391235 -3.62641954422 0.00552674010396 5.6259006669279e-05
-0.5320702791214 -0.82068014144897 -1.1667931079865 -1.1492431163788 -3.6755158901215 0.0047447271645069 2.6937697839458e-05
-0.53275978565216 -0.85692763328552 -1.1257202625275 -1.1548337936401 -3.7243163585663 0.0041548795998096 -2.8268857931835e-05
-0.53305947780609 -0.89280009269714 -1.0834054946899 -1.161388874054 -3.7727537155151 0.0037600584328175 6.3455860072281e-05
-0.53305995464325 -0.92908573150635 -1.03981590271 -1.1690073013306 -3.8208191394806 0.0034415312111378 2.294997102581e-05
-0.53271067142487 -0.96555685997009 -0.99477577209473 -1.1777586936951 -3.8685002326965 0.0031778402626514 -2.0120893168496e-05
-0.53211987018585 -1.0023913383484 -0.94826483726501 -1.1876146793365 -3.9154918193817 0.0029203481972218 -1.9377389435249e-06
-0.52540457248688 -1.0010385513306 -0.96018934249878 -1.184271812439 -3.9224948883057 -0.0025985650718212 -0.0068690069019794
-0.51549446582794 -0.98019886016846 -1.0014982223511 -1.1641590595245 -3.9126527309418 -0.0031941346824169 -0.013098355382681
-0.50541269779205 -0.96005034446716 -1.0413477420807 -1.1442723274231 -3.9024271965027 -0.0030436925590038 -0.019581655040383
-0.49506366252899 -0.94076991081238 -1.0794825553894 -1.1253318786621 -3.8925669193268 -0.0029364041984081 -0.026051945984364
-0.48455941677094 -0.92179417610168 -1.1164221763611 -1.1070384979248 -3.8816916942596 -0.0028360299766064 -0.032238271087408
-0.47377097606659 -0.90385174751282 -1.1519787311554 -1.0895788669586 -3.8709206581116 -0.0028534345328808 -0.038683943450451
-0.46279919147491 -0.88622117042542 -1.1862990856171 -1.0727093219757 -3.8599894046783 -0.0028160028159618 -0.045125983655453
-0.45157063007355 -0.86924338340759 -1.2195019721985 -1.0564441680908 -3.8487358093262 -0.0028229169547558 -0.051756482571363
-0.44011342525482 -0.8527820110321 -1.2516899108887 -1.0408153533936 -3.8372116088867 -0.0029898099601269 -0.058087836951017
-0.42840588092804 -0.83673191070557 -1.2829697132111 -1.025511264801 -3.8253750801086 -0.0028293542563915 -0.064505606889725
-0.41645395755768 -0.82103824615479 -1.3132560253143 -1.0108349323273 -3.8134889602661 -0.0028808526694775 -0.070774771273136
-0.40423333644867 -0.80583548545837 -1.3427846431732 -0.99660110473633 -3.8012158870697 -0.0029421262443066 -0.077088229358196
-0.39174973964691 -0.79087066650391 -1.3714447021484 -0.98278260231018 -3.7887799739838 -0.0029094628989697 -0.083388149738312
-0.37897956371307 -0.77622270584106 -1.3995184898376 -0.9688503742218 -3.776074886322 -0.0026390962302685 -0.088836953043938
-0.36597263813019 -0.76196694374084 -1.4268338680267 -0.95541763305664 -3.7629392147064 -0.0023711137473583 -0.093701563775539
-0.35270822048187 -0.74801588058472 -1.4534275531769 -0.94241046905518 -3.7494978904724 -0.0022356919944286 -0.098510399460793
-0.34651434421539 -0.70448398590088 -1.4540235996246 -0.97667932510376 -3.7424809932709 0.0060557909309864 -0.10019712150097
-0.34660112857819 -0.6449875831604 -1.4172582626343 -1.0692563056946 -3.7421405315399 0.0099291391670704 -0.10033324360847
-0.34659230709076 -0.59558629989624 -1.3652067184448 -1.1694757938385 -3.7421708106995 0.011022049933672 -0.1002349704504
-0.34660446643829 -0.55686259269714 -1.2982585430145 -1.2741858959198 -3.7418029308319 0.011780221015215 -0.10058610141277
-0.34662115573883 -0.52971267700195 -1.2153487205505 -1.3829956054688 -3.7419080734253 0.01335521414876 -0.10135794430971
-0.3466819524765 -0.51497769355774 -1.1145675182343 -1.4971394538879 -3.7412950992584 0.014442879706621 -0.10248506814241
