-4.3075854705421e-07 6.3087918533711e-07 0.91483920812607
-5.2832587016383e-07 4.8996679424818e-07 0.91483932733536
-2.921798341049e-07 5.0391264494465e-07 0.91483950614929
-7.4661542726062e-08 8.7721986119504e-07 0.91483938694
1.178664419399e-07 1.1145698408654e-06 0.91483974456787
2.9685938329749e-07 1.2417627885952e-06 0.91483974456787
5.3029822311146e-07 1.3129821354596e-06 0.91483980417252
3.8986880213088e-07 1.5785224150022e-06 0.91483992338181
4.9690191872287e-07 1.641193875912e-06 0.91483992338181
5.9076842262584e-07 2.0371624032123e-06 0.91483986377716
1.2314171726757e-06 1.7504015659142e-06 0.91483992338181
9.3456856120611e-07 1.8351863673161e-06 0.91483968496323
1.2010528962492e-06 1.7856749536804e-06 0.91483980417252
1.4283394875747e-06 1.5995916555767e-06 0.91483992338181
7.7985242796785e-07 1.776638669071e-06 0.91484016180038
3.6840535244664e-07 2.074849589917e-06 0.91484034061432
5.8245404943591e-07 2.2494839413412e-06 0.91484034061432
7.0418434461317e-07 2.1991700123181e-06 0.91484028100967
3.1773555519976e-07 2.087579559884e-06 0.91484034061432
7.3745428608163e-07 2.3323241293838e-06 0.91484045982361
7.7800922326787e-07 2.9923317015346e-06 0.9148405790329
8.551873520446e-07 3.1993097309169e-06 0.91484069824219
1.4329177702166e-06 3.1911392852635e-06 0.91484075784683
1.2772521813531e-06 2.8034078241035e-06 0.91484081745148
1.0276702369083e-06 2.9000007089053e-06 0.91484093666077
9.4876787670728e-07 2.9397515390883e-06 0.91484087705612
1.0726970458563e-06 2.8982781259401e-06 0.9148411154747
9.8727548447641e-07 3.12108363687e-06 0.9148411154747
1.2782993508154e-06 2.6222612632409e-06 0.9148411154747
9.2009491936551e-07 2.8387050861056e-06 0.91484105587006
3.117682751963e-07 3.4022696127067e-06 0.91484147310257
4.0850611071619e-07 3.4677307212405e-06 0.91484147310257
4.1378979176443e-07 3.1958904855856e-06 0.91484123468399
3.3829257972684e-07 3.6437413655221e-06 0.91484117507935
1.5890817905984e-07 3.8182920434338e-06 0.91484135389328
3.488206914426e-07 3.7745480767626e-06 0.9148411154747
9.6521667103389e-08 3.6443659610086e-06 0.91484117507935
-5.7990273916175e-08 3.7154841265874e-06 0.91484147310257
-1.8171793669808e-07 3.7260931549099e-06 0.91484153270721
-2.6134151198676e-07 3.471576519587e-06 0.91484159231186
1.7496047277632e-08 3.612527734731e-06 0.9148416519165
-2.2065086113798e-07 3.4108172712877e-06 0.91484200954437
1.2180582587007e-07 3.6489871035883e-06 0.91484177112579
3.6818929061155e-07 3.4309744023631e-06 0.91484177112579
1.0509426147109e-06 2.8260660656088e-06 0.91484183073044
1.0124903155884e-06 2.7979649530607e-06 0.91484194993973
4.0896946984503e-07 2.4834580472088e-06 0.91484194993973
1.6784366607681e-07 2.5355764137203e-06 0.91484194993973
4.1151920981974e-07 2.2130534489406e-06 0.91484189033508
5.5422088962587e-07 2.5098586320382e-06 0.91484200954437
0.0016513436567038 0.00051005714340135 0.91566509008408
0.0048613157123327 0.0012893780367449 0.91737258434296
0.0079033179208636 0.0019858027808368 0.91898655891418
0.010069424286485 0.0028382476884872 0.9428493976593
0.010373785160482 0.0032176345121115 0.98938983678818
0.010948033072054 0.0033598989248276 1.0361754894257
0.011430330574512 0.0034389514476061 1.0827963352203
0.011116690933704 0.0032592655625194 1.1296244859695
0.010985900647938 0.0028902755584568 1.1762681007385
