-0.019197847694159 0.049237191677094 1.2973186969757 0.00098772230558097 0.00014864004333504 -3.0590596199036 -4.9672839850246e-06
-0.02413946390152 0.045227065682411 1.2888298034668 0.00097145105246454 0.00013656573719345 -3.0110182762146 9.4869385065977e-05
-0.029088411480188 0.041194528341293 1.2803263664246 0.00097953982185572 3.8899011997273e-05 -2.9625768661499 1.794225681806e-05
-0.034055836498737 0.037184461951256 1.2718533277512 0.00077767693437636 0.0003688606666401 -2.9146730899811 2.003399640671e-05
-0.039017111063004 0.033203467726707 1.2633857727051 0.00086804968304932 0.00028580764774233 -2.866774559021 9.3569091404788e-05
-0.043958924710751 0.029165387153625 1.2548806667328 0.00086464447667822 0.00034733393113129 -2.8183481693268 3.6202265619067e-05
-0.048915237188339 0.025155141949654 1.2464027404785 0.00069289893144742 0.00049252138705924 -2.7699284553528 -7.4408039836271e-06
-0.053870186209679 0.021152779459953 1.2379096746445 0.00079146114876494 0.0005530021735467 -2.7218639850616 7.8948789450806e-05
-0.058795519173145 0.017152763903141 1.2294269800186 0.0007423231145367 0.00043282090337016 -2.673318862915 3.7810375943081e-05
-0.063771516084671 0.013110347092152 1.2209230661392 0.00075455679325387 0.00046901483437978 -2.6256175041199 3.5078226119367e-06
-0.068725019693375 0.0091181471943855 1.2124359607697 0.00069038692163303 0.00043665827251971 -2.5770120620728 3.6888926842948e-05
-0.073677316308022 0.0050912946462631 1.2039651870728 0.00063280330505222 0.0004392750270199 -2.5293960571289 -9.3238995759748e-06
-0.078606873750687 0.0011036768555641 1.1954698562622 0.00055132334819064 0.00049800414126366 -2.4809803962708 -6.0125189520477e-06
-0.083572283387184 -0.0029080137610435 1.1870118379593 0.00057107809698209 0.00036724854726344 -2.4334943294525 5.7393121096538e-05
-0.088525801897049 -0.006946787238121 1.1784973144531 0.00031826784834266 0.00045992198283784 -2.3853831291199 -2.7219630283071e-06
-0.093492642045021 -0.01096223667264 1.1699808835983 0.00031173820025288 0.00024533265968785 -2.3371114730835 5.4340132919606e-05
-0.098429977893829 -0.014976408332586 1.1615136861801 0.00015193389845081 0.00026551919290796 -2.288774728775 3.6237470339984e-06
-0.10339829325676 -0.018998082727194 1.1529977321625 0.00017607414338272 4.1285915358458e-05 -2.2408814430237 3.4788920402207e-06
-0.10836286842823 -0.023015763610601 1.1445018053055 -6.8908630055375e-06 -0.00012251103180461 -2.1930813789368 -3.9295882743318e-06
-0.11329454183578 -0.027042254805565 1.1360371112823 -7.61958071962e-05 -0.00021284197282512 -2.1450321674347 0.00012330041499808
-0.11824494600296 -0.03101621568203 1.1275155544281 -5.1001090469072e-05 -0.00024981220485643 -2.096640586853 -1.4932567864889e-05
-0.12319406121969 -0.035054206848145 1.1190297603607 -2.5055582227651e-05 -0.00016915185551625 -2.0490388870239 3.0547482310794e-05
-0.12815076112747 -0.039070505648851 1.1105191707611 0.00016207151929848 0.00022802868625149 -2.0006594657898 4.5708835386904e-05
-0.13309976458549 -0.043066460639238 1.1021001338959 0.00042540862341411 0.0011918416712433 -1.9526988267899 0.00012093561235815
-0.13806521892548 -0.047085292637348 1.0935291051865 0.0010829214006662 0.0023307411465794 -1.9044595956802 1.3821060747432e-05
-0.14300736784935 -0.05109878256917 1.0851089954376 0.0014804106904194 0.0038054152391851 -1.8569985628128 1.424003221473e-05
-0.14795488119125 -0.05509952455759 1.0766055583954 0.0017212885431945 0.0049900421872735 -1.8087800741196 -1.876542228274e-05
-0.15290440618992 -0.059095967561007 1.0681195259094 0.0017764077056199 0.0053326580673456 -1.7609907388687 3.0296941986308e-05
-0.15786284208298 -0.0631173402071 1.0596514940262 0.0012796638766304 0.0050479052588344 -1.7133477926254 -2.3049858555169e-06
-0.16282312572002 -0.067160576581955 1.0510500669479 0.0012389067560434 0.0042879329994321 -1.6646869182587 1.1203655958525e-06
-0.16775931417942 -0.071170598268509 1.0426577329636 0.00057042762637138 0.0036532634403557 -1.6173306703568 9.6204785222653e-05
-0.17272089421749 -0.075180366635323 1.0341230630875 0.00044721277663484 0.0033279494382441 -1.5688664913177 7.4487026722636e-05
-0.17766246199608 -0.079183183610439 1.0256117582321 0.00033588003134355 0.0030416422523558 -1.5206549167633 3.6091376387049e-05
-0.18262383341789 -0.083193480968475 1.01711165905 0.00024390427279286 0.002880162326619 -1.4728664159775 -3.2967709557852e-05
-0.18758536875248 -0.087205991148949 1.008665561676 4.3984680814901e-05 0.0028501467313617 -1.4249819517136 -1.828074232435e-06
-0.1925453543663 -0.091212570667267 1.0001341104507 0.00013629854947794 0.0028175683692098 -1.3764897584915 2.7675427190843e-05
-0.19748347997665 -0.095245994627476 0.99153178930283 2.0903269614791e-05 0.0028269169852138 -1.3291800022125 1.3499779015547e-05
-0.20242151618004 -0.09923543035984 0.98321664333344 -0.00046568780089729 0.0029726105276495 -1.280956029892 0.00015571407857351
-0.20737761259079 -0.1032639592886 0.97464036941528 -0.00017329092952423 0.0030144767370075 -1.2333635091782 3.9565705378664e-07
-0.21234495937824 -0.10726395249367 0.96613329648972 -0.00051987241022289 0.0030569420196116 -1.1851818561554 4.8709032853367e-05
-0.2172866910696 -0.1112677231431 0.95773231983185 -0.00094957678811625 0.0033749006688595 -1.1380822658539 4.6934706915636e-05
-0.22062841057777 -0.1143362224102 0.94988369941711 0.00086496892618015 0.001048217411153 -1.0931620597839 4.0060662286123e-05
-0.21115700900555 -0.10946813225746 0.94969439506531 0.0019450186518952 -0.0042563248425722 -1.0912692546844 1.3501154683127e-07
-0.20157569646835 -0.10450159013271 0.94967406988144 0.0017068397719413 -0.0038159997202456 -1.0917203426361 5.1444927521516e-05
-0.19197508692741 -0.099489569664001 0.94967377185822 0.0016464970540255 -0.0034287783782929 -1.0911275148392 7.5436284532771e-05
-0.18237006664276 -0.094520799815655 0.94985777139664 0.001181018888019 -0.0030418443493545 -1.0913240909576 9.1372567112558e-06
-0.17276854813099 -0.089564420282841 0.94981050491333 0.0011592598166317 -0.0027983994223177 -1.0918234586716 -8.9815448518493e-06
-0.16315475106239 -0.084576033055782 0.94978034496307 0.0011089477920905 -0.0026458997745067 -1.0917007923126 0.00012101566244382
-0.15357550978661 -0.07958971709013 0.94982600212097 0.0010932671139017 -0.0023855641484261 -1.0919913053513 6.0036476497771e-05
-0.1439770758152 -0.074647463858128 0.94979757070541 0.001128260162659 -0.0022477139718831 -1.0918745994568 -1.6386277366109e-06
-0.13437546789646 -0.069654256105423 0.94983035326004 0.00089209486031905 -0.0023070320021361 -1.092134475708 3.4368988508504e-06
-0.12476690113544 -0.06468416005373 0.94985163211823 0.00083241990068927 -0.0022303066216409 -1.0919377803802 7.4226307333447e-05
-0.1151762008667 -0.059712924063206 0.94985628128052 0.0008590049110353 -0.0020195301622152 -1.0922876596451 -1.2135010365455e-05
-0.10558482259512 -0.054719835519791 0.94986361265182 0.00081064848927781 -0.002010811585933 -1.0920569896698 5.5788117606426e-05
-0.095960542559624 -0.049753583967686 0.94990569353104 0.00077886995859444 -0.0018471010262147 -1.0919752120972 -4.2029565520352e-05
-0.086380377411842 -0.0447405166924 0.94990313053131 0.0006879493012093 -0.0019538656342775 -1.0916129350662 -5.9894080095546e-07
-0.076800882816315 -0.039802551269531 0.9499379992485 0.00069623423041776 -0.0019547671545297 -1.092077255249 4.1074681575992e-06
-0.067190513014793 -0.034823384135962 0.9499169588089 0.00059898052131757 -0.0017446376150474 -1.0921667814255 0.0001053114028764
-0.057603508234024 -0.029838947579265 0.94992697238922 0.00058573920978233 -0.0018225042149425 -1.0919414758682 1.1179148714291e-05
-0.0480120703578 -0.024874975904822 0.94995266199112 0.00060806627152488 -0.001657017855905 -1.0924571752548 2.7218997274758e-05
-0.038416244089603 -0.019882222637534 0.94991683959961 0.00054116448154673 -0.0016610728343949 -1.0920921564102 8.7392705609091e-05
-0.02887924015522 -0.014899527654052 0.94998264312744 0.00066283339401707 -0.0019891338888556 -1.0911072492599 3.8307443901431e-05
-0.019220076501369 -0.00993837043643 0.94996500015259 0.00060074485372752 -0.0016718811821193 -1.0921021699905 -1.3780900189886e-05
-0.0096131190657616 -0.0049528647214174 0.94992411136627 0.00061623204965144 -0.0015056614065543 -1.0920922756195 5.5607483773201e-06
-1.8924474716187e-06 5.4948031902313e-07 0.94996285438538 0.0006395464297384 -0.0015645149396732 -1.0919991731644 5.9564681578195e-05
0.0095918402075768 0.004978884011507 0.94996285438538 0.00070355623029172 -0.0018951143138111 -1.0920525789261 7.6027026807424e-05
0.019190095365047 0.0099629554897547 0.94993591308594 0.00059128017164767 -0.0015435743844137 -1.0919075012207 -1.8491506125429e-05
0.028794027864933 0.014941319823265 0.94994682073593 0.00065969582647085 -0.0015967353247106 -1.0919288396835 4.6208191633923e-05
0.038379482924938 0.019924936816096 0.94994425773621 0.00065187038853765 -0.001574823865667 -1.09182035923 2.7961038995272e-06
0.048002347350121 0.02490864880383 0.94991916418076 0.00065243546850979 -0.0016938878688961 -1.0921984910965 8.1802412751131e-05
0.057604618370533 0.029861776158214 0.94996124505997 0.00071533425943926 -0.0019270339980721 -1.0920561552048 8.7140830373755e-07
0.067203223705292 0.034839376807213 0.94994521141052 0.00071365421172231 -0.00148554390762 -1.0922229290009 1.9843701011268e-05
0.076791450381279 0.039826951920986 0.94994574785233 0.00069622474256903 -0.0016137377824634 -1.0920598506927 2.0371537175379e-05
0.086388744413853 0.044803537428379 0.9499489068985 0.00066695979330689 -0.0016265630256385 -1.0922999382019 9.0506480773911e-05
0.095991373062134 0.049774050712585 0.94996643066406 0.00072950631147251 -0.0015782524133101 -1.0918122529984 2.5352856027894e-05
0.10558340698481 0.054752696305513 0.9499791264534 0.0007409849204123 -0.0017495477804914 -1.0919806957245 7.0499772846233e-05
0.11520229279995 0.059717155992985 0.94998574256897 0.00064181233756244 -0.0017216795822605 -1.0919516086578 1.9909379261662e-05
0.12477706372738 0.064676567912102 0.94998526573181 0.00077310774940997 -0.0017141731223091 -1.0921881198883 8.7857151811477e-06
0.13437157869339 0.06968592852354 0.95000219345093 0.00076929747592658 -0.0017602181760594 -1.0917216539383 5.8966292272089e-05
0.14398753643036 0.074645474553108 0.94998997449875 0.00075947016011924 -0.0018281087977812 -1.0923434495926 3.9344677134068e-06
0.15357436239719 0.079628802835941 0.94998496770859 0.00077988830162212 -0.0017140064155683 -1.0920180082321 -2.2859438104206e-05
0.16319271922112 0.084600701928139 0.9499785900116 0.00078658037818968 -0.0018979825545102 -1.0923608541489 3.8475547626149e-05
0.17278411984444 0.089565224945545 0.94998645782471 0.00083443487528712 -0.0018569167004898 -1.0920048952103 -1.1206238923478e-05
0.18238773941994 0.09455032646656 0.94997543096542 0.00085903564468026 -0.0018413312500343 -1.0923552513123 4.4124568375992e-05
0.19198688864708 0.099529340863228 0.94997423887253 0.00088632642291486 -0.0019753370434046 -1.0920596122742 5.330076237442e-05
0.20158070325851 0.10451880842447 0.94997262954712 0.00099891854915768 -0.0018272983143106 -1.0921108722687 1.9487957615638e-05
0.2111763805151 0.10949491709471 0.94998252391815 0.00097412220202386 -0.0020182814914733 -1.0916992425919 -2.8090957130189e-05
