-0.063793331384659 0.19659420847893 -1.7389721870422 -1.600132226944 -1.7170474529266 -0.00014166183245834 -4.9672839850246e-06
-0.097343116998672 0.17494723200798 -1.7432804107666 -1.5741908550262 -1.7986478805542 -0.00015382119454443 9.4869385065977e-05
-0.12919202446938 0.15166375041008 -1.7457921504974 -1.5483984947205 -1.878928899765 -0.0002241546753794 1.794225681806e-05
-0.15923801064491 0.12697312235832 -1.7464725971222 -1.5230000019073 -1.9570734500885 -0.00046471902169287 2.003399640671e-05
-0.18744245171547 0.10104414820671 -1.7453773021698 -1.4981603622437 -2.0333960056305 -0.00044111558236182 9.3569091404788e-05
-0.213821798563 0.073729485273361 -1.7424454689026 -1.4738614559174 -2.1079518795013 -0.00058774300850928 3.6202265619067e-05
-0.23854485154152 0.045443028211594 -1.7377502918243 -1.4502198696136 -2.1810624599457 -0.00066618272103369 -7.4408039836271e-06
-0.26145640015602 0.016168087720871 -1.7312495708466 -1.4275677204132 -2.2519147396088 -0.00069550820626318 7.8948789450806e-05
-0.28271427750587 -0.013983517885208 -1.7230529785156 -1.4056220054626 -2.3214104175568 -0.00076870271004736 3.7810375943081e-05
-0.30238404870033 -0.044953376054764 -1.7131180763245 -1.3846638202667 -2.3891131877899 -0.00084261246956885 3.5078226119367e-06
-0.32054963707924 -0.076534539461136 -1.7015330791473 -1.3646929264069 -2.4554407596588 -0.0008964950684458 3.6888926842948e-05
-0.33722987771034 -0.10860422253609 -1.6882710456848 -1.3458876609802 -2.520170211792 -0.00091795274056494 -9.3238995759748e-06
-0.35252967476845 -0.14122107625008 -1.6734414100647 -1.3280935287476 -2.5837001800537 -0.00095514603890479 -6.0125189520477e-06
-0.36650648713112 -0.17413833737373 -1.6570775508881 -1.3114547729492 -2.6455988883972 -0.00098351784981787 5.7393121096538e-05
-0.37924185395241 -0.20743802189827 -1.639152765274 -1.2960431575775 -2.706193447113 -0.00091604539193213 -2.7219630283071e-06
-0.39083138108253 -0.24108245968819 -1.6197202205658 -1.2817168235779 -2.7660255432129 -0.00083736726082861 5.4340132919606e-05
-0.40130892395973 -0.27483680844307 -1.5988714694977 -1.2684798240662 -2.8246626853943 -0.00056604691781104 3.6237470339984e-06
-0.41073909401894 -0.30871441960335 -1.5767288208008 -1.2561299800873 -2.8822705745697 7.1722781285644e-05 3.4788920402207e-06
-0.41917935013771 -0.34255626797676 -1.553426027298 -1.2446665763855 -2.9385068416595 0.0010158603545278 -3.9295882743318e-06
-0.42666926980019 -0.37629702687263 -1.5289225578308 -1.2338798046112 -2.993852853775 0.0025112216826528 0.00012330041499808
-0.43335357308388 -0.41007712483406 -1.5032994747162 -1.22341132164 -3.0488376617432 0.0048839636147022 -1.4932567864889e-05
-0.43918600678444 -0.44365242123604 -1.4767541885376 -1.2131462097168 -3.1026313304901 0.0081274099647999 3.0547482310794e-05
-0.44424882531166 -0.47701528668404 -1.4492399692535 -1.2030427455902 -3.1556930541992 0.012358862906694 4.5708835386904e-05
-0.44864478707314 -0.51004648208618 -1.4207077026367 -1.1936666965485 -3.2081036567688 0.017066199332476 0.00012093561235815
-0.45234218239784 -0.54345345497131 -1.3907668590546 -1.186126947403 -3.2599103450775 0.021356303244829 1.3821060747432e-05
-0.45544043183327 -0.57690620422363 -1.3590874671936 -1.1818082332611 -3.3111295700073 0.023719031363726 1.424003221473e-05
-0.45794048905373 -0.61119985580444 -1.3254461288452 -1.1817281246185 -3.3614814281464 0.023215491324663 -1.876542228274e-05
-0.45989671349525 -0.64600706100464 -1.2898571491241 -1.1855728626251 -3.4113192558289 0.020130831748247 3.0296941986308e-05
-0.46135631203651 -0.68131160736084 -1.2525749206543 -1.1917352676392 -3.460679769516 0.015679556876421 -2.3049858555169e-06
-0.46231403946877 -0.71700000762939 -1.2140581607819 -1.1988370418549 -3.5096588134766 0.011711318045855 1.1203655958525e-06
-0.46283736824989 -0.75201177597046 -1.1748695373535 -1.2056527137756 -3.5581457614899 0.0087916441261768 9.6204785222653e-05
-0.46297565102577 -0.78723454475403 -1.1346518993378 -1.2126071453094 -3.6063196659088 0.0069248266518116 7.4487026722636e-05
-0.46269598603249 -0.82238245010376 -1.0934364795685 -1.2198128700256 -3.6541559696198 0.0057174749672413 3.6091376387049e-05
-0.46210542321205 -0.85774326324463 -1.0508763790131 -1.2277860641479 -3.7014751434326 0.005061823874712 -3.2967709557852e-05
-0.46115747094154 -0.89313983917236 -1.0069644451141 -1.2367091178894 -3.7486264705658 0.0045053549110889 -1.828074232435e-06
-0.45991078019142 -0.92909598350525 -0.96157288551331 -1.246593952179 -3.7953426837921 0.0040237493813038 2.7675427190843e-05
-0.45837846398354 -0.96553754806519 -0.91445279121399 -1.2575554847717 -3.8417413234711 0.0037390775978565 1.3499779015547e-05
-0.45660510659218 -1.0020093917847 -0.86558151245117 -1.2698314189911 -3.8879423141479 0.0034958906471729 0.00015571407857351
-0.45461931824684 -1.0397732257843 -0.81441950798035 -1.283510684967 -3.9335999488831 0.0035068579018116 3.9565705378664e-07
-0.45237174630165 -1.0782082080841 -0.76060080528259 -1.2987675666809 -3.9795551300049 0.0034639425575733 4.8709032853367e-05
-0.44999924302101 -1.1175308227539 -0.7040548324585 -1.3156599998474 -4.0248174667358 0.003355223685503 4.6934706915636e-05
-0.4465357363224 -1.1526036262512 -0.65511775016785 -1.3332779407501 -4.0654468536377 0.0016233511269093 4.0060662286123e-05
-0.43776240944862 -1.1223866939545 -0.71805739402771 -1.3070709705353 -4.0592613220215 -0.0039463452994823 1.3501154683127e-07
-0.42907229065895 -1.0906524658203 -0.78185534477234 -1.2744867801666 -4.0500326156616 -0.0036058835685253 5.1444927521516e-05
-0.42006769776344 -1.0612888336182 -0.84070658683777 -1.2445783615112 -4.0412216186523 -0.0030789785087109 7.5436284532771e-05
-0.4109071791172 -1.0334331989288 -0.89563632011414 -1.2168776988983 -4.0318303108215 -0.0029519014060497 9.1372567112558e-06
-0.4015249311924 -1.0073897838593 -0.94742441177368 -1.1908075809479 -4.0220832824707 -0.0028448514640331 -8.9815448518493e-06
-0.39184084534645 -0.9827823638916 -0.99634695053101 -1.1662974357605 -4.0127620697021 -0.0027187280356884 0.00012101566244382
-0.38197961449623 -0.9591817855835 -1.0429735183716 -1.1430702209473 -4.0026760101318 -0.0025105886161327 6.0036476497771e-05
-0.37188377976418 -0.93656754493713 -1.0875720977783 -1.1209020614624 -3.9921884536743 -0.0024230889976025 -1.6386277366109e-06
-0.36143890023232 -0.91481161117554 -1.1302778720856 -1.0998079776764 -3.9820320606232 -0.0023925714194775 3.4368988508504e-06
-0.35077825188637 -0.89377164840698 -1.1714584827423 -1.0795800685883 -3.9711923599243 -0.0023770742118359 7.4226307333447e-05
-0.33986154198647 -0.87352061271667 -1.2111301422119 -1.06010222435 -3.9602715969086 -0.0023661069571972 -1.2135010365455e-05
-0.32864251732826 -0.85377192497253 -1.2495324611664 -1.0413353443146 -3.9489371776581 -0.002382081001997 5.5788117606426e-05
-0.3171354830265 -0.8346745967865 -1.2866616249084 -1.0232715606689 -3.9373371601105 -0.0022070817649364 -4.2029565520352e-05
-0.30529537796974 -0.81610536575317 -1.3226728439331 -1.0057911872864 -3.9256718158722 -0.0023184232413769 -5.9894080095546e-07
-0.29316368699074 -0.79796814918518 -1.3576271533966 -0.98889756202698 -3.9135732650757 -0.0023634843528271 4.1074681575992e-06
-0.28075733780861 -0.7802460193634 -1.3917489051819 -0.97228622436523 -3.9008731842041 -0.0021267347037792 0.0001053114028764
-0.26795688271523 -0.76314377784729 -1.4246673583984 -0.95650196075439 -3.8883838653564 -0.0022111348807812 1.1179148714291e-05
-0.25486627221107 -0.74627327919006 -1.45689702034 -0.94117712974548 -3.8751230239868 -0.0022535733878613 2.7218997274758e-05
-0.24138942360878 -0.72991132736206 -1.4882593154907 -0.92623853683472 -3.8616707324982 -0.0023503713309765 8.7392705609091e-05
-0.2275907099247 -0.71401143074036 -1.5183877944946 -0.912442445755 -3.8486227989197 -0.0027063302695751 3.8307443901431e-05
-0.2133781015873 -0.69805788993835 -1.5486090183258 -0.89768838882446 -3.8337836265564 -0.0024109296500683 -1.3780900189886e-05
-0.19880047440529 -0.68274140357971 -1.5776555538177 -0.88410925865173 -3.8192830085754 -0.0024357251822948 5.5607483773201e-06
-0.18376842141151 -0.6675808429718 -1.6060531139374 -0.87078738212585 -3.8042833805084 -0.0023875646293163 5.9564681578195e-05
-0.16844430565834 -0.6529107093811 -1.633682012558 -0.85845828056335 -3.7886817455292 -0.0029611997306347 7.6027026807424e-05
-0.15262261033058 -0.63839316368103 -1.6608166694641 -0.84547209739685 -3.7731385231018 -0.0027525834739208 -1.8491506125429e-05
-0.13643637299538 -0.62418007850647 -1.6872396469116 -0.83335161209106 -3.756872177124 -0.0027242116630077 4.6208191633923e-05
-0.11978951096535 -0.61024761199951 -1.7130498886108 -0.82155799865723 -3.7402031421661 -0.0028763227164745 2.7961038995272e-06
-0.10267439484596 -0.59667491912842 -1.7382783889771 -0.81003761291504 -3.7229909896851 -0.0029838494956493 8.1802412751131e-05
-0.085102468729019 -0.58339786529541 -1.7626256942749 -0.79951596260071 -3.7055284976959 -0.0035267286002636 8.7140830373755e-07
-0.067095667123795 -0.57023930549622 -1.7866933345795 -0.78837013244629 -3.6875269412994 -0.003379862755537 1.9843701011268e-05
-0.048608213663101 -0.55745553970337 -1.8100867271423 -0.77792501449585 -3.6689236164093 -0.0034506730735302 2.0371537175379e-05
-0.029628664255142 -0.54491400718689 -1.8328347206116 -0.7677698135376 -3.6500649452209 -0.0035343579947948 9.0506480773911e-05
-0.010122925043106 -0.53261041641235 -1.8549838066101 -0.75809693336487 -3.6305766105652 -0.0037489347159863 2.5352856027894e-05
0.009856790304184 -0.52056336402893 -1.876677274704 -0.74852824211121 -3.6103756427765 -0.0039074830710888 7.0499772846233e-05
0.030370801687241 -0.50888013839722 -1.8976137638092 -0.73935294151306 -3.5901324748993 -0.0039718560874462 1.9909379261662e-05
0.051354020833969 -0.49748945236206 -1.9179298877716 -0.73076987266541 -3.5690920352936 -0.0043335370719433 8.7857151811477e-06
0.072905629873276 -0.48635172843933 -1.9377293586731 -0.72239828109741 -3.5476424694061 -0.0046625547111034 5.8966292272089e-05
0.094923585653305 -0.47555184364319 -1.9568154811859 -0.71470379829407 -3.5255243778229 -0.0052431039512157 3.9344677134068e-06
0.11746940016747 -0.46502900123596 -1.9753432273865 -0.70703077316284 -3.5029485225677 -0.0055928640067577 -2.2859438104206e-05
0.14058598875999 -0.45479440689087 -1.9932622909546 -0.69982051849365 -3.4797024726868 -0.0060179643332958 3.8475547626149e-05
0.16418990492821 -0.44492697715759 -2.0104138851166 -0.69313430786133 -3.4561448097229 -0.0067041330039501 -1.1206238923478e-05
0.18832787871361 -0.43541574478149 -2.0269877910614 -0.68687844276428 -3.4320180416107 -0.0074820928275585 4.4124568375992e-05
0.21298417448997 -0.42620635032654 -2.0428597927094 -0.68101596832275 -3.4074490070343 -0.0083127431571484 5.330076237442e-05
0.23812112212181 -0.41735219955444 -2.0581040382385 -0.67563533782959 -3.3821060657501 -0.0092819146811962 1.9487957615638e-05
0.26372346282005 -0.40890550613403 -2.0724737644196 -0.67084741592407 -3.3566784858704 -0.010465424507856 -2.8090957130189e-05
