1.4005553339302e-07 -4.0387556055066e-07 0.91483932733536
6.7019885818809e-07 -2.3275546823243e-07 0.91483950614929
5.4055703913036e-07 -8.0462251617064e-07 0.91483938694
4.5623571054421e-07 -6.1024081787764e-07 0.91483956575394
5.2590405630326e-07 -3.5783963880931e-07 0.91483944654465
6.500076779048e-07 -1.9237344872636e-07 0.91483950614929
4.3533538018892e-07 -2.5030237793544e-07 0.91483938694
-5.8887849263556e-08 -9.6064781018868e-08 0.91483908891678
2.166274271076e-09 -4.1646519122196e-08 0.91483896970749
2.1664007476829e-08 2.5339221565446e-07 0.91483891010284
3.6102761669099e-07 6.0133800161566e-07 0.91483902931213
6.5845469521264e-08 5.3951987410983e-07 0.91483891010284
2.4692511146895e-07 7.0817293362779e-07 0.9148388504982
-1.2971871399259e-07 5.5882543392727e-07 0.91483902931213
-2.2630263174506e-07 5.8960358728655e-07 0.91483891010284
-3.583826924114e-07 6.1153281194493e-07 0.91483902931213
-7.2051750521496e-07 6.8330012936713e-07 0.91483896970749
-8.6778538843646e-07 3.4286856021026e-07 0.91483902931213
-7.4921894110958e-07 -3.1052164217726e-07 0.91483908891678
-4.9606660468271e-07 -2.1922092230398e-07 0.91483926773071
-2.4478646309944e-07 -5.8256171087123e-07 0.91483956575394
-5.6358004485446e-07 -4.6484166205119e-07 0.91483968496323
-9.4080650114847e-07 -4.4777925722883e-07 0.91483992338181
-9.1407105173857e-07 -7.1036419058146e-07 0.91483998298645
-1.5127507140278e-06 -8.5275775063565e-07 0.91484004259109
-1.4799588825554e-06 -4.6563710043301e-07 0.91483992338181
-1.6462104213133e-06 -2.4739884452174e-07 0.91484004259109
-1.5804457689228e-06 -1.7103671723362e-07 0.91484016180038
-1.6375718132622e-06 -4.2475807049414e-07 0.91484016180038
-1.436070760974e-06 -3.0310934562294e-07 0.91484028100967
-1.7551041082697e-06 2.9412573709919e-08 0.91484040021896
-1.2215268725413e-06 -3.4761467304634e-07 0.91484051942825
-1.1388066241125e-06 -5.9311867062206e-07 0.91484051942825
-1.0174185263168e-06 -6.1868718148617e-07 0.9148405790329
-1.2654409147217e-06 -4.8958673914967e-07 0.9148405790329
-1.3178259905544e-06 -5.7404207609579e-07 0.91484063863754
-1.2411164789228e-06 -7.5688490142056e-07 0.91484040021896
-1.4778116792513e-06 -2.6951596510116e-07 0.91484051942825
-1.669873654464e-06 -8.5803708316234e-07 0.91484034061432
-2.1003672827646e-06 -9.0411117525946e-07 0.91484034061432
-1.9336434888828e-06 -8.8374628148813e-07 0.91484040021896
-1.9831429654005e-06 -1.1059962616855e-06 0.9148405790329
-2.0622937881853e-06 -1.0944396535706e-06 0.91484063863754
-1.9548194813979e-06 -1.3485490626408e-06 0.91484069824219
-1.7385680166626e-06 -1.7756506167643e-06 0.9148405790329
-1.5718667327747e-06 -1.8269129213877e-06 0.91484063863754
-2.0786560526176e-06 -2.1630282844853e-06 0.91484051942825
-2.2711826659361e-06 -2.5324393391202e-06 0.91484051942825
-2.0890968244203e-06 -2.680397756194e-06 0.91484045982361
-1.6118083294714e-06 -2.6485479338589e-06 0.91484034061432
-2.6577249627735e-06 -2.6937780148728e-06 0.91484045982361
-2.667452008609e-06 -2.7318333195581e-06 0.91484051942825
-2.4647147256474e-06 -2.3743232304696e-06 0.91484040021896
-2.921684881585e-06 -2.5855149488052e-06 0.91484045982361
-3.1414251679962e-06 -2.77052004094e-06 0.91484045982361
-2.7423154733697e-06 -2.9177551823523e-06 0.9148405790329
0.0027729808352888 0.0006745295249857 0.91486406326294
0.013506790623069 0.0034295700024813 0.91495537757874
0.024270355701447 0.0060732499696314 0.91508615016937
0.035097852349281 0.0087725855410099 0.91521632671356
0.045890275388956 0.011433703824878 0.91532349586487
0.055539309978485 0.016267064958811 0.91543567180634
0.065391853451729 0.020928828045726 0.91545021533966
0.074906803667545 0.025969196110964 0.91550821065903
0.084600538015366 0.030814236029983 0.91550916433334
0.094160117208958 0.035934999585152 0.91563791036606
0.10376019030809 0.040933635085821 0.91562330722809
0.11325349658728 0.046031773090363 0.91558134555817
0.1228438988328 0.05101041123271 0.9155530333519
0.13251136243343 0.055990487337112 0.91552567481995
0.1421864926815 0.060888029634953 0.9155832529068
0.15181475877762 0.065719313919544 0.91554826498032
0.16135212779045 0.070790708065033 0.91567730903625
0.17084389925003 0.075889438390732 0.91560977697372
0.18045209348202 0.080884329974651 0.9155849814415
0.19006595015526 0.085791252553463 0.91544139385223
0.1997034996748 0.090695664286613 0.91545116901398
0.20944477617741 0.09543215483427 0.91549718379974
0.21893429756165 0.1005944609642 0.91552847623825
0.22859424352646 0.10552886128426 0.91558516025543
0.23811762034893 0.11058132350445 0.91559916734695
0.24790094792843 0.11524353176355 0.91564875841141
0.25751826167107 0.12023998051882 0.9157075881958
0.26694306731224 0.12548950314522 0.91568642854691
0.27654060721397 0.13049624860287 0.91570031642914
0.28611478209496 0.13551577925682 0.91566795110703
0.29591262340546 0.14018274843693 0.91569954156876
