-0.012024953961372 0.047451123595238 1.3016922473907 0.0006455322727561 2.3831453290768e-05 -3.0586562156677 1.5627446146027e-06
-0.013104576617479 0.0424465239048 1.2955377101898 0.00072840956272557 0.00013206357834861 -3.0105886459351 1.8235243260278e-05
-0.014201071113348 0.037477120757103 1.2894225120544 0.00058594974689186 0.00013707448670175 -2.9623208045959 -2.333124029974e-05
-0.015265550464392 0.032491132616997 1.283282160759 0.00070875557139516 0.0002383005048614 -2.9140107631683 -1.5427751350217e-05
-0.01636778563261 0.027494266629219 1.2771396636963 0.00056864356156439 0.000242263864493 -2.8660938739777 1.6659434550093e-05
-0.017459698021412 0.022503703832626 1.2710189819336 0.00062662869459018 0.00016935500025284 -2.8179759979248 7.7728094765916e-05
-0.018539123237133 0.017525091767311 1.2649027109146 0.00056634319480509 0.00025312686921097 -2.7701103687286 8.1599446275504e-06
-0.019627034664154 0.01254940032959 1.2587852478027 0.00056185445282608 0.00021307385759428 -2.7215456962585 8.6057400039863e-05
-0.020707026124001 0.0075666978955269 1.2526521682739 0.00048452755436301 0.0003385990858078 -2.6736898422241 3.8064183172537e-05
-0.021758876740932 0.0026074796915054 1.2465270757675 0.0004369567905087 0.000225157753448 -2.6257100105286 6.1160921177361e-05
-0.022874385118484 -0.0024136751890182 1.2403684854507 0.00042338503408246 0.00037377857370302 -2.5774526596069 -1.4450522030529e-05
-0.023956991732121 -0.0073901489377022 1.2342530488968 0.00035111224860884 0.00035250253858976 -2.5293951034546 3.4372216759948e-05
-0.025050289928913 -0.012382566928864 1.2281308174133 0.00028102935175411 0.00024630181724206 -2.481605052948 2.7732761736843e-05
-0.026136569678783 -0.017341606318951 1.2220033407211 0.00013934801972937 0.00025368196656927 -2.4334597587585 0.0001047207188094
-0.027196064591408 -0.022330746054649 1.2159149646759 4.0983333747135e-05 0.00016840538592078 -2.3854112625122 4.0775437810225e-05
-0.02830795943737 -0.027300160378218 1.209757566452 9.7190059022978e-05 8.437258657068e-05 -2.3373870849609 3.7734651414212e-05
-0.029368340969086 -0.0323168002069 1.2036241292953 -3.343809657963e-05 4.2296642277506e-06 -2.289351940155 2.9192971851444e-05
-0.030447781085968 -0.037287764251232 1.1974849700928 -4.3549873225857e-05 -7.6480180723593e-05 -2.2410497665405 -6.0177962950547e-06
-0.031534507870674 -0.0422651655972 1.1913849115372 -0.0001238325930899 -0.00030391136533581 -2.1929507255554 0.00017232312529813
-0.032613918185234 -0.04724370315671 1.1852196455002 -0.00020561962446664 -0.00041679106652737 -2.1441984176636 -1.9701028577401e-05
-0.033711202442646 -0.052246410399675 1.1790999174118 -0.00019297604740132 -0.0006817618268542 -2.0967774391174 -2.0984027287341e-05
-0.034810088574886 -0.057242706418037 1.1729348897934 -0.00017377539188601 -0.00083411869127303 -2.048900604248 4.7165773139568e-05
-0.035858765244484 -0.062231741845608 1.1668299436569 -0.00036131279193796 -0.00094837043434381 -2.0008115768433 0.00011512972560013
-0.036963567137718 -0.067196913063526 1.1607043743134 -0.00025019232998602 -0.00080898171290755 -1.9528094530106 7.4592780947569e-06
-0.038038723170757 -0.072165034711361 1.1546194553375 -0.00033724188688211 -0.00073207303648815 -1.9049471616745 -1.7484786440036e-05
-0.039120182394981 -0.077156007289886 1.1484472751617 -0.00014027886209078 -0.00012408864859026 -1.8568120002747 0.00010430351539981
-0.04021492600441 -0.082123287022114 1.1423695087433 0.0001524447434349 0.00093407963868231 -1.808699965477 -2.5505146368232e-06
-0.041289370507002 -0.087144821882248 1.1361923217773 0.00059063395019621 0.0025727623142302 -1.7608621120453 8.7560110841878e-05
-0.042389500886202 -0.092086836695671 1.1300607919693 0.00076955632539466 0.0043899435549974 -1.7124849557877 -3.8375677831937e-05
-0.043466918170452 -0.097128517925739 1.1238584518433 0.0011551519855857 0.0061717364005744 -1.6646876335144 9.8610238637775e-05
-0.044531464576721 -0.10208970308304 1.1177672147751 0.00087588181486353 0.0071206497959793 -1.6172145605087 6.3792031141929e-05
-0.045655518770218 -0.10704495757818 1.1116154193878 0.00071769865462556 0.0071150157600641 -1.5682969093323 8.4994644566905e-05
-0.046709783375263 -0.11206807941198 1.1054809093475 0.00057928945170715 0.0061558466404676 -1.5211901664734 7.5886244303547e-05
-0.047802083194256 -0.11704923212528 1.0993446111679 0.00027600463363342 0.0051568443886936 -1.4732018709183 3.0398115995922e-05
-0.0488749332726 -0.12203551083803 1.0932757854462 -1.7394942915416e-05 0.0043549961410463 -1.4251215457916 1.0977225429087e-05
-0.04996257647872 -0.12702611088753 1.0870803594589 -7.9748955613468e-05 0.0035608913749456 -1.376943230629 2.1328196453396e-05
-0.051048349589109 -0.13198867440224 1.0809692144394 -0.00026176020037383 0.0032569102477282 -1.3289221525192 7.2246279160026e-05
-0.052131939679384 -0.1369713395834 1.074893951416 -0.00031106048845686 0.003236769232899 -1.2811260223389 -2.589214773252e-06
-0.053222868591547 -0.14196071028709 1.0687572956085 -0.00050225429004058 0.0029958973173052 -1.2327570915222 -5.7190763982362e-06
-0.054268591105938 -0.14694352447987 1.0626534223557 -0.00050548801664263 0.0028692509513348 -1.1854182481766 9.8689968581311e-05
-0.055382400751114 -0.15190923213959 1.0565065145493 -0.00069131387863308 0.0028948721010238 -1.1367455720901 1.970813900698e-05
-0.056472823023796 -0.1569040119648 1.0502874851227 -0.00072714529233053 0.0028891323599964 -1.0891815423965 8.9409404608887e-05
-0.057531863451004 -0.16189813613892 1.0441545248032 -0.00085099088028073 0.0028889607638121 -1.0412191152573 5.6347248573729e-06
-0.05862633138895 -0.1668903529644 1.0380227565765 -0.0012048055650666 0.0029199649579823 -0.99347871541977 -3.9333222957794e-05
-0.059707544744015 -0.17186053097248 1.0319179296494 -0.001418886706233 0.0030210067052394 -0.94520604610443 1.5143245036597e-05
-0.060785681009293 -0.17685405910015 1.0258737802505 -0.001739711384289 0.003388401819393 -0.89813619852066 3.5553613997763e-05
-0.061894074082375 -0.18181876838207 1.0196216106415 -0.0022465204820037 0.0035270960070193 -0.84909868240356 3.9532522350783e-05
-0.062958464026451 -0.1868057101965 1.0135473012924 -0.0030938314739615 0.0040089837275445 -0.80259382724762 -1.1496346814965e-05
-0.064050987362862 -0.19178433716297 1.0074653625488 -0.0045088659971952 0.0048542045988142 -0.75451344251633 -2.149058127543e-05
-0.065115571022034 -0.19677296280861 1.0011593103409 -0.0066582621075213 0.0066369310952723 -0.70836740732193 -9.7604706752463e-06
-0.066232264041901 -0.2017642557621 0.99496507644653 -0.013339008204639 0.0112215699628 -0.6631965637207 -4.8518351832172e-05
-0.067302092909813 -0.20669975876808 0.98901414871216 -0.034194029867649 0.024769429117441 -0.62597739696503 5.2861145377392e-05
-0.068363979458809 -0.21164356172085 0.98292338848114 -0.075597293674946 0.05116381123662 -0.59748750925064 3.6377943615662e-05
-0.069418281316757 -0.21655398607254 0.97669166326523 -0.1221067160368 0.077921815216541 -0.56508356332779 3.1361738365376e-05
-0.070489495992661 -0.221489995718 0.97062277793884 -0.16983118653297 0.10033912956715 -0.52712798118591 3.1100138585316e-05
-0.071579232811928 -0.22642832994461 0.9645676612854 -0.21948106586933 0.11712839454412 -0.48073068261147 4.4573707782547e-06
-0.072659641504288 -0.23139759898186 0.95831203460693 -0.26969611644745 0.12778787314892 -0.42838874459267 5.3055922762724e-05
-0.073711104691029 -0.23633909225464 0.95217061042786 -0.32077848911285 0.12993611395359 -0.36804735660553 7.0027970650699e-05
-0.072468258440495 -0.23291535675526 0.94965177774429 -0.29946368932724 0.10823943465948 -0.33373218774796 3.6685520171886e-05
-0.069508768618107 -0.22335103154182 0.94958329200745 -0.21931274235249 0.075718596577644 -0.32350879907608 -9.3583748821402e-06
-0.066513925790787 -0.21383108198643 0.94964915513992 -0.13105572760105 0.043329488486052 -0.31439417600632 0.00011772129073506
-0.063560351729393 -0.2043321877718 0.94965088367462 -0.031011387705803 0.010304391384125 -0.30433502793312 4.5734603190795e-05
-0.060640037059784 -0.19487562775612 0.94971269369125 0.057606507092714 -0.018026772886515 -0.29660725593567 1.8760702005238e-05
-0.057599432766438 -0.1851980984211 0.94972312450409 0.013386994600296 -0.0047767008654773 -0.30081662535667 7.4175106419716e-05
-0.054616868495941 -0.1755737811327 0.94973361492157 0.0059340242296457 -0.0021707175765187 -0.30117431282997 5.454646088765e-05
-0.051656730473042 -0.16596531867981 0.94964069128036 0.0044706389307976 -0.0014841880183667 -0.30154824256897 9.5716713985894e-05
-0.048629641532898 -0.15637619793415 0.94968312978745 0.0035176975652575 -0.0012153262505308 -0.30186918377876 7.3053224696196e-06
-0.045689642429352 -0.14676624536514 0.94982707500458 0.0027232088614255 -0.0010458840988576 -0.3010445535183 3.1991992727853e-05
-0.042695835232735 -0.13717460632324 0.949771463871 0.0025889554526657 -0.00089115207083523 -0.30109515786171 -1.2290632184886e-05
-0.039693228900433 -0.1275672763586 0.9497829079628 0.0020771762356162 -0.00091766042169183 -0.30117484927177 -6.3637262428529e-06
-0.036688253283501 -0.11796934902668 0.94982421398163 0.0020137149840593 -0.00075886270496994 -0.30112928152084 7.7351076470222e-05
-0.033716179430485 -0.10834869742393 0.94984114170074 0.0019287910545245 -0.00059694069204852 -0.30138891935349 -2.3576780222356e-05
-0.030731685459614 -0.098780244588852 0.94976955652237 0.001761260908097 -0.0007566082640551 -0.3011879324913 1.7249714801437e-05
-0.027738109230995 -0.089167654514313 0.94990819692612 0.0014628586359322 -0.00047979530063458 -0.30185490846634 1.9765820979956e-05
-0.02478601038456 -0.079579755663872 0.94991308450699 0.0013744381722063 -0.00054435420315713 -0.30122199654579 1.0325958328394e-06
-0.021799989044666 -0.069980904459953 0.94991183280945 0.0011393649037927 -0.00057964579900727 -0.30103921890259 7.8063130786177e-05
-0.018825337290764 -0.060378074645996 0.94988793134689 0.0012556907022372 -0.00044617094681598 -0.301388412714 3.5006924008485e-05
-0.015769142657518 -0.050781205296516 0.94989860057831 0.0011857803910971 -0.00040334215736948 -0.30164727568626 -3.2152434869204e-05
-0.012833651155233 -0.041182577610016 0.94988453388214 0.0012244151439518 -0.00048646840150468 -0.30210274457932 2.5263611860282e-06
-0.0098150707781315 -0.031573489308357 0.94993758201599 0.0010730115463957 -0.00059408962260932 -0.30140361189842 5.8426048781257e-05
-0.0068596675992012 -0.021983906626701 0.94992417097092 0.0012436048127711 -0.00040320144034922 -0.30149945616722 -5.1788842938549e-06
-0.0038992911577225 -0.012401074171066 0.94990885257721 0.0018484896281734 -0.00070318847429007 -0.30077791213989 5.637490630761e-06
-0.00087389349937439 -0.0027884542942047 0.94993579387665 0.0018360128160566 -0.00048354140017182 -0.30140262842178 1.2905171388411e-05
0.0021072253584862 0.0068109482526779 0.94994843006134 0.0015261211665347 -0.0006433476228267 -0.30116257071495 6.5208427258767e-05
0.0050396956503391 0.016402922570705 0.94993841648102 0.0016675064107403 -0.00067728408612311 -0.30041864514351 -1.0417481462355e-05
0.0080959312617779 0.026018984615803 0.94995200634003 0.0015436332905665 -0.00069824379170313 -0.30229613184929 5.2569527042579e-07
0.011064626276493 0.035606950521469 0.94992870092392 0.0016550088766962 -0.00064939155708998 -0.30142858624458 8.6499476310564e-06
0.014088219031692 0.045219019055367 0.94993948936462 0.0015328874578699 -0.00070251780562103 -0.30215153098106 -1.2379748113744e-05
0.017037304118276 0.054808929562569 0.94993203878403 0.0015303646214306 -0.000544379116036 -0.30162566900253 5.2723265980603e-05
0.020022196695209 0.064403504133224 0.94995355606079 0.001510348636657 -0.00049479166045785 -0.30116617679596 8.0690544564277e-05
0.023025549948215 0.07399508357048 0.94993615150452 0.0014161571161821 -0.00055465014884248 -0.30160465836525 2.1927717170911e-05
0.026030968874693 0.083602078258991 0.94996374845505 0.0013721169671044 -0.00059233547654003 -0.3014463186264 0.00010358056169935
0.028994515538216 0.09320855140686 0.94994354248047 0.0014573375228792 -0.00043012629612349 -0.30178320407867 -1.3899114492233e-05
0.031959928572178 0.10278831422329 0.94997191429138 0.0013437615707517 -0.00037174866884016 -0.30110692977905 3.0588795198128e-05
0.034957986325026 0.11239536106586 0.94996345043182 0.0011491000186652 -0.00046023330651224 -0.3010146021843 3.1816882255953e-05
0.037967100739479 0.12199635803699 0.94996529817581 0.0013578376965597 -0.00049002486048266 -0.301483720541 7.3035604145844e-05
0.040944896638393 0.13159926235676 0.94996517896652 0.0012907896889374 -0.00040207634447142 -0.30131685733795 1.3598180430563e-06
0.043919637799263 0.14120937883854 0.94996172189713 0.0012218075571582 -0.00058431882644072 -0.30095675587654 -5.9733847592724e-05
0.046872992068529 0.15079273283482 0.94996988773346 0.0010961132356897 -0.00043491483666003 -0.30084049701691 3.6436983918975e-06
0.049895457923412 0.16038911044598 0.94998383522034 0.0011155455140397 -0.00044672741205432 -0.3012570142746 4.1489100112813e-05
0.052901290357113 0.17000409960747 0.94997823238373 0.0011273841373622 -0.00047054156311788 -0.30173045396805 4.4923663153895e-06
0.055893048644066 0.17959748208523 0.94997358322144 0.0010048403637484 -0.00055251154117286 -0.30185249447823 3.9101254515117e-05
0.058811768889427 0.18919612467289 0.94998818635941 0.0012007992481813 -0.0003248717112001 -0.30054485797882 -2.3911663447507e-05
0.061832778155804 0.19879531860352 0.94998735189438 0.0010964823886752 -0.00046077070874162 -0.30099162459373 3.9409762393916e-05
0.064833275973797 0.20839516818523 0.94999092817307 0.0011155320098624 -0.00047028044355102 -0.30122807621956 5.222218533163e-06
0.067824475467205 0.21798326075077 0.94998806715012 0.001103718066588 -0.00054974626982585 -0.30151876807213 2.9854072636226e-05
0.070795670151711 0.22758060693741 0.94999915361404 0.0010432096896693 -0.0004666903114412 -0.30090418457985 -2.5975912194554e-06
0.073791243135929 0.23718167841434 0.94999438524246 0.0010459691984579 -0.00040298711974174 -0.30061823129654 1.3701985153602e-05
