-0.04058375582099 0.19901320338249 -1.7298140525818 -1.6113903522491 -1.6945736408234 -8.9925000793301e-05 1.5627446146027e-06
-0.062141563743353 0.17950913310051 -1.7299761772156 -1.5918176174164 -1.7639873027802 -0.00011448211444076 1.8235243260278e-05
-0.082781225442886 0.15907952189445 -1.7288649082184 -1.5723733901978 -1.8329799175262 -0.00019292184151709 -2.333124029974e-05
-0.10214653611183 0.13757655024529 -1.7264757156372 -1.5533332824707 -1.9005823135376 -0.00016931840218604 -1.5427751350217e-05
-0.12024155259132 0.11530587077141 -1.722927570343 -1.5345621109009 -1.9665024280548 -0.00020293542183936 1.6659434550093e-05
-0.13721933960915 0.092153996229172 -1.7180283069611 -1.516318321228 -2.0315673351288 -0.0002406055573374 7.7728094765916e-05
-0.15309634804726 0.068296402692795 -1.711852312088 -1.4986262321472 -2.0958533287048 -0.00026420899666846 8.1599446275504e-06
-0.16776171326637 0.043745964765549 -1.7044517993927 -1.4814338684082 -2.1585292816162 -0.00035814591683447 8.6057400039863e-05
-0.18122735619545 0.018553227186203 -1.6958599090576 -1.4648990631104 -2.2199659347534 -0.00031117745675147 3.8064183172537e-05
-0.19365373253822 -0.0071597397327423 -1.6860046386719 -1.44899559021 -2.280517578125 -0.00036792107857764 6.1160921177361e-05
-0.20503607392311 -0.033545047044754 -1.6748783588409 -1.4337632656097 -2.340035200119 -0.00038532563485205 -1.4450522030529e-05
-0.21535077691078 -0.060209065675735 -1.6626243591309 -1.4192113876343 -2.3984069824219 -0.00034789391793311 3.4372216759948e-05
-0.22467675805092 -0.087380915880203 -1.6491258144379 -1.4055006504059 -2.4557366371155 -0.0002394134644419 2.7732761736843e-05
-0.23310771584511 -0.11483481526375 -1.6344711780548 -1.3925762176514 -2.5123605728149 -0.00033525773324072 0.0001047207188094
-0.24054351449013 -0.14257100224495 -1.6186349391937 -1.3804650306702 -2.567887544632 -0.0001485759858042 4.0775437810225e-05
-0.24712815880775 -0.17064216732979 -1.6017434597015 -1.3691868782043 -2.6223661899567 8.9365756139159e-05 3.7734651414212e-05
-0.25283136963844 -0.19890692830086 -1.5837543010712 -1.358722448349 -2.675883769989 0.00021382025443017 2.9192971851444e-05
-0.25779071450233 -0.22740915417671 -1.5646171569824 -1.3489551544189 -2.7289924621582 0.00058623007498682 -6.0177962950547e-06
-0.26201525330544 -0.25607565045357 -1.5443363189697 -1.3400478363037 -2.7815709114075 0.0010993068572134 0.00017232312529813
-0.26546970009804 -0.28487160801888 -1.5231671333313 -1.3317861557007 -2.8331189155579 0.0018198078032583 -1.9701028577401e-05
-0.26823845505714 -0.3136148750782 -1.5011422634125 -1.3240702152252 -2.8835320472717 0.0029065196868032 -2.0984027287341e-05
-0.27040758728981 -0.34247830510139 -1.4781501293182 -1.3166170120239 -2.9340415000916 0.0044500418007374 4.7165773139568e-05
-0.27186647057533 -0.37104085087776 -1.4545521736145 -1.3093738555908 -2.9831035137177 0.0066749639809132 0.00011512972560013
-0.27282181382179 -0.39957788586617 -1.4300734996796 -1.3020858764648 -3.032318353653 0.0098721571266651 7.4592780947569e-06
-0.27321544289589 -0.4279411137104 -1.4050152301788 -1.2945663928986 -3.0806846618652 0.014012534171343 -1.7484786440036e-05
-0.27306190133095 -0.45617178082466 -1.3792600631714 -1.2867875099182 -3.1287446022034 0.019371706992388 0.00010430351539981
-0.27243247628212 -0.48407939076424 -1.3529000282288 -1.2792315483093 -3.1759312152863 0.025348860770464 -2.5505146368232e-06
-0.27132907509804 -0.51227855682373 -1.3253874778748 -1.2728927135468 -3.2230415344238 0.031055171042681 8.7560110841878e-05
-0.26981726288795 -0.54075765609741 -1.2965006828308 -1.2694611549377 -3.2695283889771 0.034848410636187 -3.8375677831937e-05
-0.26785388588905 -0.57011699676514 -1.2654571533203 -1.2704257965088 -3.3156025409698 0.035618025809526 9.8610238637775e-05
-0.26552167534828 -0.6002082824707 -1.2325971126556 -1.2763118743896 -3.360894203186 0.032413680106401 6.3792031141929e-05
-0.26282992959023 -0.63137364387512 -1.1974320411682 -1.286025762558 -3.4066133499146 0.026678759604692 8.4994644566905e-05
-0.25978747010231 -0.66273403167725 -1.1612865924835 -1.2975986003876 -3.4510810375214 0.020083148032427 7.5886244303547e-05
-0.2564312517643 -0.6941614151001 -1.1242094039917 -1.3088164329529 -3.495913028717 0.014397818595171 3.0398115995922e-05
-0.25276294350624 -0.72515177726746 -1.0868299007416 -1.3189222812653 -3.5401313304901 0.010417181998491 1.0977225429087e-05
-0.24883070588112 -0.75630164146423 -1.0488851070404 -1.3283777236938 -3.5841603279114 0.0079857893288136 2.1328196453396e-05
-0.24462524056435 -0.78716158866882 -1.0100514888763 -1.3376312255859 -3.6280517578125 0.0064994879066944 7.2246279160026e-05
-0.24020710587502 -0.81812119483948 -0.97032570838928 -1.3471932411194 -3.6714465618134 0.0057041235268116 -2.589214773252e-06
-0.23551860451698 -0.84952545166016 -0.92919325828552 -1.3576192855835 -3.7148873806 0.0049511976540089 -5.7190763982362e-06
-0.23064556717873 -0.88108062744141 -0.88694667816162 -1.3686923980713 -3.7577002048492 0.0045435018837452 9.8689968581311e-05
-0.2255577147007 -0.91325902938843 -0.84300112724304 -1.3807988166809 -3.8009712696075 0.0041381902992725 1.970813900698e-05
-0.22029629349709 -0.94602942466736 -0.79745483398438 -1.3938324451447 -3.8438241481781 0.003960806876421 8.9409404608887e-05
-0.21492806077003 -0.97912263870239 -0.75020146369934 -1.4081566333771 -3.8857538700104 0.0037862844765186 5.6347248573729e-06
-0.20936146378517 -1.0134172439575 -0.70024609565735 -1.4237520694733 -3.928405046463 0.0035984106361866 -3.9333222957794e-05
-0.20365992188454 -1.048553943634 -0.64769387245178 -1.4409956932068 -3.9706788063049 0.0035144872963428 1.5143245036597e-05
-0.19789472222328 -1.0848400592804 -0.5921516418457 -1.4598858356476 -4.0122790336609 0.0036704130470753 3.5553613997763e-05
-0.19195261597633 -1.123458147049 -0.5317862033844 -1.481189250946 -4.0546350479126 0.0038621015846729 3.9532522350783e-05
-0.18598380684853 -1.1641385555267 -0.46600794792175 -1.5052947998047 -4.0961217880249 0.004151064902544 -1.1496346814965e-05
-0.17995753884315 -1.208571434021 -0.39194059371948 -1.5331966876984 -4.1375665664673 0.0048086233437061 -2.149058127543e-05
-0.17397776246071 -1.2585048675537 -0.30604290962219 -1.5661203861237 -4.1778712272644 0.0062057562172413 -9.7604706752463e-06
-0.16818299889565 -1.3169856071472 -0.20027804374695 -1.6046702861786 -4.2170333862305 0.0099637098610401 -4.8518351832172e-05
-0.16333118081093 -1.3809056282043 -0.075761795043945 -1.6378879547119 -4.249710559845 0.02107735350728 5.2861145377392e-05
-0.15970054268837 -1.4162361621857 -0.0034739971160889 -1.6211159229279 -4.2746362686157 0.0425192900002 3.6377943615662e-05
-0.1555589735508 -1.4200508594513 0.0039248466491699 -1.5676701068878 -4.3027954101562 0.063296988606453 3.1361738365376e-05
-0.15065088868141 -1.4203133583069 0.0027022361755371 -1.5121068954468 -4.3357276916504 0.079269602894783 3.1100138585316e-05
-0.14479699730873 -1.4210569858551 0.0019097328186035 -1.4590327739716 -4.3744859695435 0.089765265583992 4.4573707782547e-06
-0.13800397515297 -1.4227256774902 0.001406192779541 -1.4086833000183 -4.4188327789307 0.093912318348885 5.3055922762724e-05
-0.13012304902077 -1.4249567985535 0.0010471343994141 -1.3616333007812 -4.469651222229 0.090636923909187 7.0027970650699e-05
-0.12424650788307 -1.4293706417084 -0.0021204948425293 -1.3846592903137 -4.4979958534241 0.072575762867928 3.6685520171886e-05
-0.12037244439125 -1.4387605190277 -0.0034425258636475 -1.4625673294067 -4.506263256073 0.050188735127449 -9.3583748821402e-06
-0.11647954583168 -1.449197769165 -0.0064256191253662 -1.5452423095703 -4.5138988494873 0.028546527028084 0.00011772129073506
-0.11265316605568 -1.4585945606232 -0.018325567245483 -1.6314289569855 -4.5205097198486 0.0069987326860428 4.5734603190795e-05
-0.10922279953957 -1.4100186824799 -0.14899587631226 -1.6441514492035 -4.5244565010071 -0.011713072657585 1.8760702005238e-05
-0.10736098885536 -1.2816483974457 -0.39816689491272 -1.4763648509979 -4.5188407897949 -0.003322646021843 7.4175106419716e-05
-0.10493722558022 -1.2232325077057 -0.5146791934967 -1.4102473258972 -4.5161600112915 -0.0015447586774826 5.454646088765e-05
-0.10250416398048 -1.1783039569855 -0.60558748245239 -1.3625497817993 -4.5131530761719 -0.0010757893323898 9.5716713985894e-05
-0.099877029657364 -1.1391110420227 -0.68413734436035 -1.3221361637115 -4.5105066299438 -0.00089840590953827 7.3053224696196e-06
-0.097190529108047 -1.103759765625 -0.75473093986511 -1.2861552238464 -4.5080761909485 -0.00068001449108124 3.1991992727853e-05
-0.094449430704117 -1.0716106891632 -0.8193461894989 -1.2534511089325 -4.5054063796997 -0.00061134994029999 -1.2290632184886e-05
-0.091621547937393 -1.0414457321167 -0.87955498695374 -1.2230610847473 -4.5026063919067 -0.00060252845287323 -6.3637262428529e-06
-0.088728576898575 -1.0130548477173 -0.93600940704346 -1.194806098938 -4.4995846748352 -0.00048069655895233 7.7351076470222e-05
-0.085780054330826 -0.98601794242859 -0.98956847190857 -1.1680493354797 -4.4967007637024 -0.00042705237865448 -2.3576780222356e-05
-0.082699686288834 -0.96037578582764 -1.0404460430145 -1.1427295207977 -4.4936552047729 -0.00047926604747772 1.7249714801437e-05
-0.079603344202042 -0.93543791770935 -1.0892367362976 -1.1185734272003 -4.4904055595398 -0.00033263862133026 1.9765820979956e-05
-0.076335817575455 -0.91149997711182 -1.1362671852112 -1.0952787399292 -4.4870638847351 -0.00034479796886444 1.0325958328394e-06
-0.072983890771866 -0.88846969604492 -1.1814589500427 -1.073037147522 -4.4838547706604 -0.00039081275463104 7.8063130786177e-05
-0.069598585367203 -0.86615633964539 -1.225222826004 -1.0516052246094 -4.48033618927 -0.00040774047374725 3.5006924008485e-05
-0.06609645485878 -0.84432148933411 -1.2677073478699 -1.0308816432953 -4.4763913154602 -0.0003388375043869 -3.2152434869204e-05
-0.062474399805069 -0.82311034202576 -1.3088610172272 -1.0109767913818 -4.4729976654053 -0.0003388375043869 2.5263611860282e-06
-0.058660894632339 -0.80224370956421 -1.349002122879 -0.99162554740906 -4.4693803787231 -0.00047354400157928 5.8426048781257e-05
-0.054804712533951 -0.78201174736023 -1.388158082962 -0.97276401519775 -4.4654741287231 -0.00036029517650604 -5.1788842938549e-06
-0.050755172967911 -0.7624089717865 -1.4262161254883 -0.95504355430603 -4.4616146087646 -0.00061802566051483 5.637490630761e-06
-0.046604543924332 -0.74271416664124 -1.4637417793274 -0.93709754943848 -4.4572777748108 -0.00053243339061737 1.2905171388411e-05
-0.04235377907753 -0.7233362197876 -1.5005419254303 -0.91941428184509 -4.4529418945312 -0.0005679577589035 6.5208427258767e-05
-0.037943750619888 -0.70453357696533 -1.5364277362823 -0.9025547504425 -4.4487113952637 -0.00056032836437225 -1.0417481462355e-05
-0.033368736505508 -0.68573904037476 -1.5718510150909 -0.88580799102783 -4.443971157074 -0.00057892501354218 5.2569527042579e-07
-0.028634697198868 -0.66738486289978 -1.6065905094147 -0.86952352523804 -4.439199924469 -0.00059299170970917 8.6499476310564e-06
-0.023741394281387 -0.64908051490784 -1.6408128738403 -0.85353875160217 -4.4340286254883 -0.00063900649547577 -1.2379748113744e-05
-0.018660694360733 -0.6310715675354 -1.6744508743286 -0.83787775039673 -4.429084777832 -0.00053434073925018 5.2723265980603e-05
-0.013352066278458 -0.61314153671265 -1.7076222896576 -0.82250237464905 -4.4238986968994 -0.00051574409008026 8.0690544564277e-05
-0.0078126490116119 -0.59550428390503 -1.7402637004852 -0.80751872062683 -4.4187440872192 -0.00057511031627655 2.1927717170911e-05
-0.0021239817142487 -0.57787466049194 -1.7725801467896 -0.79279971122742 -4.4128432273865 -0.00057511031627655 0.00010358056169935
0.0037024915218353 -0.56048369407654 -1.8044431209564 -0.77834272384644 -4.4066963195801 -0.00061826407909393 -1.3899114492233e-05
0.0099748075008392 -0.54310488700867 -1.8359022140503 -0.76415657997131 -4.400993347168 -0.00057439506053925 3.0588795198128e-05
0.016377776861191 -0.52584290504456 -1.867032289505 -0.75026941299438 -4.3944406509399 -0.00060014426708221 3.1816882255953e-05
0.023089736700058 -0.5086464881897 -1.8978395462036 -0.7365939617157 -4.3877205848694 -0.00053052604198456 7.3035604145844e-05
0.030077308416367 -0.49158263206482 -1.9282493591309 -0.72326946258545 -4.380989074707 -0.00053839385509491 1.3598180430563e-06
0.037268966436386 -0.47449612617493 -1.9584250450134 -0.71017241477966 -4.3733792304993 -0.00065450370311737 -5.9733847592724e-05
0.044825404882431 -0.45744872093201 -1.9882867336273 -0.69725155830383 -4.3656706809998 -0.00057558715343475 3.6436983918975e-06
0.052780002355576 -0.44039225578308 -2.0178854465485 -0.68468642234802 -4.3576498031616 -0.00056247413158417 4.1489100112813e-05
0.0611432492733 -0.42339563369751 -2.0472118854523 -0.67234921455383 -4.3492527008057 -0.00061707198619843 4.4923663153895e-06
0.069877952337265 -0.40636420249939 -2.0762612819672 -0.66030263900757 -4.3408222198486 -0.00063519179821014 3.9101254515117e-05
0.079189628362656 -0.3893518447876 -2.105082988739 -0.64857578277588 -4.3319640159607 -0.00058178603649139 -2.3911663447507e-05
0.088728278875351 -0.37217736244202 -2.1337547302246 -0.63698363304138 -4.3220520019531 -0.00067071616649628 3.9409762393916e-05
0.098773330450058 -0.35494899749756 -2.1622326374054 -0.62575483322144 -4.3114767074585 -0.00068812072277069 5.222218533163e-06
0.10955891013145 -0.33771085739136 -2.1904244422913 -0.61480855941772 -4.3011436462402 -0.00070337951183319 2.9854072636226e-05
0.12083944678307 -0.32028818130493 -2.2184805870056 -0.60414981842041 -4.2899990081787 -0.00066189467906952 -2.5975912194554e-06
0.13267692923546 -0.30274224281311 -2.2463884353638 -0.59378886222839 -4.2780094146729 -0.00067953765392303 1.3701985153602e-05
