7.1997860118245e-08 -2.553016145157e-07 0.91483926773071
4.8900540150498e-07 1.8010180724559e-07 0.91483896970749
4.5744056365038e-07 4.017313415261e-08 0.91483896970749
4.2620905560398e-07 -3.127179297735e-07 0.91483914852142
2.6409111342218e-07 -4.6612785808975e-07 0.91483938694
5.2489667723421e-07 5.5157087786029e-08 0.91483932733536
5.6849057727959e-07 4.5465418452295e-07 0.91483944654465
6.0465060869319e-07 6.6078683857995e-07 0.91483944654465
3.4587645814099e-07 3.8850276951052e-07 0.91483938694
5.3379528708319e-07 4.3691994733308e-07 0.91483956575394
4.7687245796624e-07 7.1683871283312e-07 0.91483968496323
1.3221072947545e-07 6.4908903141259e-07 0.91483992338181
2.7198888119528e-07 2.9943942081445e-07 0.91484010219574
7.7690600619462e-08 -5.310517963153e-07 0.91484004259109
5.4066208576842e-07 -3.3730350423866e-07 0.91484045982361
2.0454629634514e-07 -7.3457431426505e-07 0.91484063863754
2.107290697495e-07 -1.1802733297372e-06 0.91484075784683
1.6816269976516e-07 -1.4591203125747e-06 0.91484069824219
2.0736632677654e-07 -1.5652111642339e-06 0.91484087705612
1.7228448712103e-07 -1.68895007846e-06 0.91484093666077
1.5290763144549e-07 -1.5974464986357e-06 0.91484099626541
8.2144062218958e-08 -1.4898248537065e-06 0.91484093666077
6.9218915044189e-09 -1.8075334082823e-06 0.9148411154747
-1.3674609533609e-07 -1.143452436736e-06 0.91484099626541
-3.8863407780809e-07 -1.5148839338508e-06 0.91484081745148
-2.9397199341474e-07 -1.0238807135465e-06 0.91484075784683
8.9663572566678e-08 -1.3951378150523e-06 0.91484093666077
4.90473780701e-07 -1.766420155036e-06 0.91484129428864
3.9643347804486e-07 -2.017155111389e-06 0.91484123468399
8.8389532493238e-07 -1.8806425714502e-06 0.91484135389328
7.276378255483e-07 -2.0788165784325e-06 0.91484141349792
9.5615007467131e-07 -2.3295158371184e-06 0.91484153270721
1.0900180313911e-06 -2.4574019334977e-06 0.91484141349792
1.2463906386984e-06 -2.3012939891487e-06 0.91484147310257
1.2912714737467e-06 -2.239522018499e-06 0.91484147310257
1.1682022886816e-06 -2.299610287082e-06 0.91484153270721
1.1434001407906e-06 -2.4482944809279e-06 0.9148416519165
1.1651619615805e-06 -2.4284759092552e-06 0.91484177112579
1.0587368706183e-06 -2.4560185920564e-06 0.91484177112579
1.114446149586e-06 -2.3867121399235e-06 0.91484194993973
7.9991531265478e-07 -2.686363814064e-06 0.91484194993973
7.4525348736643e-07 -2.2569581688003e-06 0.91484194993973
7.2483840085624e-07 -1.8334957303523e-06 0.91484194993973
1.05356059521e-06 -1.534246734991e-06 0.91484183073044
1.2811098031307e-06 -1.4148357649901e-06 0.91484171152115
1.3346684681892e-06 -1.247677118954e-06 0.91484159231186
1.3875346667191e-06 -1.3902457567383e-06 0.91484171152115
1.571557504576e-06 -1.2891052847408e-06 0.91484147310257
1.4012097153682e-06 -1.2622235772142e-06 0.91484159231186
1.1703052678058e-06 -1.1330794222886e-06 0.9148416519165
1.0439493962622e-06 -1.0956794085359e-06 0.91484159231186
1.0589864132271e-06 -8.9148528559235e-07 0.91484171152115
1.6399949345214e-06 -6.7813073201251e-07 0.91484141349792
1.4514888562189e-06 -7.6140037208461e-07 0.91484135389328
1.4510221717501e-06 -8.1012137798098e-07 0.91484147310257
1.4480142453976e-06 -6.8577355705202e-07 0.91484159231186
1.3981597248858e-06 -1.0826403240571e-06 0.9148416519165
1.152978029495e-06 -1.1318911674607e-06 0.91484171152115
1.2911320936837e-06 -1.2102723303542e-06 0.91484189033508
1.4613559642385e-06 -1.4566347772416e-06 0.91484194993973
1.1556466006368e-06 -1.7292834399996e-06 0.91484200954437
1.2810896805604e-06 -2.1199593902566e-06 0.91484189033508
1.4484641042145e-06 -2.0084112293262e-06 0.91484200954437
1.8945607962451e-06 -1.7573406694282e-06 0.91484242677689
1.4107530432739e-06 -1.5199636891339e-06 0.9148423075676
1.3060774790574e-06 -1.4890985085003e-06 0.91484218835831
1.1445398513388e-06 -1.4045738225832e-06 0.91484212875366
1.2364317854008e-06 -1.4643360373157e-06 0.91484194993973
1.2371142474876e-06 -1.3594172969533e-06 0.91484212875366
1.3443092257148e-06 -1.7959412161872e-06 0.91484224796295
1.279187245018e-06 -1.7505834648546e-06 0.9148423075676
1.3186153182687e-06 -1.6397012814195e-06 0.91484236717224
1.5079826880537e-06 -1.4535839909513e-06 0.9148423075676
1.962250962606e-06 -1.2356598517727e-06 0.91484254598618
0.00073761667590588 0.0059392033144832 0.9148982167244
0.0020903227850795 0.016029141843319 0.91497939825058
0.003529449691996 0.026097374036908 0.91513967514038
0.0050102905370295 0.036212362349033 0.91531467437744
0.0065138302743435 0.04629198089242 0.91532748937607
0.0080204391852021 0.056364417076111 0.91530817747116
0.0094644241034985 0.066420495510101 0.91526728868484
0.011165584437549 0.076684534549713 0.9153214097023
0.014184832572937 0.086294122040272 0.91539686918259
0.017154911532998 0.09589920938015 0.91544812917709
0.020098017528653 0.10549203306437 0.91549187898636
0.023164469748735 0.11506709456444 0.91553092002869
0.026204394176602 0.12465545535088 0.91559118032455
0.029319098219275 0.13422167301178 0.91560739278793
0.032207638025284 0.14386887848377 0.91564613580704
0.035184122622013 0.15341347455978 0.91568958759308
0.038101889193058 0.16306214034557 0.91569948196411
0.041174080222845 0.17264124751091 0.91572964191437
0.04407823830843 0.18231949210167 0.91578185558319
0.046953272074461 0.19189365208149 0.91581749916077
0.050112798810005 0.20146472752094 0.91585510969162
0.05302544310689 0.21108947694302 0.91586643457413
0.056006412953138 0.22069747745991 0.91589653491974
0.059107899665833 0.23026494681835 0.91592800617218
0.062086448073387 0.23982460796833 0.91593682765961
0.064996667206287 0.24951374530792 0.91596782207489
0.067967802286148 0.25909951329231 0.91599172353745
0.071052439510822 0.26865223050117 0.91597980260849
0.073909930884838 0.27826595306396 0.91598796844482
0.07696059346199 0.287861764431 0.91602396965027
0.080003701150417 0.29745417833328 0.91606676578522
0.082910969853401 0.30709624290466 0.91606879234314
0.085877746343613 0.31668451428413 0.91608792543411
0.088912330567837 0.32626768946648 0.9161189198494
