-0.0068828985095024 0.074454709887505 1.2796446084976 0.0026747875381261 1.0497192306502e-05 3.1341547966003 2.2807418645243e-05
-0.0051963403820992 0.084059208631516 1.2614949941635 0.0025445451028645 -7.3214308940805e-05 3.129537820816 2.468395177857e-05
-0.0035228375345469 0.093646377325058 1.2433435916901 0.0025356772821397 -5.5157477618195e-05 3.1243221759796 3.9234313589986e-05
-0.0018520224839449 0.10325288772583 1.2251826524734 0.0024387303274125 -3.4699791285675e-05 3.1198823451996 0.00011747579992516
-0.00016319565474987 0.11285446584225 1.2070326805115 0.0023988033644855 -0.0001419245818397 3.1153581142426 2.900469735323e-05
0.0014847554266453 0.12246522307396 1.1888930797577 0.0023523787967861 -0.00026375672314316 3.1107006072998 5.301592318574e-05
0.0031850030645728 0.13207657635212 1.1707293987274 0.0022764776367694 -8.4671984950546e-05 3.1064357757568 8.4955310740042e-05
0.0048828283324838 0.14166134595871 1.1525791883469 0.0022990331053734 -9.6181654953398e-05 3.1013875007629 8.5449049947783e-05
0.00652667414397 0.15125550329685 1.1344209909439 0.002196213696152 -0.00012134885764681 3.0962994098663 3.0710492865182e-05
0.0081987269222736 0.16086491942406 1.1162558794022 0.0022738694678992 -5.4155989346327e-05 3.0921864509583 8.288931712741e-05
0.0099012609571218 0.17047388851643 1.0981113910675 0.0024086078628898 -0.00022541197540704 3.0884087085724 -6.0642367316177e-05
0.011576231569052 0.18007706105709 1.079962849617 0.0023717395961285 -0.00030734040774405 3.0835745334625 -2.212119215983e-05
0.013243727385998 0.18966229259968 1.0618051290512 0.0024465930182487 -0.00027180602774024 3.0793642997742 0.00011069349420723
0.014920717105269 0.19925883412361 1.0436456203461 0.002680298872292 -0.00033432152122259 3.0753598213196 8.3374165114947e-05
0.016591919586062 0.20886069536209 1.0254926681519 0.0027722970116884 -0.00031278090318665 3.0713438987732 3.437812847551e-05
0.018282540142536 0.2184701859951 1.007342338562 0.0030293054878712 -0.00059528468409553 3.0683221817017 1.3585749002232e-05
0.019991716369987 0.22806334495544 0.98919093608856 0.0034227611031383 -0.000663748010993 3.0660359859467 7.5911812018603e-05
0.021623115986586 0.23766058683395 0.97103267908096 0.0038709861692041 -0.00086543336510658 3.0641026496887 7.2079521487467e-05
0.023302055895329 0.24725863337517 0.95287764072418 0.0043072872795165 -0.0010728591587394 3.0664935112 6.2579034420196e-05
0.022840429097414 0.24075408279896 0.94999861717224 0.0054294308647513 -0.0010544288670644 3.0340056419373 -0.0076935873366892
0.02198052406311 0.23115293681622 0.94999861717224 0.00495197577402 -0.00094535842072219 3.0332787036896 -0.01389173604548
0.021006539463997 0.22155222296715 0.94999539852142 0.0033437178935856 -0.0005311836139299 3.0378077030182 -0.01972059905529
0.020123336464167 0.21193826198578 0.94999068975449 0.0022828504443169 -0.00027952512027696 3.0404186248779 -0.025863377377391
0.019188065081835 0.20235233008862 0.94999116659164 0.0016724020242691 -0.0002335348399356 3.0423836708069 -0.032039247453213
0.018277823925018 0.19274424016476 0.94999545812607 0.001053856802173 -0.00014664174523205 3.0436742305756 -0.038641389459372
0.01739357970655 0.18314722180367 0.94998914003372 0.000759118469432 -7.6184107456356e-05 3.0442476272583 -0.04490939155221
0.016466232016683 0.17354799807072 0.94998788833618 0.00047319795703515 -6.4469932112843e-05 3.0447263717651 -0.051454335451126
0.015559433028102 0.16394589841366 0.94998598098755 0.00028259438113309 -2.5196910428349e-05 3.0452733039856 -0.05787044391036
0.014648631215096 0.15435384213924 0.9499796628952 0.00022860703757033 1.4846059457341e-05 3.0454967021942 -0.064204171299934
0.013735419139266 0.14475812017918 0.9499859213829 1.2576726476254e-05 5.8990440265916e-06 3.0453960895538 -0.070530027151108
0.012818872928619 0.13514786958694 0.94998049736023 -0.00013600844249595 0.00010376345016994 3.0452790260315 -0.076670378446579
0.011917529627681 0.12555730342865 0.94997781515121 -0.00020665791817009 0.00010186326107942 3.0457875728607 -0.083066128194332
0.011014182120562 0.11595852673054 0.94999176263809 -0.00045923591824248 5.1132788939867e-05 3.0455424785614 -0.089042484760284
0.010064259171486 0.10631562769413 0.94995850324631 -0.00035035365726799 0.00034977012546733 3.0451455116272 -0.093630313873291
0.0091710779815912 0.096763148903847 0.95002055168152 -0.00083368626656011 8.7023989181034e-05 3.04527592659 -0.098691612482071
0.0085000563412905 0.089617848396301 0.96238470077515 -0.0088019156828523 0.0012406583409756 3.046870470047 -0.10197059810162
0.0085006430745125 0.089601084589958 1.0102965831757 -0.0099709806963801 0.0015158685855567 3.0473291873932 -0.10298707336187
0.008491788059473 0.089618563652039 1.0582650899887 -0.0078915525227785 0.001252829679288 3.0470793247223 -0.10451163351536
0.0085082668811083 0.089575082063675 1.1062729358673 -0.0068945065140724 0.0012903788592666 3.0470707416534 -0.10631636530161
0.0085272509604692 0.089577749371529 1.1542798280716 -0.0064965123310685 0.0011844134423882 3.0472407341003 -0.10736462473869
0.0085228737443686 0.08957327902317 1.2022662162781 -0.0062798801809549 0.00097293051658198 3.0474619865417 -0.10899353027344
