0.014813754707575 0.28101918101311 -1.8463106155396 -1.578871011734 -1.5483071804047 3.4291078918613e-05 2.2807418645243e-05
0.023931834846735 0.30652615427971 -1.9101166725159 -1.5404205322266 -1.5346677303314 0.00013061218487564 2.468395177857e-05
0.033917281776667 0.33089968562126 -1.9725604057312 -1.5023372173309 -1.5196225643158 0.00023265533673111 3.9234313589986e-05
0.044505927711725 0.35419318079948 -2.0338637828827 -1.4642932415009 -1.5043876171112 0.00023933104239404 0.00011747579992516
0.055989120155573 0.37642905116081 -2.0941162109375 -1.4261958599091 -1.4884459972382 0.00023790053091943 2.900469735323e-05
0.068512767553329 0.39765784144402 -2.1534516811371 -1.3880412578583 -1.4713730812073 0.0003861968871206 5.301592318574e-05
0.082410663366318 0.41775605082512 -2.2120349407196 -1.3495509624481 -1.4527440071106 0.00040717772208154 8.4955310740042e-05
0.097678035497665 0.43673941493034 -2.2699375152588 -1.3106052875519 -1.4328515529633 0.00037284544669092 8.5449049947783e-05
0.11443218588829 0.45449444651604 -2.3272664546967 -1.2710280418396 -1.4115471839905 0.00051303557120264 3.0710492865182e-05
0.13309225440025 0.47092387080193 -2.3841173648834 -1.2307212352753 -1.3885326385498 0.00056119612418115 8.288931712741e-05
0.15411600470543 0.48601481318474 -2.440642118454 -1.1893169879913 -1.3629121780396 0.00071902922354639 -6.0642367316177e-05
0.17786964774132 0.49951931834221 -2.4969773292542 -1.1465358734131 -1.3347244262695 0.00074859312735498 -2.212119215983e-05
0.20487770438194 0.51119947433472 -2.5532114505768 -1.1020817756653 -1.3036539554596 0.00088115385733545 0.00011069349420723
0.23610147833824 0.52090883255005 -2.609575510025 -1.0556390285492 -1.2683236598969 0.0010590141173452 8.3374165114947e-05
0.27273210883141 0.52845907211304 -2.6663482189178 -1.0065994262695 -1.2279894351959 0.0012058799620718 3.437812847551e-05
0.31650146842003 0.53348779678345 -2.7237722873688 -0.95456743240356 -1.1808929443359 0.0016464774962515 1.3585749002232e-05
0.36983665823936 0.53580904006958 -2.7824039459229 -0.89870452880859 -1.1250207424164 0.0020503585692495 7.5911812018603e-05
0.43721947073936 0.53588533401489 -2.8430669307709 -0.83888864517212 -1.0561439990997 0.0027937476988882 7.2079521487467e-05
0.52586019039154 0.53642272949219 -2.9073736667633 -0.77592468261719 -0.96991801261902 0.0037068908568472 6.2579034420196e-05
0.52034509181976 0.45920658111572 -2.9001655578613 -0.70733046531677 -0.94288516044617 0.0044259615242481 -0.0076935873366892
0.44870316982269 0.36648750305176 -2.8728098869324 -0.64104652404785 -1.0133454799652 0.003524262458086 -0.01389173604548
0.38831889629364 0.2944221496582 -2.8456547260284 -0.59421062469482 -1.0783839225769 0.002082783728838 -0.01972059905529
0.34259068965912 0.23732852935791 -2.8190968036652 -0.56238055229187 -1.1274676322937 0.0012440271675587 -0.025863377377391
0.30654942989349 0.18977403640747 -2.7929158210754 -0.54018664360046 -1.1651468276978 0.00077958777546883 -0.032039247453213
0.27689349651337 0.14865922927856 -2.7669534683228 -0.52446007728577 -1.1957807540894 0.00048967078328133 -0.038641389459372
0.25188386440277 0.11234521865845 -2.7412087917328 -0.51351714134216 -1.2217016220093 0.00035091117024422 -0.04490939155221
0.23037040233612 0.079535007476807 -2.7155876159668 -0.50602555274963 -1.2436587810516 0.00015111640095711 -0.051454335451126
0.21156775951385 0.049493789672852 -2.6900432109833 -0.50127172470093 -1.2628457546234 0.00010534003376961 -0.05787044391036
0.19503915309906 0.021663665771484 -2.6645600795746 -0.4987940788269 -1.2795724868774 3.1430274248123e-05 -0.064204171299934
0.1805032491684 -0.0043270587921143 -2.6391732692719 -0.49801182746887 -1.2939629554749 -1.935288310051e-05 -0.070530027151108
0.16729199886322 -0.028933763504028 -2.6137330532074 -0.49873661994934 -1.3072752952576 -7.6334923505783e-05 -0.076670378446579
0.15520846843719 -0.052300214767456 -2.5883138179779 -0.50064897537231 -1.319726228714 -0.00013593956828117 -0.083066128194332
0.14458167552948 -0.074675798416138 -2.5628967285156 -0.50355243682861 -1.3299012184143 -0.00017742440104485 -0.089042484760284
0.13470733165741 -0.096272468566895 -2.5372886657715 -0.50776839256287 -1.3397188186646 -0.00034193322062492 -0.093630313873291
0.12564885616302 -0.11683011054993 -2.5119774341583 -0.5119936466217 -1.3487863540649 -0.00019459053874016 -0.098691612482071
0.11860883235931 -0.092290163040161 -2.4851915836334 -0.55479288101196 -1.3575239181519 -0.0023777894675732 -0.10197059810162
0.11851346492767 0.04861855506897 -2.4329388141632 -0.74636363983154 -1.3576786518097 -0.0028086118400097 -0.10298707336187
0.118532538414 0.15911555290222 -2.3626170158386 -0.92906808853149 -1.3576855659485 -0.0025561265647411 -0.10451163351536
0.11848771572113 0.2396776676178 -2.2786936759949 -1.0947160720825 -1.3578670024872 -0.002044003456831 -0.10631636530161
0.11861407756805 0.29438757896423 -2.1834681034088 -1.245500087738 -1.3575699329376 -0.0020053796470165 -0.10736462473869
0.1185439825058 0.3271963596344 -2.0786604881287 -1.383296251297 -1.3578071594238 -0.0019162110984325 -0.10899353027344
