3.6212040299688e-07 -5.3856086879023e-07 0.91483896970749
1.4769984346685e-08 -6.937152647879e-07 0.9148388504982
-3.1020412905036e-08 -7.4098772984144e-07 0.91483896970749
-1.228768837791e-07 -8.9650751533554e-07 0.91483914852142
-1.2799176829503e-07 -1.0568149946266e-06 0.91483920812607
3.2230522606369e-07 -7.4585813081285e-07 0.91483902931213
7.6616274213848e-08 -8.5122798054726e-07 0.91483908891678
3.967193151766e-07 -1.015472889776e-06 0.91483914852142
1.2955111117208e-07 -8.5996123289078e-07 0.91483908891678
4.461550133783e-07 -1.3176970696804e-06 0.91483920812607
5.3551940482066e-07 -1.4060739204069e-06 0.91483920812607
5.761385182268e-07 -9.0491471382848e-07 0.91483926773071
4.7123614876909e-07 -7.1556661396244e-07 0.91483956575394
4.0433778281113e-07 -6.276422936935e-07 0.91483974456787
3.1011939682912e-08 -9.1515829581112e-07 0.91483950614929
-2.6790362994689e-07 -1.0268512369294e-06 0.91483950614929
-4.3135159444319e-07 -8.7097669165814e-07 0.91483944654465
-1.463616285946e-07 -1.1017580163752e-06 0.91483944654465
-2.495527269275e-07 -1.1487943538668e-06 0.91483950614929
-3.1747302386975e-07 -1.6885676359379e-06 0.91483968496323
1.3685694000287e-07 -1.6314600088663e-06 0.91483974456787
-1.8346023011873e-07 -1.7931484990186e-06 0.91483986377716
1.7188207834806e-07 -1.3123427606843e-06 0.91483992338181
2.7010338499167e-07 -1.2467406804717e-06 0.91484022140503
4.2192039018119e-07 -1.0355857966715e-06 0.91484051942825
4.7994552687669e-07 -9.405329137735e-07 0.91484075784683
4.9976279115072e-07 -6.6111027763327e-07 0.91484075784683
-1.3734359072259e-07 -9.7792758424475e-07 0.91484105587006
-2.5343524612254e-07 -7.2889810098786e-07 0.9148411154747
2.6457490776011e-07 -7.2990951593965e-07 0.9148411154747
7.9327395496875e-07 -8.36657079617e-07 0.91484135389328
9.2525027639567e-07 -7.7414438237611e-07 0.91484153270721
-0.00017613514501136 -0.00086761190323159 0.91519981622696
-0.00085930852219462 -0.0039925030432642 0.91667181253433
-0.00096039788331836 -0.0068103587254882 0.91812890768051
-0.0008251434774138 -0.0098214270547032 0.93129146099091
-0.00074639287777245 -0.0094688646495342 0.97840529680252
-0.00046250660670921 -0.0081981178373098 1.0252293348312
-0.00021122152975295 -0.0068190335296094 1.071946144104
-0.00037491659168154 -0.0067725433036685 1.1186079978943
-0.00082340987864882 -0.0065641095861793 1.1643025875092
